2693 924 781 [1,1,2,2,3,3][1,1,2,2,3,3][2,3,1,3,1,2][2,3,1,3,1,2][2,3,3,1,2,1][2,3,3,1,2,1]; 2/3 Swapped Transposed = [1,1,3,3,3,3][1,1,2,2,2,2][3,3,1,1,2,2][3,3,2,2,1,1][2,2,1,1,3,3][2,2,3,3,1,1]; Matches = 2695 0 0 [1,1,2,2,3,3][1,1,3,3,2,2][2,2,1,1,3,3][2,2,2,2,1,1][3,3,1,1,2,2][3,3,3,3,1,1]
2682 918 775 [1,1,2,2,2,2][1,1,2,2,2,2][2,2,1,1,3,3][2,2,1,1,3,3][3,3,3,3,1,1][3,3,3,3,1,1]; 2/3 Swapped Transposed = [1,1,3,3,2,2][1,1,3,3,2,2][3,3,1,1,2,2][3,3,1,1,2,2][3,3,2,2,1,1][3,3,2,2,1,1]; Matches = 2692 0 0 [1,1,2,2,3,3][1,1,2,2,3,3][2,3,1,3,1,2][2,3,1,3,1,2][2,3,2,1,3,1][2,3,2,1,3,1]
2235 829 697 [0,0,2,2,2,2][1,1,1,1,1,1][1,1,1,1,1,1][1,1,2,2,3,3][2,2,0,0,2,2][2,2,1,1,3,3]; 2/3 Swapped Transposed = [0,1,1,1,3,3][0,1,1,1,3,3][3,1,1,3,0,1][3,1,1,3,0,1][3,1,1,2,3,2][3,1,1,2,3,2]; Matches = 2663 0 0 [0,1,1,1,3,3][0,1,1,1,3,3][3,1,1,2,2,3][3,1,1,2,2,3][3,1,1,3,1,0][3,1,1,3,1,0]
2236 830 698 [0,0,2,2,2,2][1,1,1,1,1,1][1,1,1,1,1,1][1,1,2,2,3,3][2,2,0,0,3,3][2,2,1,1,2,2]; 2/3 Swapped Transposed = [0,1,1,1,3,3][0,1,1,1,3,3][3,1,1,3,0,1][3,1,1,3,0,1][3,1,1,2,2,3][3,1,1,2,2,3]; Matches = 2662 0 0 [0,1,1,1,3,3][0,1,1,1,3,3][2,1,1,3,2,3][2,1,1,3,2,3][3,1,1,3,1,0][3,1,1,3,1,0]
2496 886 744 [0,0,2,2,3,3][1,1,1,1,1,1][1,1,1,1,1,1][1,1,2,2,2,2][2,2,0,0,3,3][2,2,1,1,2,2]; 2/3 Swapped Transposed = [0,1,1,1,3,3][0,1,1,1,3,3][3,1,1,3,0,1][3,1,1,3,0,1][2,1,1,3,2,3][2,1,1,3,2,3]; Matches = 2661 0 0 [0,1,1,1,3,3][0,1,1,1,3,3][2,1,1,3,2,3][2,1,1,3,2,3][3,1,1,3,0,1][3,1,1,3,0,1]
2500 890 748 [0,0,2,2,3,3][1,1,1,1,1,1][1,1,1,1,1,1][1,1,3,3,3,3][2,2,2,2,1,1][2,2,3,3,0,0]; 2/3 Swapped Transposed = [0,1,1,1,3,3][0,1,1,1,3,3][3,1,1,2,3,2][3,1,1,2,3,2][2,1,1,2,1,0][2,1,1,2,1,0]; Matches = 2659 0 0 [0,1,1,1,3,3][0,1,1,1,3,3][2,1,1,2,0,1][2,1,1,2,0,1][3,1,1,2,2,3][3,1,1,2,2,3]
2573 893 751 [0,0,3,3,3,3][1,1,1,1,1,1][1,1,1,1,1,1][1,1,2,2,3,3][2,2,2,2,0,0][2,2,3,3,1,1]; 2/3 Swapped Transposed = [0,1,1,1,3,3][0,1,1,1,3,3][2,1,1,3,3,2][2,1,1,3,3,2][2,1,1,2,0,1][2,1,1,2,0,1]; Matches = 2658 0 0 [0,1,1,1,3,3][0,1,1,1,3,3][2,1,1,2,0,1][2,1,1,2,0,1][2,1,1,3,3,2][2,1,1,3,3,2]
2095 749 633 [0,0,1,1,1,1][1,1,0,0,1,1][1,1,2,2,2,2][1,1,2,2,2,2][2,2,1,1,2,2][2,2,1,1,2,2]; 2/3 Swapped Transposed = [0,1,1,1,3,3][0,1,1,1,3,3][1,0,3,3,1,1][1,0,3,3,1,1][1,1,3,3,3,3][1,1,3,3,3,3]; Matches = 2655 0 0 [0,1,1,1,3,3][0,1,1,1,3,3][1,0,3,3,1,1][1,0,3,3,1,1][1,1,3,3,3,3][1,1,3,3,3,3]
2096 750 634 [0,0,1,1,1,1][1,1,0,0,1,1][1,1,2,2,2,2][1,1,2,2,2,2][2,2,1,1,3,3][2,2,1,1,3,3]; 2/3 Swapped Transposed = [0,1,1,1,3,3][0,1,1,1,3,3][1,0,3,3,1,1][1,0,3,3,1,1][1,1,3,3,2,2][1,1,3,3,2,2]; Matches = 2654 0 0 [0,1,1,1,3,3][0,1,1,1,3,3][1,0,3,3,1,1][1,0,3,3,1,1][1,1,2,2,3,3][1,1,2,2,3,3]
2097 751 635 [0,0,1,1,1,1][1,1,0,0,1,1][1,1,2,2,3,3][1,1,2,2,3,3][2,2,1,1,3,3][2,2,1,1,3,3]; 2/3 Swapped Transposed = [0,1,1,1,3,3][0,1,1,1,3,3][1,0,3,3,1,1][1,0,3,3,1,1][1,1,2,2,2,2][1,1,2,2,2,2]; Matches = 2653 0 0 [0,1,1,1,3,3][0,1,1,1,3,3][1,0,3,3,1,1][1,0,3,3,1,1][1,1,2,2,2,2][1,1,2,2,2,2]
2099 753 637 [0,0,1,1,1,1][1,1,0,0,1,1][1,1,2,3,2,3][1,1,2,3,2,3][2,3,1,1,3,2][2,3,1,1,3,2]; 2/3 Swapped Transposed = [0,1,1,1,3,3][0,1,1,1,2,2][1,0,3,3,1,1][1,0,2,2,1,1][1,1,3,3,2,2][1,1,2,2,3,3]; Matches = 2649 0 0 [0,1,1,1,3,3][0,1,1,1,3,3][1,0,2,2,1,1][1,0,2,2,1,1][1,1,3,3,2,2][1,1,3,3,2,2]
2104 756 640 [0,0,1,1,1,1][1,1,0,0,1,1][1,1,3,3,3,3][1,1,3,3,3,3][2,2,1,1,2,2][2,2,1,1,2,2]; 2/3 Swapped Transposed = [0,1,1,1,3,3][0,1,1,1,3,3][1,0,2,2,1,1][1,0,2,2,1,1][1,1,2,2,3,3][1,1,2,2,3,3]; Matches = 2648 0 0 [0,1,1,1,3,3][0,1,1,1,3,3][1,0,2,2,1,1][1,0,2,2,1,1][1,1,2,2,3,3][1,1,2,2,3,3]
2625 904 761 [0,1,1,1,3,3][0,1,1,1,3,3][0,1,2,2,1,1][0,1,2,2,1,1][1,1,0,0,1,1][1,1,1,1,0,0]; 2/3 Swapped Transposed = [0,0,0,0,1,1][1,1,1,1,1,1][1,1,3,3,0,1][1,1,3,3,0,1][2,2,1,1,1,0][2,2,1,1,1,0]; Matches = 2645 0 0 [0,1,1,1,3,3][0,1,1,1,3,3][1,0,2,2,1,1][1,0,2,2,1,1][1,1,0,0,0,0][1,1,1,1,1,1]
2091 746 630 [0,0,1,1,1,1][1,1,0,0,1,1][1,1,1,1,1,1][1,1,1,1,1,1][2,2,2,2,1,1][2,2,2,2,1,1]; 2/3 Swapped Transposed = [0,1,1,1,3,3][0,1,1,1,3,3][1,0,1,1,3,3][1,0,1,1,3,3][1,1,1,1,1,1][1,1,1,1,1,1]; Matches = 2644 0 0 [0,1,1,1,3,3][0,1,1,1,3,3][1,0,1,1,3,3][1,0,1,1,3,3][1,1,1,1,1,1][1,1,1,1,1,1]
1274 569 478 [0,0,0,0,1,1][1,1,1,1,1,1][1,1,2,2,2,2][1,1,2,2,2,2][2,2,1,1,2,2][2,2,1,1,2,2]; 2/3 Swapped Transposed = [0,1,1,1,3,3][0,1,1,1,3,3][0,1,3,3,1,1][0,1,3,3,1,1][1,1,3,3,3,3][1,1,3,3,3,3]; Matches = 2634 0 0 [0,1,1,1,3,3][0,1,1,1,3,3][0,1,3,3,1,1][0,1,3,3,1,1][1,1,3,3,3,3][1,1,3,3,3,3]
1275 570 479 [0,0,0,0,1,1][1,1,1,1,1,1][1,1,2,2,2,2][1,1,2,2,2,2][2,2,1,1,3,3][2,2,1,1,3,3]; 2/3 Swapped Transposed = [0,1,1,1,3,3][0,1,1,1,3,3][0,1,3,3,1,1][0,1,3,3,1,1][1,1,3,3,2,2][1,1,3,3,2,2]; Matches = 2633 0 0 [0,1,1,1,3,3][0,1,1,1,3,3][0,1,3,3,1,1][0,1,3,3,1,1][1,1,2,2,3,3][1,1,2,2,3,3]
1276 571 480 [0,0,0,0,1,1][1,1,1,1,1,1][1,1,2,2,3,3][1,1,2,2,3,3][2,2,1,1,3,3][2,2,1,1,3,3]; 2/3 Swapped Transposed = [0,1,1,1,3,3][0,1,1,1,3,3][0,1,3,3,1,1][0,1,3,3,1,1][1,1,2,2,2,2][1,1,2,2,2,2]; Matches = 2632 0 0 [0,1,1,1,3,3][0,1,1,1,3,3][0,1,3,3,1,1][0,1,3,3,1,1][1,1,2,2,2,2][1,1,2,2,2,2]
1278 573 482 [0,0,0,0,1,1][1,1,1,1,1,1][1,1,2,3,2,3][1,1,2,3,2,3][2,3,1,1,3,2][2,3,1,1,3,2]; 2/3 Swapped Transposed = [0,1,1,1,3,3][0,1,1,1,2,2][0,1,3,3,1,1][0,1,2,2,1,1][1,1,3,3,2,2][1,1,2,2,3,3]; Matches = 2628 0 0 [0,1,1,1,3,3][0,1,1,1,3,3][0,1,2,2,1,1][0,1,2,2,1,1][1,1,3,3,2,2][1,1,3,3,2,2]
1283 576 485 [0,0,0,0,1,1][1,1,1,1,1,1][1,1,3,3,3,3][1,1,3,3,3,3][2,2,1,1,2,2][2,2,1,1,2,2]; 2/3 Swapped Transposed = [0,1,1,1,3,3][0,1,1,1,3,3][0,1,2,2,1,1][0,1,2,2,1,1][1,1,2,2,3,3][1,1,2,2,3,3]; Matches = 2627 0 0 [0,1,1,1,3,3][0,1,1,1,3,3][0,1,2,2,1,1][0,1,2,2,1,1][1,1,2,2,3,3][1,1,2,2,3,3]
1271 567 476 [0,0,0,0,1,1][1,1,1,1,1,1][1,1,1,1,1,1][1,1,1,1,1,1][2,2,2,2,1,1][2,2,2,2,1,1]; 2/3 Swapped Transposed = [0,1,1,1,3,3][0,1,1,1,3,3][0,1,1,1,3,3][0,1,1,1,3,3][1,1,1,1,1,1][1,1,1,1,1,1]; Matches = 2623 0 0 [0,1,1,1,3,3][0,1,1,1,3,3][0,1,1,1,3,3][0,1,1,1,3,3][1,1,1,1,1,1][1,1,1,1,1,1]
2310 839 706 [0,0,2,2,3,3][0,0,2,2,3,3][1,1,0,0,0,0][1,1,1,1,1,1][1,1,1,1,1,1][1,1,1,1,1,1]; 2/3 Swapped Transposed = [0,0,1,1,1,1][0,0,1,1,1,1][3,3,0,1,1,1][3,3,0,1,1,1][2,2,0,1,1,1][2,2,0,1,1,1]; Matches = 2582 0 0 [0,1,1,1,2,2][0,1,1,1,2,2][0,1,1,1,3,3][0,1,1,1,3,3][1,1,1,1,0,0][1,1,1,1,0,0]
2002 723 610 [0,0,1,1,1,1][0,0,1,1,1,1][2,2,1,1,2,2][2,2,1,1,2,2][2,2,1,1,2,2][2,2,1,1,2,2]; 2/3 Swapped Transposed = [0,0,3,3,3,3][0,0,3,3,3,3][1,1,1,1,1,1][1,1,1,1,1,1][1,1,3,3,3,3][1,1,3,3,3,3]; Matches = 2546 0 0 [0,0,3,3,3,3][0,0,3,3,3,3][1,1,1,1,1,1][1,1,1,1,1,1][1,1,3,3,3,3][1,1,3,3,3,3]
2003 724 611 [0,0,1,1,1,1][0,0,1,1,1,1][2,2,1,1,2,2][2,2,1,1,2,2][2,2,1,1,3,3][2,2,1,1,3,3]; 2/3 Swapped Transposed = [0,0,3,3,3,3][0,0,3,3,3,3][1,1,1,1,1,1][1,1,1,1,1,1][1,1,3,3,2,2][1,1,3,3,2,2]; Matches = 2545 0 0 [0,0,3,3,3,3][0,0,3,3,3,3][1,1,1,1,1,1][1,1,1,1,1,1][1,1,2,2,3,3][1,1,2,2,3,3]
2012 732 619 [0,0,1,1,1,1][0,0,1,1,1,1][2,2,1,1,3,3][2,2,1,1,3,3][2,2,1,1,3,3][2,2,1,1,3,3]; 2/3 Swapped Transposed = [0,0,3,3,3,3][0,0,3,3,3,3][1,1,1,1,1,1][1,1,1,1,1,1][1,1,2,2,2,2][1,1,2,2,2,2]; Matches = 2544 0 0 [0,0,3,3,3,3][0,0,3,3,3,3][1,1,1,1,1,1][1,1,1,1,1,1][1,1,2,2,2,2][1,1,2,2,2,2]
1053 469 393 [0,0,0,0,1,1][0,0,1,1,0,0][2,2,1,1,2,2][2,2,1,1,2,2][2,2,2,2,1,1][2,2,2,2,1,1]; 2/3 Swapped Transposed = [0,0,3,3,3,3][0,0,3,3,3,3][0,1,1,1,3,3][0,1,1,1,3,3][1,0,3,3,1,1][1,0,3,3,1,1]; Matches = 2531 0 0 [0,0,3,3,3,3][0,0,3,3,3,3][0,1,1,1,3,3][0,1,1,1,3,3][1,0,3,3,1,1][1,0,3,3,1,1]
390 210 191 [0,0,0,0,0,0][0,0,1,1,1,1][2,2,1,1,2,2][2,2,1,1,2,2][2,2,2,2,1,1][2,2,2,2,1,1]; 2/3 Swapped Transposed = [0,0,3,3,3,3][0,0,3,3,3,3][0,1,1,1,3,3][0,1,1,1,3,3][0,1,3,3,1,1][0,1,3,3,1,1]; Matches = 2529 0 0 [0,0,3,3,3,3][0,0,3,3,3,3][0,1,1,1,3,3][0,1,1,1,3,3][0,1,3,3,1,1][0,1,3,3,1,1]
1057 473 397 [0,0,0,0,1,1][0,0,1,1,0,0][2,2,1,1,3,3][2,2,1,1,3,3][2,2,3,3,1,1][2,2,3,3,1,1]; 2/3 Swapped Transposed = [0,0,3,3,3,3][0,0,3,3,3,3][0,1,1,1,2,2][0,1,1,1,2,2][1,0,2,2,1,1][1,0,2,2,1,1]; Matches = 2525 0 0 [0,0,3,3,3,3][0,0,3,3,3,3][0,1,1,1,2,2][0,1,1,1,2,2][1,0,2,2,1,1][1,0,2,2,1,1]
394 214 195 [0,0,0,0,0,0][0,0,1,1,1,1][2,2,1,1,3,3][2,2,1,1,3,3][2,2,3,3,1,1][2,2,3,3,1,1]; 2/3 Swapped Transposed = [0,0,3,3,3,3][0,0,3,3,3,3][0,1,1,1,2,2][0,1,1,1,2,2][0,1,2,2,1,1][0,1,2,2,1,1]; Matches = 2524 0 0 [0,0,3,3,3,3][0,0,3,3,3,3][0,1,1,1,2,2][0,1,1,1,2,2][0,1,2,2,1,1][0,1,2,2,1,1]
883 426 364 [0,0,0,0,1,1][0,0,0,0,1,1][2,2,2,2,1,1][2,2,2,2,1,1][2,2,2,2,1,1][2,2,2,2,1,1]; 2/3 Swapped Transposed = [0,0,3,3,3,3][0,0,3,3,3,3][0,0,3,3,3,3][0,0,3,3,3,3][1,1,1,1,1,1][1,1,1,1,1,1]; Matches = 2505 0 0 [0,0,3,3,3,3][0,0,3,3,3,3][0,0,3,3,3,3][0,0,3,3,3,3][1,1,1,1,1,1][1,1,1,1,1,1]
2007 728 615 [0,0,1,1,1,1][0,0,1,1,1,1][2,2,1,1,2,2][2,2,1,1,3,3][2,3,1,1,2,3][2,3,1,1,3,2]; 2/3 Swapped Transposed = [0,0,3,3,3,3][0,0,3,3,2,2][1,1,1,1,1,1][1,1,1,1,1,1][1,1,3,2,3,2][1,1,3,2,2,3]; Matches = 2495 0 0 [0,0,2,2,3,3][0,0,3,3,3,3][1,1,1,1,1,1][1,1,1,1,1,1][1,1,2,3,2,3][1,1,3,2,2,3]
2004 725 612 [0,0,1,1,1,1][0,0,1,1,1,1][2,2,1,1,2,2][2,2,1,1,2,2][2,3,1,1,2,3][2,3,1,1,2,3]; 2/3 Swapped Transposed = [0,0,3,3,3,3][0,0,3,3,2,2][1,1,1,1,1,1][1,1,1,1,1,1][1,1,3,3,3,3][1,1,3,3,2,2]; Matches = 2494 0 0 [0,0,2,2,3,3][0,0,3,3,3,3][1,1,1,1,1,1][1,1,1,1,1,1][1,1,2,2,3,3][1,1,3,3,3,3]
2013 733 620 [0,0,1,1,1,1][0,0,1,1,1,1][2,2,1,1,3,3][2,2,1,1,3,3][2,3,1,1,2,3][2,3,1,1,2,3]; 2/3 Swapped Transposed = [0,0,3,3,3,3][0,0,3,3,2,2][1,1,1,1,1,1][1,1,1,1,1,1][1,1,2,2,3,3][1,1,2,2,2,2]; Matches = 2493 0 0 [0,0,2,2,3,3][0,0,3,3,3,3][1,1,1,1,1,1][1,1,1,1,1,1][1,1,2,2,2,2][1,1,3,3,2,2]
2394 865 730 [0,0,2,2,3,3][0,0,2,2,3,3][2,3,1,3,1,2][2,3,1,3,1,2][3,2,2,1,3,1][3,2,2,1,3,1]; 2/3 Swapped Transposed = [0,0,3,3,2,2][0,0,2,2,3,3][3,3,1,1,3,3][3,3,2,2,1,1][2,2,1,1,2,2][2,2,3,3,1,1]; Matches = 2464 0 0 [0,0,2,2,3,3][0,0,3,3,2,2][2,2,1,1,3,3][2,2,2,2,1,1][3,3,1,1,2,2][3,3,3,3,1,1]
2386 861 726 [0,0,2,2,3,3][0,0,2,2,3,3][2,3,0,3,0,2][2,3,0,3,0,2][2,3,3,0,2,0][2,3,3,0,2,0]; 2/3 Swapped Transposed = [0,0,3,3,3,3][0,0,2,2,2,2][3,3,0,0,2,2][3,3,2,2,0,0][2,2,0,0,3,3][2,2,3,3,0,0]; Matches = 2459 0 0 [0,0,2,2,3,3][0,0,3,3,2,2][2,2,0,0,3,3][2,2,2,2,0,0][3,3,0,0,2,2][3,3,3,3,0,0]
2245 831 699 [0,0,2,2,3,3][0,0,2,2,3,3][0,0,2,3,2,3][0,0,2,3,2,3][1,1,1,0,0,1][1,1,1,0,0,1]; 2/3 Swapped Transposed = [0,0,0,0,1,1][0,0,0,0,1,1][3,3,3,3,1,1][3,3,2,2,0,0][2,2,3,3,0,0][2,2,2,2,1,1]; Matches = 2444 0 0 [0,0,2,2,3,3][0,0,3,3,2,2][1,1,0,0,0,0][1,1,0,0,0,0][1,1,2,2,2,2][1,1,3,3,3,3]
719 355 296 [0,0,0,0,1,1][0,0,0,0,1,1][0,0,2,3,2,3][1,1,3,2,2,3][2,3,2,3,0,0][2,3,3,2,1,1]; 2/3 Swapped Transposed = [0,0,0,1,3,3][0,0,0,1,2,2][0,0,3,2,3,2][0,0,2,3,2,3][1,1,3,3,0,1][1,1,2,2,0,1]; Matches = 2441 0 0 [0,0,2,2,3,3][0,0,3,3,2,2][0,1,0,0,2,2][0,1,0,0,3,3][1,0,2,2,1,1][1,0,3,3,1,1]
419 234 215 [0,0,0,0,0,0][0,0,2,2,3,3][0,0,2,2,3,3][1,1,0,1,0,1][2,3,3,1,2,1][2,3,3,1,2,1]; 2/3 Swapped Transposed = [0,0,0,1,3,3][0,0,0,1,2,2][0,3,3,0,2,2][0,3,3,1,1,1][0,2,2,0,3,3][0,2,2,1,1,1]; Matches = 2439 0 0 [0,0,2,2,3,3][0,0,3,3,2,2][0,1,0,0,2,2][0,1,0,0,3,3][0,1,2,2,1,1][0,1,3,3,1,1]
2010 730 617 [0,0,1,1,1,1][0,0,1,1,1,1][2,2,1,1,2,2][2,3,1,1,2,3][3,2,1,1,2,3][3,3,1,1,2,2]; 2/3 Swapped Transposed = [0,0,3,3,2,2][0,0,3,2,3,2][1,1,1,1,1,1][1,1,1,1,1,1][1,1,3,3,3,3][1,1,3,2,2,3]; Matches = 2436 0 0 [0,0,2,2,3,3][0,0,2,3,2,3][1,1,1,1,1,1][1,1,1,1,1,1][1,1,3,2,2,3][1,1,3,3,3,3]
886 429 367 [0,0,0,0,1,1][0,0,0,0,1,1][2,2,2,2,1,1][2,2,3,3,1,1][2,3,2,3,1,1][2,3,3,2,1,1]; 2/3 Swapped Transposed = [0,0,3,3,3,3][0,0,3,3,2,2][0,0,3,2,3,2][0,0,3,2,2,3][1,1,1,1,1,1][1,1,1,1,1,1]; Matches = 2405 0 0 [0,0,2,2,3,3][0,0,2,3,2,3][0,0,3,2,2,3][0,0,3,3,3,3][1,1,1,1,1,1][1,1,1,1,1,1]
2233 827 695 [0,0,2,2,2,2][0,0,3,3,3,3][2,2,1,1,3,3][2,2,2,2,1,1][3,3,1,1,2,2][3,3,3,3,1,1]; 2/3 Swapped Transposed = [0,0,3,3,2,2][0,0,3,3,2,2][3,2,1,3,1,2][3,2,1,3,1,2][3,2,2,1,3,1][3,2,2,1,3,1]; Matches = 2392 0 0 [0,0,2,2,3,3][0,0,2,2,3,3][2,3,1,3,1,2][2,3,1,3,1,2][2,3,2,1,3,1][2,3,2,1,3,1]
2167 786 665 [0,0,2,2,2,2][0,0,2,2,2,2][2,2,0,0,3,3][2,2,0,0,3,3][3,3,3,3,0,0][3,3,3,3,0,0]; 2/3 Swapped Transposed = [0,0,3,3,2,2][0,0,3,3,2,2][3,3,0,0,2,2][3,3,0,0,2,2][3,3,2,2,0,0][3,3,2,2,0,0]; Matches = 2384 0 0 [0,0,2,2,3,3][0,0,2,2,3,3][2,3,0,3,0,2][2,3,0,3,0,2][2,3,2,0,3,0][2,3,2,0,3,0]
2168 787 666 [0,0,2,2,2,2][0,0,2,2,2,2][2,2,0,0,3,3][2,2,0,0,3,3][3,3,3,3,1,1][3,3,3,3,1,1]; 2/3 Swapped Transposed = [0,0,3,3,2,2][0,0,3,3,2,2][3,3,0,0,2,2][3,3,0,0,2,2][3,3,2,2,1,1][3,3,2,2,1,1]; Matches = 2366 0 0 [0,0,2,2,3,3][0,0,2,2,3,3][2,2,1,1,3,3][2,2,1,1,3,3][3,3,2,2,0,0][3,3,2,2,0,0]
1993 715 602 [0,0,1,1,1,1][0,0,1,1,1,1][2,2,0,0,2,2][2,2,2,2,0,0][3,3,1,1,2,2][3,3,2,2,1,1]; 2/3 Swapped Transposed = [0,0,3,3,2,2][0,0,3,3,2,2][1,1,0,3,1,3][1,1,0,3,1,3][1,1,3,0,3,1][1,1,3,0,3,1]; Matches = 2345 0 0 [0,0,2,2,3,3][0,0,2,2,3,3][1,1,1,3,0,3][1,1,1,3,0,3][1,1,3,1,3,0][1,1,3,1,3,0]
1998 720 607 [0,0,1,1,1,1][0,0,1,1,1,1][2,2,0,0,3,3][2,2,3,3,0,0][3,3,1,1,3,3][3,3,3,3,1,1]; 2/3 Swapped Transposed = [0,0,3,3,2,2][0,0,3,3,2,2][1,1,0,2,1,2][1,1,0,2,1,2][1,1,2,0,2,1][1,1,2,0,2,1]; Matches = 2343 0 0 [0,0,2,2,3,3][0,0,2,2,3,3][1,1,1,2,0,2][1,1,1,2,0,2][1,1,2,1,2,0][1,1,2,1,2,0]
2005 726 613 [0,0,1,1,1,1][0,0,1,1,1,1][2,2,1,1,2,2][2,2,1,1,2,2][3,3,1,1,2,2][3,3,1,1,2,2]; 2/3 Swapped Transposed = [0,0,3,3,2,2][0,0,3,3,2,2][1,1,1,1,1,1][1,1,1,1,1,1][1,1,3,3,3,3][1,1,3,3,3,3]; Matches = 2342 0 0 [0,0,2,2,3,3][0,0,2,2,3,3][1,1,1,1,1,1][1,1,1,1,1,1][1,1,3,3,3,3][1,1,3,3,3,3]
1994 716 603 [0,0,1,1,1,1][0,0,1,1,1,1][2,2,0,0,2,2][2,2,2,2,1,1][3,3,1,1,2,2][3,3,2,2,0,0]; 2/3 Swapped Transposed = [0,0,3,3,2,2][0,0,3,3,2,2][1,1,0,3,1,3][1,1,0,3,1,3][1,1,3,1,3,0][1,1,3,1,3,0]; Matches = 2332 0 0 [0,0,2,2,3,3][0,0,2,2,3,3][1,1,0,3,1,3][1,1,0,3,1,3][1,1,3,1,3,0][1,1,3,1,3,0]
2221 817 0 [0,0,2,2,2,2][0,0,3,3,3,3][1,1,0,0,1,1][1,1,0,0,1,1][1,1,2,2,2,2][1,1,3,3,3,3]; 2/3 Swapped Transposed = [0,0,1,1,1,1][0,0,1,1,1,1][3,2,0,0,3,2][3,2,0,0,3,2][3,2,1,1,3,2][3,2,1,1,3,2]; Matches = 2318 0 0 [0,0,2,2,3,3][0,0,2,2,3,3][1,1,0,1,0,1][1,1,0,1,0,1][1,1,2,2,3,3][1,1,2,2,3,3]
2116 764 648 [0,0,2,2,2,2][0,0,2,2,2,2][0,0,3,3,3,3][0,0,3,3,3,3][1,1,0,0,1,1][1,1,0,0,1,1]; 2/3 Swapped Transposed = [0,0,0,0,1,1][0,0,0,0,1,1][3,3,2,2,0,0][3,3,2,2,0,0][3,3,2,2,1,1][3,3,2,2,1,1]; Matches = 2306 0 0 [0,0,2,2,3,3][0,0,2,2,3,3][1,1,0,0,0,0][1,1,0,0,0,0][1,1,2,2,3,3][1,1,2,2,3,3]
1054 470 394 [0,0,0,0,1,1][0,0,1,1,0,0][2,2,1,1,2,2][2,2,1,1,2,2][3,3,2,2,1,1][3,3,2,2,1,1]; 2/3 Swapped Transposed = [0,0,3,3,2,2][0,0,3,3,2,2][0,1,1,1,3,3][0,1,1,1,3,3][1,0,3,3,1,1][1,0,3,3,1,1]; Matches = 2294 0 0 [0,0,2,2,3,3][0,0,2,2,3,3][0,1,1,1,3,3][0,1,1,1,3,3][1,0,3,3,1,1][1,0,3,3,1,1]
391 211 192 [0,0,0,0,0,0][0,0,1,1,1,1][2,2,1,1,2,2][2,2,1,1,2,2][3,3,2,2,1,1][3,3,2,2,1,1]; 2/3 Swapped Transposed = [0,0,3,3,2,2][0,0,3,3,2,2][0,1,1,1,3,3][0,1,1,1,3,3][0,1,3,3,1,1][0,1,3,3,1,1]; Matches = 2290 0 0 [0,0,2,2,3,3][0,0,2,2,3,3][0,1,1,1,3,3][0,1,1,1,3,3][0,1,3,3,1,1][0,1,3,3,1,1]
1222 546 460 [0,0,0,0,1,1][0,0,3,3,3,3][0,0,3,3,3,3][1,1,0,0,0,0][2,2,2,2,0,0][2,2,2,2,0,0]; 2/3 Swapped Transposed = [0,0,0,1,3,3][0,0,0,1,3,3][0,2,2,0,3,3][0,2,2,0,3,3][1,2,2,0,0,0][1,2,2,0,0,0]; Matches = 2271 0 0 [0,0,2,2,3,3][0,0,2,2,3,3][0,1,0,0,3,3][0,1,0,0,3,3][1,0,2,2,0,0][1,0,2,2,0,0]
425 235 216 [0,0,0,0,0,0][0,0,3,3,3,3][0,0,3,3,3,3][1,1,0,0,1,1][2,2,2,2,0,0][2,2,2,2,0,0]; 2/3 Swapped Transposed = [0,0,0,1,3,3][0,0,0,1,3,3][0,2,2,0,3,3][0,2,2,0,3,3][0,2,2,1,0,0][0,2,2,1,0,0]; Matches = 2267 0 0 [0,0,2,2,3,3][0,0,2,2,3,3][0,1,0,0,3,3][0,1,0,0,3,3][0,1,2,2,0,0][0,1,2,2,0,0]
884 427 365 [0,0,0,0,1,1][0,0,0,0,1,1][2,2,2,2,1,1][2,2,2,2,1,1][2,2,3,3,1,1][2,2,3,3,1,1]; 2/3 Swapped Transposed = [0,0,3,3,3,3][0,0,3,3,3,3][0,0,3,3,2,2][0,0,3,3,2,2][1,1,1,1,1,1][1,1,1,1,1,1]; Matches = 2256 0 0 [0,0,2,2,3,3][0,0,2,2,3,3][0,0,3,3,3,3][0,0,3,3,3,3][1,1,1,1,1,1][1,1,1,1,1,1]
2220 816 686 [0,0,2,2,2,2][0,0,3,3,3,3][1,1,0,0,0,0][1,1,0,0,0,0][1,1,2,2,3,3][1,1,3,3,2,2]; 2/3 Swapped Transposed = [0,0,1,1,1,1][0,0,1,1,1,1][3,2,0,0,3,2][3,2,0,0,3,2][3,2,0,0,2,3][3,2,0,0,2,3]; Matches = 2244 0 0 [0,0,2,2,3,3][0,0,2,2,3,3][0,0,2,3,2,3][0,0,2,3,2,3][1,1,0,1,1,0][1,1,0,1,1,0]
2185 802 681 [0,0,2,2,2,2][0,0,2,2,3,3][0,0,3,3,2,2][0,0,3,3,3,3][1,1,0,0,0,0][1,1,0,0,0,0]; 2/3 Swapped Transposed = [0,0,0,0,1,1][0,0,0,0,1,1][3,3,2,2,0,0][3,3,2,2,0,0][3,2,3,2,0,0][3,2,3,2,0,0]; Matches = 2242 0 0 [0,0,2,2,3,3][0,0,2,2,3,3][0,0,2,3,2,3][0,0,2,3,2,3][1,1,0,0,0,0][1,1,0,0,0,0]
2219 815 685 [0,0,2,2,2,2][0,0,3,3,3,3][1,1,0,0,0,0][1,1,0,0,0,0][1,1,2,2,2,2][1,1,3,3,3,3]; 2/3 Swapped Transposed = [0,0,1,1,1,1][0,0,1,1,1,1][3,2,0,0,3,2][3,2,0,0,3,2][3,2,0,0,3,2][3,2,0,0,3,2]; Matches = 2239 0 0 [0,0,2,2,3,3][0,0,2,2,3,3][0,0,2,2,3,3][0,0,2,2,3,3][1,1,0,1,0,1][1,1,0,1,0,1]
2115 763 647 [0,0,2,2,2,2][0,0,2,2,2,2][0,0,3,3,3,3][0,0,3,3,3,3][1,1,0,0,0,0][1,1,0,0,0,0]; 2/3 Swapped Transposed = [0,0,0,0,1,1][0,0,0,0,1,1][3,3,2,2,0,0][3,3,2,2,0,0][3,3,2,2,0,0][3,3,2,2,0,0]; Matches = 2237 0 0 [0,0,2,2,3,3][0,0,2,2,3,3][0,0,2,2,3,3][0,0,2,2,3,3][1,1,0,0,0,0][1,1,0,0,0,0]
1202 537 451 [0,0,0,0,1,1][0,0,2,3,2,3][0,0,2,3,2,3][1,1,0,0,0,0][2,3,2,3,1,1][2,3,2,3,1,1]; 2/3 Swapped Transposed = [0,0,0,1,3,3][0,0,0,1,2,2][0,3,3,0,3,3][0,2,2,0,2,2][1,3,3,0,1,1][1,2,2,0,1,1]; Matches = 2216 0 0 [0,0,2,2,2,2][0,0,3,3,3,3][0,1,0,0,2,2][0,1,0,0,3,3][1,0,2,2,1,1][1,0,3,3,1,1]
1201 536 450 [0,0,0,0,1,1][0,0,2,3,2,3][0,0,2,3,2,3][1,1,0,0,0,0][2,3,2,3,0,0][2,3,2,3,0,0]; 2/3 Swapped Transposed = [0,0,0,1,3,3][0,0,0,1,2,2][0,3,3,0,3,3][0,2,2,0,2,2][1,3,3,0,0,0][1,2,2,0,0,0]; Matches = 2215 0 0 [0,0,2,2,2,2][0,0,3,3,3,3][0,1,0,0,2,2][0,1,0,0,3,3][1,0,2,2,0,0][1,0,3,3,0,0]
417 232 213 [0,0,0,0,0,0][0,0,2,2,3,3][0,0,2,2,3,3][1,1,0,1,0,1][2,3,2,1,3,1][2,3,2,1,3,1]; 2/3 Swapped Transposed = [0,0,0,1,3,3][0,0,0,1,2,2][0,3,3,0,3,3][0,3,3,1,1,1][0,2,2,0,2,2][0,2,2,1,1,1]; Matches = 2214 0 0 [0,0,2,2,2,2][0,0,3,3,3,3][0,1,0,0,2,2][0,1,0,0,3,3][0,1,2,2,1,1][0,1,3,3,1,1]
416 231 212 [0,0,0,0,0,0][0,0,2,2,3,3][0,0,2,2,3,3][1,1,0,1,0,1][2,3,2,0,3,0][2,3,2,0,3,0]; 2/3 Swapped Transposed = [0,0,0,1,3,3][0,0,0,1,2,2][0,3,3,0,3,3][0,3,3,1,0,0][0,2,2,0,2,2][0,2,2,1,0,0]; Matches = 2213 0 0 [0,0,2,2,2,2][0,0,3,3,3,3][0,1,0,0,2,2][0,1,0,0,3,3][0,1,2,2,0,0][0,1,3,3,0,0]
1556 670 560 [0,0,0,1,2,2][0,1,1,1,3,3][1,1,1,1,1,1][1,1,1,1,1,1][1,2,2,1,2,2][1,2,2,1,3,3]; 2/3 Swapped Transposed = [0,0,1,1,1,1][0,1,1,1,3,3][0,1,1,1,3,3][1,1,1,1,1,1][3,2,1,1,3,2][3,2,1,1,3,2]; Matches = 2090 0 0 [0,0,1,1,1,1][0,1,1,1,3,3][0,1,1,1,3,3][1,1,1,1,1,1][3,2,1,1,2,3][3,2,1,1,2,3]
1554 668 558 [0,0,0,1,2,2][0,1,1,1,3,3][1,1,1,1,0,0][1,1,1,1,0,0][1,2,2,1,2,2][1,2,2,1,3,3]; 2/3 Swapped Transposed = [0,0,1,1,1,1][0,1,1,1,3,3][0,1,1,1,3,3][1,1,1,1,1,1][3,2,0,0,3,2][3,2,0,0,3,2]; Matches = 2089 0 0 [0,0,1,1,1,1][0,1,1,1,3,3][0,1,1,1,3,3][1,1,1,1,1,1][3,2,0,0,2,3][3,2,0,0,2,3]
1512 653 547 [0,0,0,1,2,2][0,0,1,0,2,2][1,1,1,1,1,1][1,1,1,1,1,1][1,1,2,2,0,1][1,1,2,2,1,0]; 2/3 Swapped Transposed = [0,0,1,1,1,1][0,0,1,1,1,1][0,1,1,1,3,3][1,0,1,1,3,3][3,3,1,1,0,1][3,3,1,1,1,0]; Matches = 2086 0 0 [0,0,1,1,1,1][0,1,1,1,3,3][0,1,1,1,3,3][1,1,1,1,0,0][3,3,1,1,0,1][3,3,1,1,0,1]
1797 683 573 [0,0,0,1,3,3][0,1,1,1,3,3][1,1,1,1,1,1][1,1,1,1,1,1][1,2,2,0,0,0][1,2,2,0,1,1]; 2/3 Swapped Transposed = [0,0,1,1,1,1][0,1,1,1,3,3][0,1,1,1,3,3][1,1,1,1,0,0][2,2,1,1,0,1][2,2,1,1,0,1]; Matches = 2085 0 0 [0,0,1,1,1,1][0,1,1,1,3,3][0,1,1,1,3,3][1,1,1,1,0,0][2,2,1,1,0,1][2,2,1,1,0,1]
1543 662 552 [0,0,0,1,2,2][0,0,1,1,1,1][0,0,1,1,1,1][1,1,0,1,2,2][3,3,1,0,0,0][3,3,1,0,1,1]; 2/3 Swapped Transposed = [0,0,0,1,2,2][0,0,0,1,2,2][0,1,1,0,1,1][1,1,1,1,0,0][3,1,1,3,0,1][3,1,1,3,0,1]; Matches = 2084 0 0 [0,0,1,1,1,1][0,1,1,1,3,3][0,1,1,1,3,3][1,1,1,1,0,0][2,2,0,0,0,1][2,2,0,0,0,1]
1557 671 561 [0,0,0,1,2,2][0,1,1,1,3,3][1,1,1,1,1,1][1,1,1,1,1,1][1,3,3,1,2,2][1,3,3,1,3,3]; 2/3 Swapped Transposed = [0,0,1,1,1,1][0,1,1,1,2,2][0,1,1,1,2,2][1,1,1,1,1,1][3,2,1,1,3,2][3,2,1,1,3,2]; Matches = 2083 0 0 [0,0,1,1,1,1][0,1,1,1,2,2][0,1,1,1,2,2][1,1,1,1,1,1][3,2,1,1,2,3][3,2,1,1,2,3]
1555 669 559 [0,0,0,1,2,2][0,1,1,1,3,3][1,1,1,1,0,0][1,1,1,1,0,0][1,3,3,1,2,2][1,3,3,1,3,3]; 2/3 Swapped Transposed = [0,0,1,1,1,1][0,1,1,1,2,2][0,1,1,1,2,2][1,1,1,1,1,1][3,2,0,0,3,2][3,2,0,0,3,2]; Matches = 2082 0 0 [0,0,1,1,1,1][0,1,1,1,2,2][0,1,1,1,2,2][1,1,1,1,1,1][3,2,0,0,2,3][3,2,0,0,2,3]
1250 555 0 [0,0,0,0,1,1][0,1,1,1,0,1][1,0,1,1,0,1][1,1,1,1,1,1][1,1,2,2,1,0][1,1,2,2,1,0]; 2/3 Swapped Transposed = [0,0,1,1,1,1][0,1,0,1,1,1][0,1,1,1,3,3][0,1,1,1,3,3][1,0,0,1,1,1][1,1,1,1,0,0]; Matches = 2075 0 0 [0,0,1,1,1,1][0,1,0,1,1,1][0,1,1,1,3,3][0,1,1,1,3,3][1,0,0,1,1,1][1,1,1,1,0,0]
1550 664 554 [0,0,0,1,2,2][0,1,1,1,2,2][1,0,1,1,2,2][1,1,0,1,2,2][1,1,1,1,1,1][1,1,1,1,1,1]; 2/3 Swapped Transposed = [0,0,1,1,1,1][0,1,0,1,1,1][0,1,1,0,1,1][1,1,1,1,1,1][3,3,3,3,1,1][3,3,3,3,1,1]; Matches = 2070 0 0 [0,0,1,1,1,1][0,1,0,1,1,1][0,1,1,0,1,1][1,1,1,1,1,1][3,3,3,3,1,1][3,3,3,3,1,1]
1549 663 553 [0,0,0,1,2,2][0,1,1,1,2,2][1,0,1,1,2,2][1,1,0,1,2,2][1,1,1,1,0,0][1,1,1,1,0,0]; 2/3 Swapped Transposed = [0,0,1,1,1,1][0,1,0,1,1,1][0,1,1,0,1,1][1,1,1,1,1,1][3,3,3,3,0,0][3,3,3,3,0,0]; Matches = 2069 0 0 [0,0,1,1,1,1][0,1,0,1,1,1][0,1,1,0,1,1][1,1,1,1,1,1][3,3,3,3,0,0][3,3,3,3,0,0]
1552 666 556 [0,0,0,1,2,2][0,1,1,1,2,2][1,0,1,1,3,3][1,1,0,1,3,3][1,1,1,1,1,1][1,1,1,1,1,1]; 2/3 Swapped Transposed = [0,0,1,1,1,1][0,1,0,1,1,1][0,1,1,0,1,1][1,1,1,1,1,1][3,3,2,2,1,1][3,3,2,2,1,1]; Matches = 2068 0 0 [0,0,1,1,1,1][0,1,0,1,1,1][0,1,1,0,1,1][1,1,1,1,1,1][3,2,2,3,1,1][3,2,2,3,1,1]
1551 665 555 [0,0,0,1,2,2][0,1,1,1,2,2][1,0,1,1,3,3][1,1,0,1,3,3][1,1,1,1,0,0][1,1,1,1,0,0]; 2/3 Swapped Transposed = [0,0,1,1,1,1][0,1,0,1,1,1][0,1,1,0,1,1][1,1,1,1,1,1][3,3,2,2,0,0][3,3,2,2,0,0]; Matches = 2067 0 0 [0,0,1,1,1,1][0,1,0,1,1,1][0,1,1,0,1,1][1,1,1,1,1,1][3,2,2,3,0,0][3,2,2,3,0,0]
1448 632 530 [0,0,0,1,2,2][0,0,0,1,2,2][1,2,2,0,1,1][1,2,2,0,1,1][1,2,2,1,2,2][1,2,2,1,2,2]; 2/3 Swapped Transposed = [0,0,1,1,1,1][0,0,3,3,3,3][0,0,3,3,3,3][1,1,0,0,1,1][3,3,1,1,3,3][3,3,1,1,3,3]; Matches = 2062 0 0 [0,0,1,1,1,1][0,0,3,3,3,3][0,0,3,3,3,3][1,1,0,0,1,1][3,3,1,1,3,3][3,3,1,1,3,3]
1437 621 519 [0,0,0,1,2,2][0,0,0,1,2,2][1,1,2,2,0,1][1,1,2,2,0,1][1,1,2,3,2,3][1,1,2,3,2,3]; 2/3 Swapped Transposed = [0,0,1,1,1,1][0,0,1,1,1,1][0,0,3,3,3,3][1,1,3,3,2,2][3,3,0,0,3,3][3,3,1,1,2,2]; Matches = 2061 0 0 [0,0,1,1,1,1][0,0,3,3,3,3][0,0,3,3,3,3][1,1,0,0,1,1][3,3,1,1,2,2][3,3,1,1,2,2]
1445 629 527 [0,0,0,1,2,2][0,0,0,1,2,2][1,2,2,0,0,0][1,2,2,0,0,0][1,2,2,1,2,2][1,2,2,1,2,2]; 2/3 Swapped Transposed = [0,0,1,1,1,1][0,0,3,3,3,3][0,0,3,3,3,3][1,1,0,0,1,1][3,3,0,0,3,3][3,3,0,0,3,3]; Matches = 2060 0 0 [0,0,1,1,1,1][0,0,3,3,3,3][0,0,3,3,3,3][1,1,0,0,1,1][3,3,0,0,3,3][3,3,0,0,3,3]
1723 677 567 [0,0,0,1,3,3][0,0,0,1,3,3][1,2,2,0,0,0][1,2,2,0,0,0][1,2,2,1,3,3][1,2,2,1,3,3]; 2/3 Swapped Transposed = [0,0,1,1,1,1][0,0,3,3,3,3][0,0,3,3,3,3][1,1,0,0,1,1][2,2,0,0,2,2][2,2,0,0,2,2]; Matches = 2056 0 0 [0,0,1,1,1,1][0,0,3,3,3,3][0,0,3,3,3,3][1,1,0,0,1,1][2,2,0,0,2,2][2,2,0,0,2,2]
1440 624 522 [0,0,0,1,2,2][0,0,0,1,2,2][1,1,2,2,0,1][1,1,2,2,0,1][1,1,3,2,3,2][1,1,3,2,3,2]; 2/3 Swapped Transposed = [0,0,1,1,1,1][0,0,1,1,1,1][0,0,3,3,2,2][1,1,3,3,3,3][3,3,0,0,2,2][3,3,1,1,3,3]; Matches = 2055 0 0 [0,0,1,1,1,1][0,0,2,2,3,3][0,0,2,2,3,3][1,1,1,1,0,0][3,3,3,3,1,1][3,3,3,3,1,1]
1446 630 528 [0,0,0,1,2,2][0,0,0,1,2,2][1,2,2,0,0,0][1,2,2,0,0,0][1,2,2,1,3,3][1,2,2,1,3,3]; 2/3 Swapped Transposed = [0,0,1,1,1,1][0,0,3,3,3,3][0,0,3,3,3,3][1,1,0,0,1,1][3,3,0,0,2,2][3,3,0,0,2,2]; Matches = 2054 0 0 [0,0,1,1,1,1][0,0,2,2,3,3][0,0,2,2,3,3][1,1,1,1,0,0][3,3,3,3,0,0][3,3,3,3,0,0]
1451 635 533 [0,0,0,1,2,2][0,0,0,1,2,2][1,2,2,0,1,1][1,2,2,0,1,1][1,3,3,1,3,3][1,3,3,1,3,3]; 2/3 Swapped Transposed = [0,0,1,1,1,1][0,0,3,3,2,2][0,0,3,3,2,2][1,1,0,0,1,1][3,3,1,1,2,2][3,3,1,1,2,2]; Matches = 2053 0 0 [0,0,1,1,1,1][0,0,2,2,3,3][0,0,2,2,3,3][1,1,1,1,0,0][3,3,2,2,1,1][3,3,2,2,1,1]
1447 631 529 [0,0,0,1,2,2][0,0,0,1,2,2][1,2,2,0,0,0][1,2,2,0,0,0][1,3,3,1,3,3][1,3,3,1,3,3]; 2/3 Swapped Transposed = [0,0,1,1,1,1][0,0,3,3,2,2][0,0,3,3,2,2][1,1,0,0,1,1][3,3,0,0,2,2][3,3,0,0,2,2]; Matches = 2052 0 0 [0,0,1,1,1,1][0,0,2,2,3,3][0,0,2,2,3,3][1,1,1,1,0,0][3,3,2,2,0,0][3,3,2,2,0,0]
1491 645 543 [0,0,0,1,2,2][0,0,0,1,3,3][1,2,2,0,0,0][1,2,2,1,3,3][1,3,3,0,0,0][1,3,3,1,2,2]; 2/3 Swapped Transposed = [0,0,1,1,1,1][0,0,3,3,2,2][0,0,3,3,2,2][1,1,0,1,0,1][3,2,0,2,0,3][3,2,0,2,0,3]; Matches = 2050 0 0 [0,0,1,1,1,1][0,0,2,2,3,3][0,0,2,2,3,3][1,1,1,1,0,0][2,2,3,3,0,0][2,2,3,3,0,0]
1452 636 534 [0,0,0,1,2,2][0,0,0,1,2,2][1,2,2,1,2,2][1,2,2,1,2,2][1,3,3,0,1,1][1,3,3,0,1,1]; 2/3 Swapped Transposed = [0,0,1,1,1,1][0,0,3,3,2,2][0,0,3,3,2,2][1,1,1,1,0,0][3,3,3,3,1,1][3,3,3,3,1,1]; Matches = 2043 0 0 [0,0,1,1,1,1][0,0,2,2,3,3][0,0,2,2,3,3][1,1,0,0,1,1][3,3,1,1,3,3][3,3,1,1,3,3]
1453 637 535 [0,0,0,1,2,2][0,0,0,1,2,2][1,2,2,1,3,3][1,2,2,1,3,3][1,3,3,0,1,1][1,3,3,0,1,1]; 2/3 Swapped Transposed = [0,0,1,1,1,1][0,0,3,3,2,2][0,0,3,3,2,2][1,1,1,1,0,0][3,3,2,2,1,1][3,3,2,2,1,1]; Matches = 2042 0 0 [0,0,1,1,1,1][0,0,2,2,3,3][0,0,2,2,3,3][1,1,0,0,1,1][3,3,1,1,2,2][3,3,1,1,2,2]
1454 638 536 [0,0,0,1,2,2][0,0,0,1,2,2][1,3,3,0,1,1][1,3,3,0,1,1][1,3,3,1,2,2][1,3,3,1,2,2]; 2/3 Swapped Transposed = [0,0,1,1,1,1][0,0,2,2,2,2][0,0,2,2,2,2][1,1,0,0,1,1][3,3,1,1,3,3][3,3,1,1,3,3]; Matches = 2038 0 0 [0,0,1,1,1,1][0,0,2,2,2,2][0,0,2,2,2,2][1,1,0,0,1,1][3,3,1,1,3,3][3,3,1,1,3,3]
1455 639 537 [0,0,0,1,2,2][0,0,0,1,2,2][1,3,3,0,1,1][1,3,3,0,1,1][1,3,3,1,3,3][1,3,3,1,3,3]; 2/3 Swapped Transposed = [0,0,1,1,1,1][0,0,2,2,2,2][0,0,2,2,2,2][1,1,0,0,1,1][3,3,1,1,2,2][3,3,1,1,2,2]; Matches = 2037 0 0 [0,0,1,1,1,1][0,0,2,2,2,2][0,0,2,2,2,2][1,1,0,0,1,1][3,3,1,1,2,2][3,3,1,1,2,2]
1966 700 588 [0,0,1,1,1,1][0,0,1,1,1,1][1,1,0,0,1,1][1,1,1,1,0,0][1,1,2,2,2,2][1,1,2,2,2,2]; 2/3 Swapped Transposed = [0,0,1,1,1,1][0,0,1,1,1,1][1,1,0,1,3,3][1,1,0,1,3,3][1,1,1,0,3,3][1,1,1,0,3,3]; Matches = 1976 0 0 [0,0,1,1,1,1][0,0,1,1,1,1][1,1,0,1,3,3][1,1,0,1,3,3][1,1,1,0,3,3][1,1,1,0,3,3]
1512 653 547 [0,0,0,1,2,2][0,0,1,0,2,2][1,1,1,1,1,1][1,1,1,1,1,1][1,1,2,2,0,1][1,1,2,2,1,0]; 2/3 Swapped Transposed = [0,0,1,1,1,1][0,0,1,1,1,1][0,1,1,1,3,3][1,0,1,1,3,3][3,3,1,1,0,1][3,3,1,1,1,0]; Matches = 1962 0 0 [0,0,1,1,1,1][0,0,1,1,1,1][0,1,1,1,3,3][1,0,1,1,3,3][3,3,1,1,0,1][3,3,1,1,1,0]
1531 661 551 [0,0,0,1,2,2][0,0,1,0,3,3][1,1,1,1,1,1][1,1,1,1,1,1][1,1,2,3,2,3][1,1,2,3,3,2]; 2/3 Swapped Transposed = [0,0,1,1,1,1][0,0,1,1,1,1][0,1,1,1,3,3][1,0,1,1,2,2][3,2,1,1,3,2][3,2,1,1,2,3]; Matches = 1958 0 0 [0,0,1,1,1,1][0,0,1,1,1,1][0,1,1,1,3,3][1,0,1,1,2,2][2,3,1,1,2,3][2,3,1,1,3,2]
1530 660 550 [0,0,0,1,2,2][0,0,1,0,3,3][1,1,1,1,0,0][1,1,1,1,0,0][1,1,2,3,2,3][1,1,2,3,3,2]; 2/3 Swapped Transposed = [0,0,1,1,1,1][0,0,1,1,1,1][0,1,1,1,3,3][1,0,1,1,2,2][3,2,0,0,3,2][3,2,0,0,2,3]; Matches = 1957 0 0 [0,0,1,1,1,1][0,0,1,1,1,1][0,1,1,1,3,3][1,0,1,1,2,2][2,3,0,0,2,3][2,3,0,0,3,2]
1174 511 425 [0,0,0,0,1,1][0,0,1,1,1,1][1,1,1,1,1,1][1,1,1,1,1,1][1,1,2,2,0,1][1,1,2,2,0,1]; 2/3 Swapped Transposed = [0,0,1,1,1,1][0,0,1,1,1,1][0,1,1,1,3,3][0,1,1,1,3,3][1,1,1,1,0,0][1,1,1,1,1,1]; Matches = 1956 0 0 [0,0,1,1,1,1][0,0,1,1,1,1][0,1,1,1,3,3][0,1,1,1,3,3][1,1,1,1,0,0][1,1,1,1,1,1]
1049 466 390 [0,0,0,0,1,1][0,0,1,1,0,0][1,1,1,1,1,1][1,1,1,1,1,1][1,1,2,2,2,2][1,1,2,2,2,2]; 2/3 Swapped Transposed = [0,0,1,1,1,1][0,0,1,1,1,1][0,1,1,1,3,3][0,1,1,1,3,3][1,0,1,1,3,3][1,0,1,1,3,3]; Matches = 1952 0 0 [0,0,1,1,1,1][0,0,1,1,1,1][0,1,1,1,3,3][0,1,1,1,3,3][1,0,1,1,3,3][1,0,1,1,3,3]
387 208 189 [0,0,0,0,0,0][0,0,1,1,1,1][1,1,1,1,1,1][1,1,1,1,1,1][1,1,2,2,2,2][1,1,2,2,2,2]; 2/3 Swapped Transposed = [0,0,1,1,1,1][0,0,1,1,1,1][0,1,1,1,3,3][0,1,1,1,3,3][0,1,1,1,3,3][0,1,1,1,3,3]; Matches = 1951 0 0 [0,0,1,1,1,1][0,0,1,1,1,1][0,1,1,1,3,3][0,1,1,1,3,3][0,1,1,1,3,3][0,1,1,1,3,3]
1513 654 548 [0,0,0,1,2,2][0,0,1,0,2,2][1,1,1,1,1,1][1,1,1,1,1,1][1,1,3,3,0,1][1,1,3,3,1,0]; 2/3 Swapped Transposed = [0,0,1,1,1,1][0,0,1,1,1,1][0,1,1,1,2,2][1,0,1,1,2,2][3,3,1,1,0,1][3,3,1,1,1,0]; Matches = 1948 0 0 [0,0,1,1,1,1][0,0,1,1,1,1][0,1,1,1,2,2][1,0,1,1,2,2][3,3,1,1,0,1][3,3,1,1,1,0]
1433 617 515 [0,0,0,1,2,2][0,0,0,1,2,2][1,1,1,0,2,2][1,1,1,0,2,2][1,1,1,1,1,1][1,1,1,1,1,1]; 2/3 Swapped Transposed = [0,0,1,1,1,1][0,0,1,1,1,1][0,0,1,1,1,1][1,1,0,0,1,1][3,3,3,3,1,1][3,3,3,3,1,1]; Matches = 1934 0 0 [0,0,1,1,1,1][0,0,1,1,1,1][0,1,0,1,1,1][1,0,1,0,1,1][3,3,3,3,1,1][3,3,3,3,1,1]
1432 616 514 [0,0,0,1,2,2][0,0,0,1,2,2][1,1,1,0,2,2][1,1,1,0,2,2][1,1,1,1,0,0][1,1,1,1,0,0]; 2/3 Swapped Transposed = [0,0,1,1,1,1][0,0,1,1,1,1][0,0,1,1,1,1][1,1,0,0,1,1][3,3,3,3,0,0][3,3,3,3,0,0]; Matches = 1933 0 0 [0,0,1,1,1,1][0,0,1,1,1,1][0,1,0,1,1,1][1,0,1,0,1,1][3,3,3,3,0,0][3,3,3,3,0,0]
1435 619 517 [0,0,0,1,2,2][0,0,0,1,2,2][1,1,1,0,3,3][1,1,1,0,3,3][1,1,1,1,1,1][1,1,1,1,1,1]; 2/3 Swapped Transposed = [0,0,1,1,1,1][0,0,1,1,1,1][0,0,1,1,1,1][1,1,0,0,1,1][3,3,2,2,1,1][3,3,2,2,1,1]; Matches = 1932 0 0 [0,0,1,1,1,1][0,0,1,1,1,1][0,1,0,1,1,1][1,0,1,0,1,1][3,3,2,2,1,1][3,3,2,2,1,1]
1434 618 516 [0,0,0,1,2,2][0,0,0,1,2,2][1,1,1,0,3,3][1,1,1,0,3,3][1,1,1,1,0,0][1,1,1,1,0,0]; 2/3 Swapped Transposed = [0,0,1,1,1,1][0,0,1,1,1,1][0,0,1,1,1,1][1,1,0,0,1,1][3,3,2,2,0,0][3,3,2,2,0,0]; Matches = 1931 0 0 [0,0,1,1,1,1][0,0,1,1,1,1][0,1,0,1,1,1][1,0,1,0,1,1][3,3,2,2,0,0][3,3,2,2,0,0]
1255 559 468 [0,0,0,0,1,1][0,1,1,1,3,3][0,1,1,1,3,3][1,0,0,1,0,0][2,1,1,2,0,1][2,1,1,2,0,1]; 2/3 Swapped Transposed = [0,0,0,1,3,3][0,1,1,0,1,1][0,1,1,0,1,1][0,1,1,1,3,3][1,2,2,0,0,0][1,2,2,0,1,1]; Matches = 1916 0 0 [0,0,1,1,1,1][0,0,1,1,1,1][0,1,0,0,3,3][0,1,1,1,3,3][1,0,2,2,0,0][1,0,2,2,1,1]
437 239 220 [0,0,0,0,0,0][0,1,1,1,3,3][0,1,1,1,3,3][1,0,0,1,1,1][2,1,1,2,0,1][2,1,1,2,0,1]; 2/3 Swapped Transposed = [0,0,0,1,3,3][0,1,1,0,1,1][0,1,1,0,1,1][0,1,1,1,3,3][0,2,2,1,0,0][0,2,2,1,1,1]; Matches = 1913 0 0 [0,0,1,1,1,1][0,0,1,1,1,1][0,1,0,0,3,3][0,1,1,1,3,3][0,1,2,2,0,0][0,1,2,2,1,1]
1437 621 519 [0,0,0,1,2,2][0,0,0,1,2,2][1,1,2,2,0,1][1,1,2,2,0,1][1,1,2,3,2,3][1,1,2,3,2,3]; 2/3 Swapped Transposed = [0,0,1,1,1,1][0,0,1,1,1,1][0,0,3,3,3,3][1,1,3,3,2,2][3,3,0,0,3,3][3,3,1,1,2,2]; Matches = 1881 0 0 [0,0,1,1,1,1][0,0,1,1,1,1][0,0,3,3,3,3][1,1,2,2,3,3][3,3,2,2,1,1][3,3,3,3,0,0]
1438 622 520 [0,0,0,1,2,2][0,0,0,1,2,2][1,1,2,2,0,1][1,1,2,2,0,1][1,1,2,3,3,2][1,1,2,3,3,2]; 2/3 Swapped Transposed = [0,0,1,1,1,1][0,0,1,1,1,1][0,0,3,3,3,3][1,1,3,3,2,2][3,3,0,0,2,2][3,3,1,1,3,3]; Matches = 1880 0 0 [0,0,1,1,1,1][0,0,1,1,1,1][0,0,3,3,3,3][1,1,2,2,3,3][3,3,2,2,0,0][3,3,3,3,1,1]
856 408 349 [0,0,0,0,1,1][0,0,0,0,1,1][1,1,2,2,2,2][1,1,2,2,2,2][1,1,2,2,2,2][1,1,2,2,2,2]; 2/3 Swapped Transposed = [0,0,1,1,1,1][0,0,1,1,1,1][0,0,3,3,3,3][0,0,3,3,3,3][1,1,3,3,3,3][1,1,3,3,3,3]; Matches = 1877 0 0 [0,0,1,1,1,1][0,0,1,1,1,1][0,0,3,3,3,3][0,0,3,3,3,3][1,1,3,3,3,3][1,1,3,3,3,3]
857 409 350 [0,0,0,0,1,1][0,0,0,0,1,1][1,1,2,2,2,2][1,1,2,2,2,2][1,1,2,2,3,3][1,1,2,2,3,3]; 2/3 Swapped Transposed = [0,0,1,1,1,1][0,0,1,1,1,1][0,0,3,3,3,3][0,0,3,3,3,3][1,1,3,3,2,2][1,1,3,3,2,2]; Matches = 1876 0 0 [0,0,1,1,1,1][0,0,1,1,1,1][0,0,3,3,3,3][0,0,3,3,3,3][1,1,2,2,3,3][1,1,2,2,3,3]
865 417 356 [0,0,0,0,1,1][0,0,0,0,1,1][1,1,2,2,3,3][1,1,2,2,3,3][1,1,2,2,3,3][1,1,2,2,3,3]; 2/3 Swapped Transposed = [0,0,1,1,1,1][0,0,1,1,1,1][0,0,3,3,3,3][0,0,3,3,3,3][1,1,2,2,2,2][1,1,2,2,2,2]; Matches = 1875 0 0 [0,0,1,1,1,1][0,0,1,1,1,1][0,0,3,3,3,3][0,0,3,3,3,3][1,1,2,2,2,2][1,1,2,2,2,2]
851 403 344 [0,0,0,0,1,1][0,0,0,0,1,1][1,1,2,2,0,1][1,1,2,2,0,1][1,1,2,2,1,0][1,1,2,2,1,0]; 2/3 Swapped Transposed = [0,0,1,1,1,1][0,0,1,1,1,1][0,0,3,3,3,3][0,0,3,3,3,3][1,1,0,0,1,1][1,1,1,1,0,0]; Matches = 1874 0 0 [0,0,1,1,1,1][0,0,1,1,1,1][0,0,3,3,3,3][0,0,3,3,3,3][1,1,0,0,1,1][1,1,1,1,0,0]
165 103 100 [0,0,0,0,0,0][0,0,0,0,0,0][1,1,2,2,2,2][1,1,2,2,2,2][1,1,2,2,2,2][1,1,2,2,2,2]; 2/3 Swapped Transposed = [0,0,1,1,1,1][0,0,1,1,1,1][0,0,3,3,3,3][0,0,3,3,3,3][0,0,3,3,3,3][0,0,3,3,3,3]; Matches = 1872 0 0 [0,0,1,1,1,1][0,0,1,1,1,1][0,0,3,3,3,3][0,0,3,3,3,3][0,0,3,3,3,3][0,0,3,3,3,3]
1438 622 520 [0,0,0,1,2,2][0,0,0,1,2,2][1,1,2,2,0,1][1,1,2,2,0,1][1,1,2,3,3,2][1,1,2,3,3,2]; 2/3 Swapped Transposed = [0,0,1,1,1,1][0,0,1,1,1,1][0,0,3,3,3,3][1,1,3,3,2,2][3,3,0,0,2,2][3,3,1,1,3,3]; Matches = 1871 0 0 [0,0,1,1,1,1][0,0,1,1,1,1][0,0,2,2,3,3][1,1,3,3,3,3][3,3,2,2,1,1][3,3,3,3,0,0]
1440 624 522 [0,0,0,1,2,2][0,0,0,1,2,2][1,1,2,2,0,1][1,1,2,2,0,1][1,1,3,2,3,2][1,1,3,2,3,2]; 2/3 Swapped Transposed = [0,0,1,1,1,1][0,0,1,1,1,1][0,0,3,3,2,2][1,1,3,3,3,3][3,3,0,0,2,2][3,3,1,1,3,3]; Matches = 1870 0 0 [0,0,1,1,1,1][0,0,1,1,1,1][0,0,2,2,3,3][1,1,3,3,3,3][3,3,2,2,0,0][3,3,3,3,1,1]
1441 625 523 [0,0,0,1,2,2][0,0,0,1,2,2][1,1,2,3,2,3][1,1,2,3,2,3][1,1,3,3,0,1][1,1,3,3,0,1]; 2/3 Swapped Transposed = [0,0,1,1,1,1][0,0,1,1,1,1][0,0,3,3,2,2][1,1,2,2,2,2][3,3,3,3,0,0][3,3,2,2,1,1]; Matches = 1865 0 0 [0,0,1,1,1,1][0,0,1,1,1,1][0,0,2,2,3,3][1,1,2,2,2,2][3,3,0,0,3,3][3,3,1,1,2,2]
1442 626 524 [0,0,0,1,2,2][0,0,0,1,2,2][1,1,2,3,2,3][1,1,2,3,2,3][1,1,3,3,1,0][1,1,3,3,1,0]; 2/3 Swapped Transposed = [0,0,1,1,1,1][0,0,1,1,1,1][0,0,3,3,2,2][1,1,2,2,2,2][3,3,3,3,1,1][3,3,2,2,0,0]; Matches = 1864 0 0 [0,0,1,1,1,1][0,0,1,1,1,1][0,0,2,2,3,3][1,1,2,2,2,2][3,3,0,0,2,2][3,3,1,1,3,3]
861 413 353 [0,0,0,0,1,1][0,0,0,0,1,1][1,1,2,2,2,2][1,1,2,2,3,3][1,1,2,3,2,3][1,1,2,3,3,2]; 2/3 Swapped Transposed = [0,0,1,1,1,1][0,0,1,1,1,1][0,0,3,3,3,3][0,0,3,3,2,2][1,1,3,2,3,2][1,1,3,2,2,3]; Matches = 1861 0 0 [0,0,1,1,1,1][0,0,1,1,1,1][0,0,2,2,3,3][0,0,3,3,3,3][1,1,2,3,2,3][1,1,3,2,2,3]
858 410 0 [0,0,0,0,1,1][0,0,0,0,1,1][1,1,2,2,2,2][1,1,2,2,2,2][1,1,2,3,2,3][1,1,2,3,2,3]; 2/3 Swapped Transposed = [0,0,1,1,1,1][0,0,1,1,1,1][0,0,3,3,3,3][0,0,3,3,2,2][1,1,3,3,3,3][1,1,3,3,2,2]; Matches = 1860 0 0 [0,0,1,1,1,1][0,0,1,1,1,1][0,0,2,2,3,3][0,0,3,3,3,3][1,1,2,2,3,3][1,1,3,3,3,3]
866 418 0 [0,0,0,0,1,1][0,0,0,0,1,1][1,1,2,2,3,3][1,1,2,2,3,3][1,1,2,3,2,3][1,1,2,3,2,3]; 2/3 Swapped Transposed = [0,0,1,1,1,1][0,0,1,1,1,1][0,0,3,3,3,3][0,0,3,3,2,2][1,1,2,2,3,3][1,1,2,2,2,2]; Matches = 1859 0 0 [0,0,1,1,1,1][0,0,1,1,1,1][0,0,2,2,3,3][0,0,3,3,3,3][1,1,2,2,2,2][1,1,3,3,2,2]
863 415 355 [0,0,0,0,1,1][0,0,0,0,1,1][1,1,2,2,2,2][1,1,2,3,2,3][1,1,3,2,2,3][1,1,3,3,2,2]; 2/3 Swapped Transposed = [0,0,1,1,1,1][0,0,1,1,1,1][0,0,3,3,2,2][0,0,3,2,3,2][1,1,3,3,3,3][1,1,3,2,2,3]; Matches = 1852 0 0 [0,0,1,1,1,1][0,0,1,1,1,1][0,0,2,2,3,3][0,0,2,3,2,3][1,1,3,2,2,3][1,1,3,3,3,3]
168 106 103 [0,0,0,0,0,0][0,0,0,0,0,0][1,1,2,2,2,2][1,1,2,2,3,3][1,1,2,3,2,3][1,1,2,3,3,2]; 2/3 Swapped Transposed = [0,0,1,1,1,1][0,0,1,1,1,1][0,0,3,3,3,3][0,0,3,3,2,2][0,0,3,2,3,2][0,0,3,2,2,3]; Matches = 1846 0 0 [0,0,1,1,1,1][0,0,1,1,1,1][0,0,2,2,3,3][0,0,2,3,2,3][0,0,3,2,2,3][0,0,3,3,3,3]
859 411 351 [0,0,0,0,1,1][0,0,0,0,1,1][1,1,2,2,2,2][1,1,2,2,2,2][1,1,3,3,2,2][1,1,3,3,2,2]; 2/3 Swapped Transposed = [0,0,1,1,1,1][0,0,1,1,1,1][0,0,3,3,2,2][0,0,3,3,2,2][1,1,3,3,3,3][1,1,3,3,3,3]; Matches = 1845 0 0 [0,0,1,1,1,1][0,0,1,1,1,1][0,0,2,2,3,3][0,0,2,2,3,3][1,1,3,3,3,3][1,1,3,3,3,3]
166 104 101 [0,0,0,0,0,0][0,0,0,0,0,0][1,1,2,2,2,2][1,1,2,2,2,2][1,1,2,2,3,3][1,1,2,2,3,3]; 2/3 Swapped Transposed = [0,0,1,1,1,1][0,0,1,1,1,1][0,0,3,3,3,3][0,0,3,3,3,3][0,0,3,3,2,2][0,0,3,3,2,2]; Matches = 1837 0 0 [0,0,1,1,1,1][0,0,1,1,1,1][0,0,2,2,3,3][0,0,2,2,3,3][0,0,3,3,3,3][0,0,3,3,3,3]
1443 627 525 [0,0,0,1,2,2][0,0,0,1,2,2][1,1,3,2,2,3][1,1,3,2,2,3][1,1,3,3,0,1][1,1,3,3,0,1]; 2/3 Swapped Transposed = [0,0,1,1,1,1][0,0,1,1,1,1][0,0,2,2,2,2][1,1,3,3,2,2][3,3,3,3,0,0][3,3,2,2,1,1]; Matches = 1833 0 0 [0,0,1,1,1,1][0,0,1,1,1,1][0,0,2,2,2,2][1,1,2,2,3,3][3,3,0,0,3,3][3,3,1,1,2,2]
1444 628 526 [0,0,0,1,2,2][0,0,0,1,2,2][1,1,3,2,2,3][1,1,3,2,2,3][1,1,3,3,1,0][1,1,3,3,1,0]; 2/3 Swapped Transposed = [0,0,1,1,1,1][0,0,1,1,1,1][0,0,2,2,2,2][1,1,3,3,2,2][3,3,3,3,1,1][3,3,2,2,0,0]; Matches = 1832 0 0 [0,0,1,1,1,1][0,0,1,1,1,1][0,0,2,2,2,2][1,1,2,2,3,3][3,3,0,0,2,2][3,3,1,1,3,3]
1436 620 518 [0,0,0,1,2,2][0,0,0,1,2,2][1,1,1,1,0,0][1,1,1,1,1,1][1,1,1,1,1,1][1,1,1,1,1,1]; 2/3 Swapped Transposed = [0,0,1,1,1,1][0,0,1,1,1,1][0,0,1,1,1,1][1,1,1,1,1,1][3,3,0,1,1,1][3,3,0,1,1,1]; Matches = 1812 0 0 [0,0,1,1,1,1][0,0,1,1,1,1][0,0,1,1,1,1][1,1,1,1,1,1][3,3,0,1,1,1][3,3,0,1,1,1]
1433 617 515 [0,0,0,1,2,2][0,0,0,1,2,2][1,1,1,0,2,2][1,1,1,0,2,2][1,1,1,1,1,1][1,1,1,1,1,1]; 2/3 Swapped Transposed = [0,0,1,1,1,1][0,0,1,1,1,1][0,0,1,1,1,1][1,1,0,0,1,1][3,3,3,3,1,1][3,3,3,3,1,1]; Matches = 1808 0 0 [0,0,1,1,1,1][0,0,1,1,1,1][0,0,1,1,1,1][1,1,0,0,1,1][3,3,3,3,1,1][3,3,3,3,1,1]
1432 616 514 [0,0,0,1,2,2][0,0,0,1,2,2][1,1,1,0,2,2][1,1,1,0,2,2][1,1,1,1,0,0][1,1,1,1,0,0]; 2/3 Swapped Transposed = [0,0,1,1,1,1][0,0,1,1,1,1][0,0,1,1,1,1][1,1,0,0,1,1][3,3,3,3,0,0][3,3,3,3,0,0]; Matches = 1807 0 0 [0,0,1,1,1,1][0,0,1,1,1,1][0,0,1,1,1,1][1,1,0,0,1,1][3,3,3,3,0,0][3,3,3,3,0,0]
1435 619 517 [0,0,0,1,2,2][0,0,0,1,2,2][1,1,1,0,3,3][1,1,1,0,3,3][1,1,1,1,1,1][1,1,1,1,1,1]; 2/3 Swapped Transposed = [0,0,1,1,1,1][0,0,1,1,1,1][0,0,1,1,1,1][1,1,0,0,1,1][3,3,2,2,1,1][3,3,2,2,1,1]; Matches = 1806 0 0 [0,0,1,1,1,1][0,0,1,1,1,1][0,0,1,1,1,1][1,1,0,0,1,1][3,3,2,2,1,1][3,3,2,2,1,1]
1434 618 516 [0,0,0,1,2,2][0,0,0,1,2,2][1,1,1,0,3,3][1,1,1,0,3,3][1,1,1,1,0,0][1,1,1,1,0,0]; 2/3 Swapped Transposed = [0,0,1,1,1,1][0,0,1,1,1,1][0,0,1,1,1,1][1,1,0,0,1,1][3,3,2,2,0,0][3,3,2,2,0,0]; Matches = 1805 0 0 [0,0,1,1,1,1][0,0,1,1,1,1][0,0,1,1,1,1][1,1,0,0,1,1][3,3,2,2,0,0][3,3,2,2,0,0]
1263 564 473 [0,0,0,0,1,1][0,1,2,2,1,1][0,1,2,2,1,1][1,1,1,1,1,1][2,2,0,1,1,1][2,2,0,1,1,1]; 2/3 Swapped Transposed = [0,0,0,1,3,3][0,1,1,1,3,3][0,3,3,1,0,0][0,3,3,1,1,1][1,1,1,1,1,1][1,1,1,1,1,1]; Matches = 1794 0 0 [0,0,0,1,3,3][0,1,1,1,3,3][0,3,3,1,0,0][0,3,3,1,1,1][1,1,1,1,1,1][1,1,1,1,1,1]
1269 566 475 [0,0,0,0,1,1][0,1,3,3,1,1][0,1,3,3,1,1][1,1,1,1,1,1][2,2,0,1,1,1][2,2,0,1,1,1]; 2/3 Swapped Transposed = [0,0,0,1,3,3][0,1,1,1,3,3][0,2,2,1,0,0][0,2,2,1,1,1][1,1,1,1,1,1][1,1,1,1,1,1]; Matches = 1791 0 0 [0,0,0,1,3,3][0,1,1,1,3,3][0,2,2,1,0,0][0,2,2,1,1,1][1,1,1,1,1,1][1,1,1,1,1,1]
1635 674 564 [0,0,0,1,3,3][0,0,0,1,3,3][0,0,2,2,0,1][0,0,2,2,0,1][1,1,0,0,0,0][1,1,1,1,1,1]; 2/3 Swapped Transposed = [0,0,0,0,1,1][0,0,0,0,1,1][0,0,3,3,0,1][1,1,3,3,0,1][2,2,0,0,0,1][2,2,1,1,0,1]; Matches = 1788 0 0 [0,0,0,1,3,3][0,1,1,1,3,3][0,2,2,1,0,0][0,2,2,1,1,1][1,0,0,1,0,0][1,0,0,1,0,0]
1409 611 509 [0,0,0,1,2,2][0,0,0,1,2,2][0,1,1,0,1,1][1,1,1,1,1,1][2,1,1,3,2,3][2,1,1,3,2,3]; 2/3 Swapped Transposed = [0,0,0,1,3,3][0,0,1,1,1,1][0,0,1,1,1,1][1,1,0,1,2,2][3,3,1,1,3,3][3,3,1,1,2,2]; Matches = 1779 0 0 [0,0,0,1,3,3][0,0,1,1,1,1][0,0,1,1,1,1][1,1,0,1,2,2][3,3,1,1,2,2][3,3,1,1,3,3]
931 438 0 [0,0,0,0,1,1][0,0,0,1,0,1][0,1,1,1,1,0][1,1,1,1,1,1][2,1,1,2,2,2][2,1,1,2,2,2]; 2/3 Swapped Transposed = [0,0,0,1,3,3][0,0,1,1,1,1][0,0,1,1,1,1][0,1,1,1,3,3][1,0,1,1,3,3][1,1,0,1,3,3]; Matches = 1777 0 0 [0,0,0,1,3,3][0,0,1,1,1,1][0,0,1,1,1,1][0,1,1,1,3,3][1,0,1,1,3,3][1,1,0,1,3,3]
932 439 0 [0,0,0,0,1,1][0,0,0,1,0,1][0,1,1,1,1,0][1,1,1,1,1,1][2,1,1,2,3,3][2,1,1,2,3,3]; 2/3 Swapped Transposed = [0,0,0,1,3,3][0,0,1,1,1,1][0,0,1,1,1,1][0,1,1,1,3,3][1,0,1,1,2,2][1,1,0,1,2,2]; Matches = 1776 0 0 [0,0,0,1,3,3][0,0,1,1,1,1][0,0,1,1,1,1][0,1,1,1,2,2][1,0,1,1,3,3][1,1,0,1,2,2]
932 439 0 [0,0,0,0,1,1][0,0,0,1,0,1][0,1,1,1,1,0][1,1,1,1,1,1][2,1,1,2,3,3][2,1,1,2,3,3]; 2/3 Swapped Transposed = [0,0,0,1,3,3][0,0,1,1,1,1][0,0,1,1,1,1][0,1,1,1,3,3][1,0,1,1,2,2][1,1,0,1,2,2]; Matches = 1775 0 0 [0,0,0,1,3,3][0,0,1,1,1,1][0,0,1,1,1,1][0,1,1,1,2,2][1,0,1,1,2,2][1,1,0,1,3,3]
1134 496 412 [0,0,0,0,1,1][0,0,1,1,1,1][0,1,0,1,1,1][1,0,0,1,1,1][2,2,2,2,1,1][2,2,2,2,1,1]; 2/3 Swapped Transposed = [0,0,0,1,3,3][0,0,1,0,3,3][0,1,0,0,3,3][0,1,1,1,3,3][1,1,1,1,1,1][1,1,1,1,1,1]; Matches = 1761 0 0 [0,0,0,1,3,3][0,0,1,0,3,3][0,1,0,0,3,3][0,1,1,1,3,3][1,1,1,1,1,1][1,1,1,1,1,1]
1133 495 411 [0,0,0,0,1,1][0,0,1,1,1,1][0,1,0,1,1,1][1,0,0,1,1,1][2,2,2,2,0,0][2,2,2,2,0,0]; 2/3 Swapped Transposed = [0,0,0,1,3,3][0,0,1,0,3,3][0,1,0,0,3,3][0,1,1,1,3,3][1,1,1,1,0,0][1,1,1,1,0,0]; Matches = 1760 0 0 [0,0,0,1,3,3][0,0,1,0,3,3][0,1,0,0,3,3][0,1,1,1,3,3][1,1,1,1,0,0][1,1,1,1,0,0]
830 395 336 [0,0,0,0,1,1][0,0,0,0,1,1][0,1,2,2,1,1][1,0,2,2,1,1][2,2,0,1,1,1][2,2,1,0,1,1]; 2/3 Swapped Transposed = [0,0,0,1,3,3][0,0,1,0,3,3][0,0,3,3,0,1][0,0,3,3,1,0][1,1,1,1,1,1][1,1,1,1,1,1]; Matches = 1759 0 0 [0,0,0,1,3,3][0,0,1,0,3,3][0,0,3,3,0,1][0,0,3,3,1,0][1,1,1,1,1,1][1,1,1,1,1,1]
599 302 269 [0,0,0,0,1,1][0,0,0,0,1,1][0,0,2,2,0,1][1,1,2,2,0,1][2,2,0,0,1,0][2,2,1,1,1,0]; 2/3 Swapped Transposed = [0,0,0,1,3,3][0,0,0,1,3,3][0,0,3,3,0,1][0,0,3,3,0,1][1,1,0,0,1,1][1,1,1,1,0,0]; Matches = 1758 0 0 [0,0,0,1,3,3][0,0,1,0,3,3][0,0,3,3,0,1][0,0,3,3,1,0][1,1,0,0,1,1][1,1,0,0,1,1]
849 402 343 [0,0,0,0,1,1][0,0,0,0,1,1][0,1,3,3,1,1][1,0,3,3,1,1][2,2,0,1,1,1][2,2,1,0,1,1]; 2/3 Swapped Transposed = [0,0,0,1,3,3][0,0,1,0,3,3][0,0,2,2,0,1][0,0,2,2,1,0][1,1,1,1,1,1][1,1,1,1,1,1]; Matches = 1756 0 0 [0,0,0,1,3,3][0,0,1,0,3,3][0,0,2,2,0,1][0,0,2,2,1,0][1,1,1,1,1,1][1,1,1,1,1,1]
274 153 144 [0,0,0,0,0,0][0,0,0,0,1,1][0,1,1,1,0,1][1,0,1,1,0,1][2,2,1,1,2,2][2,2,1,1,2,2]; 2/3 Swapped Transposed = [0,0,0,1,3,3][0,0,1,0,3,3][0,0,1,1,1,1][0,0,1,1,1,1][0,1,0,0,3,3][0,1,1,1,3,3]; Matches = 1748 0 0 [0,0,0,1,3,3][0,0,1,0,3,3][0,0,1,1,1,1][0,0,1,1,1,1][0,1,0,0,3,3][0,1,1,1,3,3]
157 99 96 [0,0,0,0,0,0][0,0,0,0,0,0][0,1,1,1,2,2][1,0,1,1,2,2][2,2,1,1,0,1][2,2,1,1,1,0]; 2/3 Swapped Transposed = [0,0,0,1,3,3][0,0,1,0,3,3][0,0,1,1,1,1][0,0,1,1,1,1][0,0,3,3,0,1][0,0,3,3,1,0]; Matches = 1746 0 0 [0,0,0,1,3,3][0,0,1,0,3,3][0,0,1,1,1,1][0,0,1,1,1,1][0,0,3,3,0,1][0,0,3,3,1,0]
163 102 99 [0,0,0,0,0,0][0,0,0,0,0,0][0,1,1,1,3,3][1,0,1,1,3,3][2,2,1,1,0,1][2,2,1,1,1,0]; 2/3 Swapped Transposed = [0,0,0,1,3,3][0,0,1,0,3,3][0,0,1,1,1,1][0,0,1,1,1,1][0,0,2,2,0,1][0,0,2,2,1,0]; Matches = 1745 0 0 [0,0,0,1,3,3][0,0,1,0,3,3][0,0,1,1,1,1][0,0,1,1,1,1][0,0,2,2,0,1][0,0,2,2,1,0]
832 397 338 [0,0,0,0,1,1][0,0,0,0,1,1][0,1,2,2,1,1][1,0,3,3,1,1][2,3,2,3,1,1][2,3,3,2,1,1]; 2/3 Swapped Transposed = [0,0,0,1,3,3][0,0,1,0,2,2][0,0,3,2,3,2][0,0,3,2,2,3][1,1,1,1,1,1][1,1,1,1,1,1]; Matches = 1742 0 0 [0,0,0,1,3,3][0,0,1,0,2,2][0,0,2,3,2,3][0,0,2,3,3,2][1,1,1,1,1,1][1,1,1,1,1,1]
831 396 337 [0,0,0,0,1,1][0,0,0,0,1,1][0,1,2,2,1,1][1,0,3,3,1,1][2,3,2,3,0,0][2,3,3,2,0,0]; 2/3 Swapped Transposed = [0,0,0,1,3,3][0,0,1,0,2,2][0,0,3,2,3,2][0,0,3,2,2,3][1,1,1,1,0,0][1,1,1,1,0,0]; Matches = 1741 0 0 [0,0,0,1,3,3][0,0,1,0,2,2][0,0,2,3,2,3][0,0,2,3,3,2][1,1,1,1,0,0][1,1,1,1,0,0]
814 386 327 [0,0,0,0,1,1][0,0,0,0,1,1][0,1,2,2,0,0][1,0,3,3,0,0][2,3,2,3,1,1][2,3,3,2,1,1]; 2/3 Swapped Transposed = [0,0,0,1,3,3][0,0,1,0,2,2][0,0,3,2,3,2][0,0,3,2,2,3][1,1,0,0,1,1][1,1,0,0,1,1]; Matches = 1740 0 0 [0,0,0,1,3,3][0,0,1,0,2,2][0,0,2,3,2,3][0,0,2,3,3,2][1,1,0,0,1,1][1,1,0,0,1,1]
794 371 312 [0,0,0,0,1,1][0,0,0,0,1,1][0,1,1,1,2,2][1,0,1,1,3,3][2,3,1,1,2,3][2,3,1,1,3,2]; 2/3 Swapped Transposed = [0,0,0,1,3,3][0,0,1,0,2,2][0,0,1,1,1,1][0,0,1,1,1,1][1,1,3,2,3,2][1,1,3,2,2,3]; Matches = 1738 0 0 [0,0,0,1,3,3][0,0,1,0,2,2][0,0,1,1,1,1][0,0,1,1,1,1][1,1,2,3,2,3][1,1,2,3,3,2]
158 100 97 [0,0,0,0,0,0][0,0,0,0,0,0][0,1,1,1,2,2][1,0,1,1,3,3][2,3,1,1,2,3][2,3,1,1,3,2]; 2/3 Swapped Transposed = [0,0,0,1,3,3][0,0,1,0,2,2][0,0,1,1,1,1][0,0,1,1,1,1][0,0,3,2,3,2][0,0,3,2,2,3]; Matches = 1737 0 0 [0,0,0,1,3,3][0,0,1,0,2,2][0,0,1,1,1,1][0,0,1,1,1,1][0,0,2,3,2,3][0,0,2,3,3,2]
1184 520 434 [0,0,0,0,1,1][0,0,2,2,2,2][0,0,2,2,2,2][1,1,1,1,1,1][2,2,1,1,2,2][2,2,1,1,2,2]; 2/3 Swapped Transposed = [0,0,0,1,3,3][0,0,0,1,3,3][0,3,3,1,1,1][0,3,3,1,1,1][1,3,3,1,3,3][1,3,3,1,3,3]; Matches = 1708 0 0 [0,0,0,1,3,3][0,0,0,1,3,3][0,3,3,1,1,1][0,3,3,1,1,1][1,3,3,1,3,3][1,3,3,1,3,3]
1185 521 435 [0,0,0,0,1,1][0,0,2,2,2,2][0,0,2,2,2,2][1,1,1,1,1,1][2,2,1,1,3,3][2,2,1,1,3,3]; 2/3 Swapped Transposed = [0,0,0,1,3,3][0,0,0,1,3,3][0,3,3,1,1,1][0,3,3,1,1,1][1,3,3,1,2,2][1,3,3,1,2,2]; Matches = 1707 0 0 [0,0,0,1,3,3][0,0,0,1,3,3][0,3,3,1,1,1][0,3,3,1,1,1][1,3,3,1,2,2][1,3,3,1,2,2]
1197 532 446 [0,0,0,0,1,1][0,0,2,2,3,3][0,0,2,2,3,3][1,1,1,1,1,1][2,2,1,1,2,2][2,2,1,1,2,2]; 2/3 Swapped Transposed = [0,0,0,1,3,3][0,0,0,1,3,3][0,3,3,1,1,1][0,3,3,1,1,1][1,2,2,1,3,3][1,2,2,1,3,3]; Matches = 1706 0 0 [0,0,0,1,3,3][0,0,0,1,3,3][0,3,3,1,1,1][0,3,3,1,1,1][1,2,2,1,3,3][1,2,2,1,3,3]
1198 533 447 [0,0,0,0,1,1][0,0,2,2,3,3][0,0,2,2,3,3][1,1,1,1,1,1][2,2,1,1,3,3][2,2,1,1,3,3]; 2/3 Swapped Transposed = [0,0,0,1,3,3][0,0,0,1,3,3][0,3,3,1,1,1][0,3,3,1,1,1][1,2,2,1,2,2][1,2,2,1,2,2]; Matches = 1705 0 0 [0,0,0,1,3,3][0,0,0,1,3,3][0,3,3,1,1,1][0,3,3,1,1,1][1,2,2,1,2,2][1,2,2,1,2,2]
1182 518 432 [0,0,0,0,1,1][0,0,2,2,2,2][0,0,2,2,2,2][1,1,1,1,1,1][2,2,0,0,2,2][2,2,0,0,2,2]; 2/3 Swapped Transposed = [0,0,0,1,3,3][0,0,0,1,3,3][0,3,3,1,0,0][0,3,3,1,0,0][1,3,3,1,3,3][1,3,3,1,3,3]; Matches = 1702 0 0 [0,0,0,1,3,3][0,0,0,1,3,3][0,3,3,1,0,0][0,3,3,1,0,0][1,3,3,1,3,3][1,3,3,1,3,3]
1183 519 433 [0,0,0,0,1,1][0,0,2,2,2,2][0,0,2,2,2,2][1,1,1,1,1,1][2,2,0,0,3,3][2,2,0,0,3,3]; 2/3 Swapped Transposed = [0,0,0,1,3,3][0,0,0,1,3,3][0,3,3,1,0,0][0,3,3,1,0,0][1,3,3,1,2,2][1,3,3,1,2,2]; Matches = 1701 0 0 [0,0,0,1,3,3][0,0,0,1,3,3][0,3,3,1,0,0][0,3,3,1,0,0][1,2,2,1,3,3][1,2,2,1,3,3]
1196 531 445 [0,0,0,0,1,1][0,0,2,2,3,3][0,0,2,2,3,3][1,1,1,1,1,1][2,2,0,0,3,3][2,2,0,0,3,3]; 2/3 Swapped Transposed = [0,0,0,1,3,3][0,0,0,1,3,3][0,3,3,1,0,0][0,3,3,1,0,0][1,2,2,1,2,2][1,2,2,1,2,2]; Matches = 1700 0 0 [0,0,0,1,3,3][0,0,0,1,3,3][0,3,3,1,0,0][0,3,3,1,0,0][1,2,2,1,2,2][1,2,2,1,2,2]
1206 541 455 [0,0,0,0,1,1][0,0,2,3,2,3][0,0,2,3,2,3][1,1,1,1,1,1][2,3,0,0,3,2][2,3,0,0,3,2]; 2/3 Swapped Transposed = [0,0,0,1,3,3][0,0,0,1,2,2][0,3,3,1,0,0][0,2,2,1,0,0][1,3,3,1,2,2][1,2,2,1,3,3]; Matches = 1690 0 0 [0,0,0,1,3,3][0,0,0,1,3,3][0,2,2,1,0,0][0,2,2,1,0,0][1,3,3,1,2,2][1,3,3,1,2,2]
1229 547 461 [0,0,0,0,1,1][0,0,3,3,3,3][0,0,3,3,3,3][1,1,1,1,1,1][2,2,0,0,2,2][2,2,0,0,2,2]; 2/3 Swapped Transposed = [0,0,0,1,3,3][0,0,0,1,3,3][0,2,2,1,0,0][0,2,2,1,0,0][1,2,2,1,3,3][1,2,2,1,3,3]; Matches = 1689 0 0 [0,0,0,1,3,3][0,0,0,1,3,3][0,2,2,1,0,0][0,2,2,1,0,0][1,2,2,1,3,3][1,2,2,1,3,3]
1605 672 562 [0,0,0,1,3,3][0,0,0,1,3,3][0,0,1,1,0,0][1,1,1,1,1,1][2,2,1,0,0,0][2,2,1,0,0,0]; 2/3 Swapped Transposed = [0,0,0,1,3,3][0,0,0,1,3,3][0,0,1,1,1,1][1,1,1,1,0,0][2,2,0,1,0,0][2,2,0,1,0,0]; Matches = 1687 0 0 [0,0,0,1,3,3][0,0,0,1,3,3][0,2,2,1,0,0][0,2,2,1,0,0][1,0,0,1,1,1][1,1,1,1,0,0]
1079 482 406 [0,0,0,0,1,1][0,0,1,1,1,1][0,0,1,1,1,1][1,1,1,1,1,1][2,2,2,2,1,1][2,2,2,2,1,1]; 2/3 Swapped Transposed = [0,0,0,1,3,3][0,0,0,1,3,3][0,1,1,1,3,3][0,1,1,1,3,3][1,1,1,1,1,1][1,1,1,1,1,1]; Matches = 1685 0 0 [0,0,0,1,3,3][0,0,0,1,3,3][0,1,1,1,3,3][0,1,1,1,3,3][1,1,1,1,1,1][1,1,1,1,1,1]
1078 481 405 [0,0,0,0,1,1][0,0,1,1,1,1][0,0,1,1,1,1][1,1,1,1,1,1][2,2,2,2,0,0][2,2,2,2,0,0]; 2/3 Swapped Transposed = [0,0,0,1,3,3][0,0,0,1,3,3][0,1,1,1,3,3][0,1,1,1,3,3][1,1,1,1,0,0][1,1,1,1,0,0]; Matches = 1684 0 0 [0,0,0,1,3,3][0,0,0,1,3,3][0,1,1,1,3,3][0,1,1,1,3,3][1,1,1,1,0,0][1,1,1,1,0,0]
1081 484 408 [0,0,0,0,1,1][0,0,1,1,1,1][0,0,1,1,1,1][1,1,1,1,1,1][2,2,3,3,1,1][2,2,3,3,1,1]; 2/3 Swapped Transposed = [0,0,0,1,3,3][0,0,0,1,3,3][0,1,1,1,2,2][0,1,1,1,2,2][1,1,1,1,1,1][1,1,1,1,1,1]; Matches = 1683 0 0 [0,0,0,1,3,3][0,0,0,1,3,3][0,1,1,1,2,2][0,1,1,1,2,2][1,1,1,1,1,1][1,1,1,1,1,1]
1080 483 407 [0,0,0,0,1,1][0,0,1,1,1,1][0,0,1,1,1,1][1,1,1,1,1,1][2,2,3,3,0,0][2,2,3,3,0,0]; 2/3 Swapped Transposed = [0,0,0,1,3,3][0,0,0,1,3,3][0,1,1,1,2,2][0,1,1,1,2,2][1,1,1,1,0,0][1,1,1,1,0,0]; Matches = 1682 0 0 [0,0,0,1,3,3][0,0,0,1,3,3][0,1,1,1,2,2][0,1,1,1,2,2][1,1,1,1,0,0][1,1,1,1,0,0]
1076 480 404 [0,0,0,0,1,1][0,0,1,1,1,1][0,0,1,1,1,1][1,1,0,0,1,1][2,2,1,1,0,1][2,2,1,1,0,1]; 2/3 Swapped Transposed = [0,0,0,1,3,3][0,0,0,1,3,3][0,1,1,0,1,1][0,1,1,0,1,1][1,1,1,1,0,0][1,1,1,1,1,1]; Matches = 1677 0 0 [0,0,0,1,3,3][0,0,0,1,3,3][0,1,1,0,1,1][0,1,1,0,1,1][1,1,1,1,0,0][1,1,1,1,1,1]
355 190 173 [0,0,0,0,0,0][0,0,1,1,1,1][0,0,1,1,1,1][1,1,0,0,1,1][2,2,1,1,2,2][2,2,1,1,2,2]; 2/3 Swapped Transposed = [0,0,0,1,3,3][0,0,0,1,3,3][0,1,1,0,1,1][0,1,1,0,1,1][0,1,1,1,3,3][0,1,1,1,3,3]; Matches = 1674 0 0 [0,0,0,1,3,3][0,0,0,1,3,3][0,1,1,0,1,1][0,1,1,0,1,1][0,1,1,1,3,3][0,1,1,1,3,3]
356 191 174 [0,0,0,0,0,0][0,0,1,1,1,1][0,0,1,1,1,1][1,1,0,0,1,1][2,2,1,1,3,3][2,2,1,1,3,3]; 2/3 Swapped Transposed = [0,0,0,1,3,3][0,0,0,1,3,3][0,1,1,0,1,1][0,1,1,0,1,1][0,1,1,1,2,2][0,1,1,1,2,2]; Matches = 1673 0 0 [0,0,0,1,3,3][0,0,0,1,3,3][0,1,1,0,1,1][0,1,1,0,1,1][0,1,1,1,2,2][0,1,1,1,2,2]
636 324 276 [0,0,0,0,1,1][0,0,0,0,1,1][0,0,2,2,2,2][1,1,2,2,3,3][2,2,0,0,2,2][2,2,1,1,3,3]; 2/3 Swapped Transposed = [0,0,0,1,3,3][0,0,0,1,3,3][0,0,3,3,0,1][0,0,3,3,0,1][1,1,3,2,3,2][1,1,3,2,3,2]; Matches = 1660 0 0 [0,0,0,1,3,3][0,0,0,1,3,3][0,0,3,3,0,1][0,0,3,3,0,1][1,1,3,2,3,2][1,1,3,2,3,2]
637 325 277 [0,0,0,0,1,1][0,0,0,0,1,1][0,0,2,2,2,2][1,1,2,2,3,3][2,2,0,0,3,3][2,2,1,1,2,2]; 2/3 Swapped Transposed = [0,0,0,1,3,3][0,0,0,1,3,3][0,0,3,3,0,1][0,0,3,3,0,1][1,1,3,2,2,3][1,1,3,2,2,3]; Matches = 1659 0 0 [0,0,0,1,3,3][0,0,0,1,3,3][0,0,3,3,0,1][0,0,3,3,0,1][1,1,2,3,3,2][1,1,2,3,3,2]
668 339 285 [0,0,0,0,1,1][0,0,0,0,1,1][0,0,2,2,3,3][1,1,2,2,2,2][2,2,0,0,3,3][2,2,1,1,2,2]; 2/3 Swapped Transposed = [0,0,0,1,3,3][0,0,0,1,3,3][0,0,3,3,0,1][0,0,3,3,0,1][1,1,2,3,2,3][1,1,2,3,2,3]; Matches = 1658 0 0 [0,0,0,1,3,3][0,0,0,1,3,3][0,0,3,3,0,1][0,0,3,3,0,1][1,1,2,3,2,3][1,1,2,3,2,3]
599 302 269 [0,0,0,0,1,1][0,0,0,0,1,1][0,0,2,2,0,1][1,1,2,2,0,1][2,2,0,0,1,0][2,2,1,1,1,0]; 2/3 Swapped Transposed = [0,0,0,1,3,3][0,0,0,1,3,3][0,0,3,3,0,1][0,0,3,3,0,1][1,1,0,0,1,1][1,1,1,1,0,0]; Matches = 1657 0 0 [0,0,0,1,3,3][0,0,0,1,3,3][0,0,3,3,0,1][0,0,3,3,0,1][1,1,0,0,1,1][1,1,1,1,0,0]
669 340 286 [0,0,0,0,1,1][0,0,0,0,1,1][0,0,2,2,3,3][1,1,3,3,3,3][2,2,2,2,0,0][2,2,3,3,1,1]; 2/3 Swapped Transposed = [0,0,0,1,3,3][0,0,0,1,3,3][0,0,3,2,3,2][0,0,3,2,3,2][1,1,2,2,0,1][1,1,2,2,0,1]; Matches = 1653 0 0 [0,0,0,1,3,3][0,0,0,1,3,3][0,0,3,2,2,3][0,0,3,2,2,3][1,1,2,2,1,0][1,1,2,2,1,0]
670 341 287 [0,0,0,0,1,1][0,0,0,0,1,1][0,0,2,2,3,3][1,1,3,3,3,3][2,2,2,2,1,1][2,2,3,3,0,0]; 2/3 Swapped Transposed = [0,0,0,1,3,3][0,0,0,1,3,3][0,0,3,2,3,2][0,0,3,2,3,2][1,1,2,2,1,0][1,1,2,2,1,0]; Matches = 1652 0 0 [0,0,0,1,3,3][0,0,0,1,3,3][0,0,3,2,2,3][0,0,3,2,2,3][1,1,2,2,0,1][1,1,2,2,0,1]
600 303 270 [0,0,0,0,1,1][0,0,0,0,1,1][0,0,2,2,0,1][1,1,3,3,0,1][2,2,2,2,1,1][2,2,3,3,1,1]; 2/3 Swapped Transposed = [0,0,0,1,3,3][0,0,0,1,3,3][0,0,3,2,3,2][0,0,3,2,3,2][1,1,0,0,1,1][1,1,1,1,1,1]; Matches = 1651 0 0 [0,0,0,1,3,3][0,0,0,1,3,3][0,0,3,2,2,3][0,0,3,2,2,3][1,1,0,0,1,1][1,1,1,1,1,1]
105 68 66 [0,0,0,0,0,0][0,0,0,0,0,0][0,0,2,2,2,2][1,1,2,2,3,3][2,2,0,0,2,2][2,2,1,1,3,3]; 2/3 Swapped Transposed = [0,0,0,1,3,3][0,0,0,1,3,3][0,0,3,3,0,1][0,0,3,3,0,1][0,0,3,2,3,2][0,0,3,2,3,2]; Matches = 1649 0 0 [0,0,0,1,3,3][0,0,0,1,3,3][0,0,3,2,2,3][0,0,3,2,2,3][0,0,3,3,1,0][0,0,3,3,1,0]
106 69 67 [0,0,0,0,0,0][0,0,0,0,0,0][0,0,2,2,2,2][1,1,2,2,3,3][2,2,0,0,3,3][2,2,1,1,2,2]; 2/3 Swapped Transposed = [0,0,0,1,3,3][0,0,0,1,3,3][0,0,3,3,0,1][0,0,3,3,0,1][0,0,3,2,2,3][0,0,3,2,2,3]; Matches = 1642 0 0 [0,0,0,1,3,3][0,0,0,1,3,3][0,0,2,3,2,3][0,0,2,3,2,3][0,0,3,3,1,0][0,0,3,3,1,0]
135 87 84 [0,0,0,0,0,0][0,0,0,0,0,0][0,0,2,2,3,3][1,1,2,2,2,2][2,2,0,0,3,3][2,2,1,1,2,2]; 2/3 Swapped Transposed = [0,0,0,1,3,3][0,0,0,1,3,3][0,0,3,3,0,1][0,0,3,3,0,1][0,0,2,3,2,3][0,0,2,3,2,3]; Matches = 1641 0 0 [0,0,0,1,3,3][0,0,0,1,3,3][0,0,2,3,2,3][0,0,2,3,2,3][0,0,3,3,0,1][0,0,3,3,0,1]
761 359 300 [0,0,0,0,1,1][0,0,0,0,1,1][0,0,3,3,2,2][1,1,3,3,3,3][2,2,0,0,3,3][2,2,1,1,2,2]; 2/3 Swapped Transposed = [0,0,0,1,3,3][0,0,0,1,3,3][0,0,2,2,0,1][0,0,2,2,0,1][1,1,3,2,2,3][1,1,3,2,2,3]; Matches = 1639 0 0 [0,0,0,1,3,3][0,0,0,1,3,3][0,0,2,2,0,1][0,0,2,2,0,1][1,1,3,2,2,3][1,1,3,2,2,3]
777 360 301 [0,0,0,0,1,1][0,0,0,0,1,1][0,0,3,3,3,3][1,1,3,3,2,2][2,2,0,0,2,2][2,2,1,1,3,3]; 2/3 Swapped Transposed = [0,0,0,1,3,3][0,0,0,1,3,3][0,0,2,2,0,1][0,0,2,2,0,1][1,1,2,3,3,2][1,1,2,3,3,2]; Matches = 1638 0 0 [0,0,0,1,3,3][0,0,0,1,3,3][0,0,2,2,0,1][0,0,2,2,0,1][1,1,2,3,3,2][1,1,2,3,3,2]
739 357 298 [0,0,0,0,1,1][0,0,0,0,1,1][0,0,3,3,0,1][1,1,3,3,0,1][2,2,0,0,1,0][2,2,1,1,1,0]; 2/3 Swapped Transposed = [0,0,0,1,3,3][0,0,0,1,3,3][0,0,2,2,0,1][0,0,2,2,0,1][1,1,0,0,1,1][1,1,1,1,0,0]; Matches = 1636 0 0 [0,0,0,1,3,3][0,0,0,1,3,3][0,0,2,2,0,1][0,0,2,2,0,1][1,1,0,0,1,1][1,1,1,1,0,0]
139 91 88 [0,0,0,0,0,0][0,0,0,0,0,0][0,0,2,2,3,3][1,1,3,3,3,3][2,2,2,2,1,1][2,2,3,3,0,0]; 2/3 Swapped Transposed = [0,0,0,1,3,3][0,0,0,1,3,3][0,0,3,2,3,2][0,0,3,2,3,2][0,0,2,2,1,0][0,0,2,2,1,0]; Matches = 1633 0 0 [0,0,0,1,3,3][0,0,0,1,3,3][0,0,2,2,0,1][0,0,2,2,0,1][0,0,3,2,2,3][0,0,3,2,2,3]
148 92 89 [0,0,0,0,0,0][0,0,0,0,0,0][0,0,3,3,3,3][1,1,2,2,3,3][2,2,2,2,0,0][2,2,3,3,1,1]; 2/3 Swapped Transposed = [0,0,0,1,3,3][0,0,0,1,3,3][0,0,2,3,3,2][0,0,2,3,3,2][0,0,2,2,0,1][0,0,2,2,0,1]; Matches = 1632 0 0 [0,0,0,1,3,3][0,0,0,1,3,3][0,0,2,2,0,1][0,0,2,2,0,1][0,0,2,3,3,2][0,0,2,3,3,2]
909 437 0 [0,0,0,0,1,1][0,0,0,1,0,1][0,0,1,1,1,1][1,1,1,0,0,1][2,2,1,1,1,0][2,2,1,1,1,0]; 2/3 Swapped Transposed = [0,0,0,1,3,3][0,0,0,1,3,3][0,0,1,1,1,1][0,1,1,0,1,1][1,0,1,0,1,1][1,1,1,1,0,0]; Matches = 1622 0 0 [0,0,0,1,3,3][0,0,0,1,3,3][0,0,1,1,1,1][0,1,1,0,1,1][1,0,1,0,1,1][1,1,1,1,0,0]
907 436 0 [0,0,0,0,1,1][0,0,0,1,0,1][0,0,1,0,0,1][1,1,1,1,1,1][2,2,1,1,1,0][2,2,1,1,1,0]; 2/3 Swapped Transposed = [0,0,0,1,3,3][0,0,0,1,3,3][0,0,1,1,1,1][0,1,0,1,1,1][1,0,0,1,1,1][1,1,1,1,0,0]; Matches = 1618 0 0 [0,0,0,1,3,3][0,0,0,1,3,3][0,0,1,1,1,1][0,1,0,1,1,1][1,0,0,1,1,1][1,1,1,1,0,0]
573 283 260 [0,0,0,0,1,1][0,0,0,0,1,1][0,0,1,1,1,1][1,1,1,1,1,1][2,2,1,1,0,1][2,2,1,1,0,1]; 2/3 Swapped Transposed = [0,0,0,1,3,3][0,0,0,1,3,3][0,0,1,1,1,1][0,0,1,1,1,1][1,1,1,1,0,0][1,1,1,1,1,1]; Matches = 1617 0 0 [0,0,0,1,3,3][0,0,0,1,3,3][0,0,1,1,1,1][0,0,1,1,1,1][1,1,1,1,0,0][1,1,1,1,1,1]
555 271 248 [0,0,0,0,1,1][0,0,0,0,1,1][0,0,1,1,0,0][1,1,1,1,1,1][2,2,1,1,2,2][2,2,1,1,2,2]; 2/3 Swapped Transposed = [0,0,0,1,3,3][0,0,0,1,3,3][0,0,1,1,1,1][0,0,1,1,1,1][1,1,0,1,3,3][1,1,0,1,3,3]; Matches = 1614 0 0 [0,0,0,1,3,3][0,0,0,1,3,3][0,0,1,1,1,1][0,0,1,1,1,1][1,1,0,1,3,3][1,1,0,1,3,3]
556 272 249 [0,0,0,0,1,1][0,0,0,0,1,1][0,0,1,1,0,0][1,1,1,1,1,1][2,2,1,1,3,3][2,2,1,1,3,3]; 2/3 Swapped Transposed = [0,0,0,1,3,3][0,0,0,1,3,3][0,0,1,1,1,1][0,0,1,1,1,1][1,1,0,1,2,2][1,1,0,1,2,2]; Matches = 1613 0 0 [0,0,0,1,3,3][0,0,0,1,3,3][0,0,1,1,1,1][0,0,1,1,1,1][1,1,0,1,2,2][1,1,0,1,2,2]
233 133 127 [0,0,0,0,0,0][0,0,0,0,1,1][0,0,1,1,1,1][1,1,1,1,1,1][2,2,1,1,2,2][2,2,1,1,2,2]; 2/3 Swapped Transposed = [0,0,0,1,3,3][0,0,0,1,3,3][0,0,1,1,1,1][0,0,1,1,1,1][0,1,1,1,3,3][0,1,1,1,3,3]; Matches = 1611 0 0 [0,0,0,1,3,3][0,0,0,1,3,3][0,0,1,1,1,1][0,0,1,1,1,1][0,1,1,1,3,3][0,1,1,1,3,3]
234 134 128 [0,0,0,0,0,0][0,0,0,0,1,1][0,0,1,1,1,1][1,1,1,1,1,1][2,2,1,1,3,3][2,2,1,1,3,3]; 2/3 Swapped Transposed = [0,0,0,1,3,3][0,0,0,1,3,3][0,0,1,1,1,1][0,0,1,1,1,1][0,1,1,1,2,2][0,1,1,1,2,2]; Matches = 1610 0 0 [0,0,0,1,3,3][0,0,0,1,3,3][0,0,1,1,1,1][0,0,1,1,1,1][0,1,1,1,2,2][0,1,1,1,2,2]
561 275 252 [0,0,0,0,1,1][0,0,0,0,1,1][0,0,1,1,1,1][1,1,0,0,1,1][2,2,2,2,1,1][2,2,2,2,1,1]; 2/3 Swapped Transposed = [0,0,0,1,3,3][0,0,0,1,3,3][0,0,1,0,3,3][0,0,1,0,3,3][1,1,1,1,1,1][1,1,1,1,1,1]; Matches = 1573 0 0 [0,0,0,1,3,3][0,0,0,1,3,3][0,0,1,0,3,3][0,0,1,0,3,3][1,1,1,1,1,1][1,1,1,1,1,1]
560 274 251 [0,0,0,0,1,1][0,0,0,0,1,1][0,0,1,1,1,1][1,1,0,0,1,1][2,2,2,2,0,0][2,2,2,2,0,0]; 2/3 Swapped Transposed = [0,0,0,1,3,3][0,0,0,1,3,3][0,0,1,0,3,3][0,0,1,0,3,3][1,1,1,1,0,0][1,1,1,1,0,0]; Matches = 1572 0 0 [0,0,0,1,3,3][0,0,0,1,3,3][0,0,1,0,3,3][0,0,1,0,3,3][1,1,1,1,0,0][1,1,1,1,0,0]
551 268 245 [0,0,0,0,1,1][0,0,0,0,1,1][0,0,1,1,0,0][1,1,0,0,0,0][2,2,2,2,1,1][2,2,2,2,1,1]; 2/3 Swapped Transposed = [0,0,0,1,3,3][0,0,0,1,3,3][0,0,1,0,3,3][0,0,1,0,3,3][1,1,0,0,1,1][1,1,0,0,1,1]; Matches = 1571 0 0 [0,0,0,1,3,3][0,0,0,1,3,3][0,0,1,0,3,3][0,0,1,0,3,3][1,1,0,0,1,1][1,1,0,0,1,1]
195 118 115 [0,0,0,0,0,0][0,0,0,0,1,1][0,0,0,0,1,1][1,1,1,1,0,0][2,2,2,2,1,1][2,2,2,2,1,1]; 2/3 Swapped Transposed = [0,0,0,1,3,3][0,0,0,1,3,3][0,0,0,1,3,3][0,0,0,1,3,3][0,1,1,0,1,1][0,1,1,0,1,1]; Matches = 1569 0 0 [0,0,0,1,3,3][0,0,0,1,3,3][0,0,1,0,3,3][0,0,1,0,3,3][0,1,0,1,1,1][0,1,0,1,1,1]
84 48 48 [0,0,0,0,0,0][0,0,0,0,0,0][0,0,1,1,1,1][1,1,0,0,1,1][2,2,2,2,1,1][2,2,2,2,1,1]; 2/3 Swapped Transposed = [0,0,0,1,3,3][0,0,0,1,3,3][0,0,1,0,3,3][0,0,1,0,3,3][0,0,1,1,1,1][0,0,1,1,1,1]; Matches = 1567 0 0 [0,0,0,1,3,3][0,0,0,1,3,3][0,0,1,0,3,3][0,0,1,0,3,3][0,0,1,1,1,1][0,0,1,1,1,1]
196 119 116 [0,0,0,0,0,0][0,0,0,0,1,1][0,0,0,0,1,1][1,1,1,1,0,0][2,2,3,3,1,1][2,2,3,3,1,1]; 2/3 Swapped Transposed = [0,0,0,1,3,3][0,0,0,1,3,3][0,0,0,1,2,2][0,0,0,1,2,2][0,1,1,0,1,1][0,1,1,0,1,1]; Matches = 1565 0 0 [0,0,0,1,3,3][0,0,0,1,3,3][0,0,1,0,2,2][0,0,1,0,2,2][0,1,0,1,1,1][0,1,0,1,1,1]
459 246 227 [0,0,0,0,1,1][0,0,0,0,1,1][0,0,0,0,1,1][1,1,1,1,1,1][2,2,2,2,1,1][2,2,2,2,1,1]; 2/3 Swapped Transposed = [0,0,0,1,3,3][0,0,0,1,3,3][0,0,0,1,3,3][0,0,0,1,3,3][1,1,1,1,1,1][1,1,1,1,1,1]; Matches = 1563 0 0 [0,0,0,1,3,3][0,0,0,1,3,3][0,0,0,1,3,3][0,0,0,1,3,3][1,1,1,1,1,1][1,1,1,1,1,1]
458 245 226 [0,0,0,0,1,1][0,0,0,0,1,1][0,0,0,0,1,1][1,1,1,1,1,1][2,2,2,2,0,0][2,2,2,2,0,0]; 2/3 Swapped Transposed = [0,0,0,1,3,3][0,0,0,1,3,3][0,0,0,1,3,3][0,0,0,1,3,3][1,1,1,1,0,0][1,1,1,1,0,0]; Matches = 1562 0 0 [0,0,0,1,3,3][0,0,0,1,3,3][0,0,0,1,3,3][0,0,0,1,3,3][1,1,1,1,0,0][1,1,1,1,0,0]
195 118 115 [0,0,0,0,0,0][0,0,0,0,1,1][0,0,0,0,1,1][1,1,1,1,0,0][2,2,2,2,1,1][2,2,2,2,1,1]; 2/3 Swapped Transposed = [0,0,0,1,3,3][0,0,0,1,3,3][0,0,0,1,3,3][0,0,0,1,3,3][0,1,1,0,1,1][0,1,1,0,1,1]; Matches = 1561 0 0 [0,0,0,1,3,3][0,0,0,1,3,3][0,0,0,1,3,3][0,0,0,1,3,3][0,1,1,0,1,1][0,1,1,0,1,1]
23 15 15 [0,0,0,0,0,0][0,0,0,0,0,0][0,0,0,0,1,1][1,1,1,1,1,1][2,2,2,2,1,1][2,2,2,2,1,1]; 2/3 Swapped Transposed = [0,0,0,1,3,3][0,0,0,1,3,3][0,0,0,1,3,3][0,0,0,1,3,3][0,0,1,1,1,1][0,0,1,1,1,1]; Matches = 1559 0 0 [0,0,0,1,3,3][0,0,0,1,3,3][0,0,0,1,3,3][0,0,0,1,3,3][0,0,1,1,1,1][0,0,1,1,1,1]
1136 498 414 [0,0,0,0,1,1][0,0,1,1,1,1][0,1,0,1,1,1][1,0,0,1,1,1][2,2,3,3,1,1][2,2,3,3,1,1]; 2/3 Swapped Transposed = [0,0,0,1,3,3][0,0,1,0,3,3][0,1,0,0,2,2][0,1,1,1,2,2][1,1,1,1,1,1][1,1,1,1,1,1]; Matches = 1525 0 0 [0,0,0,1,2,2][0,0,1,0,3,3][0,1,0,0,3,3][0,1,1,1,2,2][1,1,1,1,1,1][1,1,1,1,1,1]
1135 497 413 [0,0,0,0,1,1][0,0,1,1,1,1][0,1,0,1,1,1][1,0,0,1,1,1][2,2,3,3,0,0][2,2,3,3,0,0]; 2/3 Swapped Transposed = [0,0,0,1,3,3][0,0,1,0,3,3][0,1,0,0,2,2][0,1,1,1,2,2][1,1,1,1,0,0][1,1,1,1,0,0]; Matches = 1524 0 0 [0,0,0,1,2,2][0,0,1,0,3,3][0,1,0,0,3,3][0,1,1,1,2,2][1,1,1,1,0,0][1,1,1,1,0,0]
793 370 311 [0,0,0,0,1,1][0,0,0,0,1,1][0,1,1,1,2,2][1,0,1,1,2,2][3,3,1,1,0,1][3,3,1,1,1,0]; 2/3 Swapped Transposed = [0,0,0,1,2,2][0,0,1,0,2,2][0,0,1,1,1,1][0,0,1,1,1,1][1,1,3,3,0,1][1,1,3,3,1,0]; Matches = 1500 0 0 [0,0,0,1,2,2][0,0,1,0,2,2][0,0,1,1,1,1][0,0,1,1,1,1][1,1,3,3,0,1][1,1,3,3,1,0]
365 198 181 [0,0,0,0,0,0][0,0,1,1,1,1][0,0,2,2,3,3][0,0,2,2,3,3][1,1,0,1,0,1][1,1,0,1,0,1]; 2/3 Swapped Transposed = [0,0,0,0,1,1][0,0,0,0,1,1][0,1,3,3,0,0][0,1,3,3,1,1][0,1,2,2,0,0][0,1,2,2,1,1]; Matches = 1476 0 0 [0,0,0,1,2,2][0,0,0,1,3,3][0,1,1,0,0,0][0,1,1,0,0,0][0,1,1,1,2,2][0,1,1,1,3,3]
679 344 290 [0,0,0,0,1,1][0,0,0,0,1,1][0,0,2,3,2,3][0,0,2,3,2,3][1,1,0,0,0,0][1,1,1,1,1,1]; 2/3 Swapped Transposed = [0,0,0,0,1,1][0,0,0,0,1,1][0,0,3,3,0,1][0,0,2,2,0,1][1,1,3,3,0,1][1,1,2,2,0,1]; Matches = 1465 0 0 [0,0,0,1,2,2][0,0,0,1,3,3][0,0,1,1,0,0][0,0,1,1,0,0][1,1,0,1,2,2][1,1,0,1,3,3]
253 149 0 [0,0,0,0,0,0][0,0,0,0,1,1][0,0,2,3,2,3][0,0,2,3,2,3][1,1,0,0,1,1][1,1,1,1,1,1]; 2/3 Swapped Transposed = [0,0,0,0,1,1][0,0,0,0,1,1][0,0,3,3,0,1][0,0,2,2,0,1][0,1,3,3,1,1][0,1,2,2,1,1]; Matches = 1464 0 0 [0,0,0,1,2,2][0,0,0,1,3,3][0,0,1,1,0,0][0,0,1,1,0,0][0,1,1,1,2,2][0,1,1,1,3,3]
1186 522 436 [0,0,0,0,1,1][0,0,2,2,2,2][0,0,2,2,2,2][1,1,1,1,1,1][3,3,1,1,2,2][3,3,1,1,2,2]; 2/3 Swapped Transposed = [0,0,0,1,2,2][0,0,0,1,2,2][0,3,3,1,1,1][0,3,3,1,1,1][1,3,3,1,3,3][1,3,3,1,3,3]; Matches = 1431 0 0 [0,0,0,1,2,2][0,0,0,1,2,2][0,3,3,1,1,1][0,3,3,1,1,1][1,3,3,1,3,3][1,3,3,1,3,3]
1187 523 437 [0,0,0,0,1,1][0,0,2,2,2,2][0,0,2,2,2,2][1,1,1,1,1,1][3,3,1,1,3,3][3,3,1,1,3,3]; 2/3 Swapped Transposed = [0,0,0,1,2,2][0,0,0,1,2,2][0,3,3,1,1,1][0,3,3,1,1,1][1,3,3,1,2,2][1,3,3,1,2,2]; Matches = 1430 0 0 [0,0,0,1,2,2][0,0,0,1,2,2][0,3,3,1,1,1][0,3,3,1,1,1][1,3,3,1,2,2][1,3,3,1,2,2]
1199 534 448 [0,0,0,0,1,1][0,0,2,2,3,3][0,0,2,2,3,3][1,1,1,1,1,1][3,3,1,1,2,2][3,3,1,1,2,2]; 2/3 Swapped Transposed = [0,0,0,1,2,2][0,0,0,1,2,2][0,3,3,1,1,1][0,3,3,1,1,1][1,2,2,1,3,3][1,2,2,1,3,3]; Matches = 1429 0 0 [0,0,0,1,2,2][0,0,0,1,2,2][0,3,3,1,1,1][0,3,3,1,1,1][1,2,2,1,3,3][1,2,2,1,3,3]
1200 535 449 [0,0,0,0,1,1][0,0,2,2,3,3][0,0,2,2,3,3][1,1,1,1,1,1][3,3,1,1,3,3][3,3,1,1,3,3]; 2/3 Swapped Transposed = [0,0,0,1,2,2][0,0,0,1,2,2][0,3,3,1,1,1][0,3,3,1,1,1][1,2,2,1,2,2][1,2,2,1,2,2]; Matches = 1428 0 0 [0,0,0,1,2,2][0,0,0,1,2,2][0,3,3,1,1,1][0,3,3,1,1,1][1,2,2,1,2,2][1,2,2,1,2,2]
640 328 280 [0,0,0,0,1,1][0,0,0,0,1,1][0,0,2,2,2,2][1,1,3,3,2,2][3,3,2,2,0,0][3,3,3,3,1,1]; 2/3 Swapped Transposed = [0,0,0,1,2,2][0,0,0,1,2,2][0,0,3,2,3,2][0,0,3,2,3,2][1,1,3,3,0,1][1,1,3,3,0,1]; Matches = 1391 0 0 [0,0,0,1,2,2][0,0,0,1,2,2][0,0,3,2,2,3][0,0,3,2,2,3][1,1,3,3,1,0][1,1,3,3,1,0]
641 329 281 [0,0,0,0,1,1][0,0,0,0,1,1][0,0,2,2,2,2][1,1,3,3,2,2][3,3,2,2,1,1][3,3,3,3,0,0]; 2/3 Swapped Transposed = [0,0,0,1,2,2][0,0,0,1,2,2][0,0,3,2,3,2][0,0,3,2,3,2][1,1,3,3,1,0][1,1,3,3,1,0]; Matches = 1390 0 0 [0,0,0,1,2,2][0,0,0,1,2,2][0,0,3,2,2,3][0,0,3,2,2,3][1,1,3,3,0,1][1,1,3,3,0,1]
601 304 271 [0,0,0,0,1,1][0,0,0,0,1,1][0,0,2,2,0,1][1,1,3,3,0,1][3,3,2,2,1,1][3,3,3,3,1,1]; 2/3 Swapped Transposed = [0,0,0,1,2,2][0,0,0,1,2,2][0,0,3,2,3,2][0,0,3,2,3,2][1,1,0,0,1,1][1,1,1,1,1,1]; Matches = 1387 0 0 [0,0,0,1,2,2][0,0,0,1,2,2][0,0,3,2,2,3][0,0,3,2,2,3][1,1,0,0,1,1][1,1,1,1,1,1]
111 71 69 [0,0,0,0,0,0][0,0,0,0,0,0][0,0,2,2,3,3][0,0,2,2,3,3][1,1,0,0,0,0][1,1,1,1,1,1]; 2/3 Swapped Transposed = [0,0,0,0,1,1][0,0,0,0,1,1][0,0,3,3,0,1][0,0,3,3,0,1][0,0,2,2,0,1][0,0,2,2,0,1]; Matches = 1295 0 0 [0,0,0,1,2,2][0,0,0,1,2,2][0,0,0,1,3,3][0,0,0,1,3,3][0,0,1,1,0,0][0,0,1,1,0,0]
380 205 186 [0,0,0,0,0,0][0,0,1,1,1,1][0,1,1,1,2,2][0,1,1,1,2,2][1,1,0,0,1,1][1,1,1,1,1,1]; 2/3 Swapped Transposed = [0,0,0,0,1,1][0,0,1,1,1,1][0,1,1,1,0,1][0,1,1,1,0,1][0,1,3,3,1,1][0,1,3,3,1,1]; Matches = 1142 0 0 [0,0,0,0,1,1][0,0,1,1,1,1][0,1,1,1,0,1][0,1,1,1,0,1][0,1,3,3,1,1][0,1,3,3,1,1]
805 377 318 [0,0,0,0,1,1][0,0,0,0,1,1][0,1,2,2,0,0][0,1,2,2,1,1][1,1,2,2,0,1][1,1,2,2,1,0]; 2/3 Swapped Transposed = [0,0,0,0,1,1][0,0,1,1,1,1][0,0,3,3,3,3][0,0,3,3,3,3][1,1,0,1,0,1][1,1,0,1,1,0]; Matches = 1122 0 0 [0,0,0,0,1,1][0,0,1,1,1,1][0,0,3,3,3,3][0,0,3,3,3,3][1,1,0,1,0,1][1,1,0,1,1,0]
284 160 151 [0,0,0,0,0,0][0,0,0,0,1,1][0,1,2,2,1,1][0,1,2,2,1,1][1,1,2,2,2,2][1,1,2,2,2,2]; 2/3 Swapped Transposed = [0,0,0,0,1,1][0,0,1,1,1,1][0,0,3,3,3,3][0,0,3,3,3,3][0,1,1,1,3,3][0,1,1,1,3,3]; Matches = 1120 0 0 [0,0,0,0,1,1][0,0,1,1,1,1][0,0,3,3,3,3][0,0,3,3,3,3][0,1,1,1,3,3][0,1,1,1,3,3]
285 161 152 [0,0,0,0,0,0][0,0,0,0,1,1][0,1,2,2,1,1][0,1,2,2,1,1][1,1,2,2,3,3][1,1,2,2,3,3]; 2/3 Swapped Transposed = [0,0,0,0,1,1][0,0,1,1,1,1][0,0,3,3,3,3][0,0,3,3,3,3][0,1,1,1,2,2][0,1,1,1,2,2]; Matches = 1119 0 0 [0,0,0,0,1,1][0,0,1,1,1,1][0,0,3,3,3,3][0,0,3,3,3,3][0,1,1,1,2,2][0,1,1,1,2,2]
806 378 319 [0,0,0,0,1,1][0,0,0,0,1,1][0,1,2,2,0,0][0,1,2,2,1,1][1,1,3,3,0,1][1,1,3,3,1,0]; 2/3 Swapped Transposed = [0,0,0,0,1,1][0,0,1,1,1,1][0,0,3,3,2,2][0,0,3,3,2,2][1,1,0,1,0,1][1,1,0,1,1,0]; Matches = 1115 0 0 [0,0,0,0,1,1][0,0,1,1,1,1][0,0,3,3,2,2][0,0,3,3,2,2][1,1,0,1,0,1][1,1,0,1,1,0]
286 162 153 [0,0,0,0,0,0][0,0,0,0,1,1][0,1,2,2,1,1][0,1,2,2,1,1][1,1,3,3,2,2][1,1,3,3,2,2]; 2/3 Swapped Transposed = [0,0,0,0,1,1][0,0,1,1,1,1][0,0,3,3,2,2][0,0,3,3,2,2][0,1,1,1,3,3][0,1,1,1,3,3]; Matches = 1113 0 0 [0,0,0,0,1,1][0,0,1,1,1,1][0,0,3,3,2,2][0,0,3,3,2,2][0,1,1,1,3,3][0,1,1,1,3,3]
287 163 154 [0,0,0,0,0,0][0,0,0,0,1,1][0,1,2,2,1,1][0,1,2,2,1,1][1,1,3,3,3,3][1,1,3,3,3,3]; 2/3 Swapped Transposed = [0,0,0,0,1,1][0,0,1,1,1,1][0,0,3,3,2,2][0,0,3,3,2,2][0,1,1,1,2,2][0,1,1,1,2,2]; Matches = 1112 0 0 [0,0,0,0,1,1][0,0,1,1,1,1][0,0,3,3,2,2][0,0,3,3,2,2][0,1,1,1,2,2][0,1,1,1,2,2]
811 383 324 [0,0,0,0,1,1][0,0,0,0,1,1][0,1,2,2,0,0][0,1,3,3,1,1][1,1,2,2,2,2][1,1,3,3,2,2]; 2/3 Swapped Transposed = [0,0,0,0,1,1][0,0,1,1,1,1][0,0,3,2,3,2][0,0,3,2,3,2][1,1,0,1,3,3][1,1,0,1,3,3]; Matches = 1108 0 0 [0,0,0,0,1,1][0,0,1,1,1,1][0,0,2,3,2,3][0,0,2,3,2,3][1,1,1,0,3,3][1,1,1,0,3,3]
812 384 325 [0,0,0,0,1,1][0,0,0,0,1,1][0,1,2,2,0,0][0,1,3,3,1,1][1,1,2,2,3,3][1,1,3,3,3,3]; 2/3 Swapped Transposed = [0,0,0,0,1,1][0,0,1,1,1,1][0,0,3,2,3,2][0,0,3,2,3,2][1,1,0,1,2,2][1,1,0,1,2,2]; Matches = 1107 0 0 [0,0,0,0,1,1][0,0,1,1,1,1][0,0,2,3,2,3][0,0,2,3,2,3][1,1,1,0,2,2][1,1,1,0,2,2]
806 378 319 [0,0,0,0,1,1][0,0,0,0,1,1][0,1,2,2,0,0][0,1,2,2,1,1][1,1,3,3,0,1][1,1,3,3,1,0]; 2/3 Swapped Transposed = [0,0,0,0,1,1][0,0,1,1,1,1][0,0,3,3,2,2][0,0,3,3,2,2][1,1,0,1,0,1][1,1,0,1,1,0]; Matches = 1106 0 0 [0,0,0,0,1,1][0,0,1,1,1,1][0,0,2,3,2,3][0,0,2,3,2,3][1,1,1,0,0,1][1,1,1,0,1,0]
279 157 148 [0,0,0,0,0,0][0,0,0,0,1,1][0,1,1,1,2,2][0,1,1,1,2,2][1,1,1,1,1,1][1,1,1,1,1,1]; 2/3 Swapped Transposed = [0,0,0,0,1,1][0,0,1,1,1,1][0,0,1,1,1,1][0,0,1,1,1,1][0,1,3,3,1,1][0,1,3,3,1,1]; Matches = 1068 0 0 [0,0,0,0,1,1][0,0,1,1,1,1][0,0,1,1,1,1][0,0,1,1,1,1][0,1,3,3,1,1][0,1,3,3,1,1]
378 203 184 [0,0,0,0,0,0][0,0,1,1,1,1][0,1,1,1,2,2][0,1,1,1,2,2][1,0,2,2,1,1][1,0,2,2,1,1]; 2/3 Swapped Transposed = [0,0,0,0,1,1][0,0,1,1,0,0][0,1,1,1,3,3][0,1,1,1,3,3][0,1,3,3,1,1][0,1,3,3,1,1]; Matches = 1044 0 0 [0,0,0,0,1,1][0,0,1,1,0,0][0,1,1,1,3,3][0,1,1,1,3,3][0,1,3,3,1,1][0,1,3,3,1,1]
383 207 188 [0,0,0,0,0,0][0,0,1,1,1,1][0,1,1,1,3,3][0,1,1,1,3,3][1,0,2,2,1,1][1,0,2,2,1,1]; 2/3 Swapped Transposed = [0,0,0,0,1,1][0,0,1,1,0,0][0,1,1,1,3,3][0,1,1,1,3,3][0,1,2,2,1,1][0,1,2,2,1,1]; Matches = 1043 0 0 [0,0,0,0,1,1][0,0,1,1,0,0][0,1,1,1,3,3][0,1,1,1,3,3][0,1,2,2,1,1][0,1,2,2,1,1]
374 201 0 [0,0,0,0,0,0][0,0,1,1,1,1][0,1,0,1,1,1][0,1,1,0,1,1][1,0,1,1,2,2][1,0,1,1,2,2]; 2/3 Swapped Transposed = [0,0,0,0,1,1][0,0,1,1,0,0][0,1,0,1,1,1][0,1,1,0,1,1][0,1,1,1,3,3][0,1,1,1,3,3]; Matches = 1035 0 0 [0,0,0,0,1,1][0,0,1,1,0,0][0,1,0,1,1,1][0,1,1,0,1,1][0,1,1,1,3,3][0,1,1,1,3,3]
817 387 328 [0,0,0,0,1,1][0,0,0,0,1,1][0,1,2,2,1,1][0,1,2,2,1,1][1,0,2,2,1,1][1,0,2,2,1,1]; 2/3 Swapped Transposed = [0,0,0,0,1,1][0,0,1,1,0,0][0,0,3,3,3,3][0,0,3,3,3,3][1,1,1,1,1,1][1,1,1,1,1,1]; Matches = 1029 0 0 [0,0,0,0,1,1][0,0,1,1,0,0][0,0,3,3,3,3][0,0,3,3,3,3][1,1,1,1,1,1][1,1,1,1,1,1]
788 365 306 [0,0,0,0,1,1][0,0,0,0,1,1][0,1,1,1,2,2][0,1,1,1,2,2][1,0,1,1,2,2][1,0,1,1,2,2]; 2/3 Swapped Transposed = [0,0,0,0,1,1][0,0,1,1,0,0][0,0,1,1,1,1][0,0,1,1,1,1][1,1,3,3,3,3][1,1,3,3,3,3]; Matches = 1005 0 0 [0,0,0,0,1,1][0,0,1,1,0,0][0,0,1,1,1,1][0,0,1,1,1,1][1,1,3,3,3,3][1,1,3,3,3,3]
153 95 92 [0,0,0,0,0,0][0,0,0,0,0,0][0,1,1,1,2,2][0,1,1,1,2,2][1,0,1,1,2,2][1,0,1,1,2,2]; 2/3 Swapped Transposed = [0,0,0,0,1,1][0,0,1,1,0,0][0,0,1,1,1,1][0,0,1,1,1,1][0,0,3,3,3,3][0,0,3,3,3,3]; Matches = 1001 0 0 [0,0,0,0,1,1][0,0,1,1,0,0][0,0,1,1,1,1][0,0,1,1,1,1][0,0,3,3,3,3][0,0,3,3,3,3]
905 435 0 [0,0,0,0,1,1][0,0,0,1,0,1][0,0,0,1,1,0][0,1,1,0,0,0][1,2,2,0,1,1][1,2,2,0,1,1]; 2/3 Swapped Transposed = [0,0,0,0,1,1][0,0,0,1,3,3][0,0,0,1,3,3][0,1,1,0,0,0][1,0,1,0,1,1][1,1,0,0,1,1]; Matches = 989 0 0 [0,0,0,0,1,1][0,0,0,1,3,3][0,0,0,1,3,3][0,1,1,0,0,0][1,0,1,0,1,1][1,1,0,0,1,1]
306 172 157 [0,0,0,0,0,0][0,0,0,1,2,2][0,0,0,1,2,2][0,0,1,1,1,1][1,1,2,2,0,1][1,1,2,2,0,1]; 2/3 Swapped Transposed = [0,0,0,0,1,1][0,0,0,0,1,1][0,0,0,1,3,3][0,1,1,1,3,3][0,3,3,1,0,0][0,3,3,1,1,1]; Matches = 987 0 0 [0,0,0,0,1,1][0,0,0,1,3,3][0,0,0,1,3,3][0,1,1,0,0,0][0,3,3,1,1,1][0,3,3,1,1,1]
317 183 166 [0,0,0,0,0,0][0,0,0,1,2,2][0,0,0,1,2,2][0,1,1,0,1,1][1,2,2,0,0,0][1,2,2,0,0,0]; 2/3 Swapped Transposed = [0,0,0,0,1,1][0,0,0,1,3,3][0,0,0,1,3,3][0,1,1,0,0,0][0,3,3,1,0,0][0,3,3,1,0,0]; Matches = 986 0 0 [0,0,0,0,1,1][0,0,0,1,3,3][0,0,0,1,3,3][0,1,1,0,0,0][0,3,3,1,0,0][0,3,3,1,0,0]
345 187 170 [0,0,0,0,0,0][0,0,0,1,3,3][0,0,0,1,3,3][0,1,1,0,1,1][1,2,2,0,0,0][1,2,2,0,0,0]; 2/3 Swapped Transposed = [0,0,0,0,1,1][0,0,0,1,3,3][0,0,0,1,3,3][0,1,1,0,0,0][0,2,2,1,0,0][0,2,2,1,0,0]; Matches = 984 0 0 [0,0,0,0,1,1][0,0,0,1,3,3][0,0,0,1,3,3][0,1,1,0,0,0][0,2,2,1,0,0][0,2,2,1,0,0]
519 264 241 [0,0,0,0,1,1][0,0,0,0,1,1][0,0,0,1,2,2][0,1,1,1,3,3][1,2,2,1,2,2][1,2,2,1,3,3]; 2/3 Swapped Transposed = [0,0,0,0,1,1][0,0,0,1,3,3][0,0,0,1,3,3][0,0,1,1,1,1][1,1,3,2,3,2][1,1,3,2,3,2]; Matches = 983 0 0 [0,0,0,0,1,1][0,0,0,1,3,3][0,0,0,1,3,3][0,0,1,1,1,1][1,1,3,2,2,3][1,1,3,2,2,3]
456 244 225 [0,0,0,0,1,1][0,0,0,0,1,1][0,0,0,0,1,1][0,0,1,1,1,1][1,1,2,2,0,1][1,1,2,2,0,1]; 2/3 Swapped Transposed = [0,0,0,0,1,1][0,0,0,0,1,1][0,0,0,1,3,3][0,0,0,1,3,3][1,1,1,1,0,0][1,1,1,1,1,1]; Matches = 980 0 0 [0,0,0,0,1,1][0,0,0,1,3,3][0,0,0,1,3,3][0,0,1,1,1,1][1,1,0,0,0,0][1,1,1,1,1,1]
208 123 0 [0,0,0,0,0,0][0,0,0,0,1,1][0,0,0,1,0,1][0,1,1,1,1,0][1,2,2,0,1,1][1,2,2,0,1,1]; 2/3 Swapped Transposed = [0,0,0,0,1,1][0,0,0,1,3,3][0,0,0,1,3,3][0,0,1,1,0,0][0,1,0,1,1,1][0,1,1,0,1,1]; Matches = 979 0 0 [0,0,0,0,1,1][0,0,0,1,3,3][0,0,0,1,3,3][0,0,1,1,1,1][0,1,0,1,1,1][0,1,1,0,0,0]
56 41 41 [0,0,0,0,0,0][0,0,0,0,0,0][0,0,0,1,2,2][0,1,1,1,3,3][1,2,2,1,2,2][1,2,2,1,3,3]; 2/3 Swapped Transposed = [0,0,0,0,1,1][0,0,0,1,3,3][0,0,0,1,3,3][0,0,1,1,1,1][0,0,3,2,3,2][0,0,3,2,3,2]; Matches = 978 0 0 [0,0,0,0,1,1][0,0,0,1,3,3][0,0,0,1,3,3][0,0,1,1,1,1][0,0,3,2,2,3][0,0,3,2,2,3]
456 244 225 [0,0,0,0,1,1][0,0,0,0,1,1][0,0,0,0,1,1][0,0,1,1,1,1][1,1,2,2,0,1][1,1,2,2,0,1]; 2/3 Swapped Transposed = [0,0,0,0,1,1][0,0,0,0,1,1][0,0,0,1,3,3][0,0,0,1,3,3][1,1,1,1,0,0][1,1,1,1,1,1]; Matches = 974 0 0 [0,0,0,0,1,1][0,0,0,1,3,3][0,0,0,1,3,3][0,0,1,1,0,0][1,1,0,0,1,1][1,1,1,1,1,1]
208 123 0 [0,0,0,0,0,0][0,0,0,0,1,1][0,0,0,1,0,1][0,1,1,1,1,0][1,2,2,0,1,1][1,2,2,0,1,1]; 2/3 Swapped Transposed = [0,0,0,0,1,1][0,0,0,1,3,3][0,0,0,1,3,3][0,0,1,1,0,0][0,1,0,1,1,1][0,1,1,0,1,1]; Matches = 972 0 0 [0,0,0,0,1,1][0,0,0,1,3,3][0,0,0,1,3,3][0,0,1,1,0,0][0,1,0,1,1,1][0,1,1,0,1,1]
45 31 31 [0,0,0,0,0,0][0,0,0,0,0,0][0,0,0,1,2,2][0,0,1,0,2,2][1,1,2,2,0,1][1,1,2,2,1,0]; 2/3 Swapped Transposed = [0,0,0,0,1,1][0,0,0,0,1,1][0,0,0,1,3,3][0,0,1,0,3,3][0,0,3,3,0,1][0,0,3,3,1,0]; Matches = 970 0 0 [0,0,0,0,1,1][0,0,0,1,3,3][0,0,0,1,3,3][0,0,1,1,0,0][0,0,3,3,0,1][0,0,3,3,0,1]
82 47 47 [0,0,0,0,0,0][0,0,0,0,0,0][0,0,0,1,3,3][0,1,1,1,3,3][1,2,2,0,0,0][1,2,2,0,1,1]; 2/3 Swapped Transposed = [0,0,0,0,1,1][0,0,0,1,3,3][0,0,0,1,3,3][0,0,1,1,0,0][0,0,2,2,0,1][0,0,2,2,0,1]; Matches = 969 0 0 [0,0,0,0,1,1][0,0,0,1,3,3][0,0,0,1,3,3][0,0,1,1,0,0][0,0,2,2,0,1][0,0,2,2,0,1]
319 185 168 [0,0,0,0,0,0][0,0,0,1,2,2][0,0,0,1,2,2][0,1,1,0,1,1][1,3,3,0,1,1][1,3,3,0,1,1]; 2/3 Swapped Transposed = [0,0,0,0,1,1][0,0,0,1,2,2][0,0,0,1,2,2][0,1,1,0,0,0][0,3,3,1,1,1][0,3,3,1,1,1]; Matches = 959 0 0 [0,0,0,0,1,1][0,0,0,1,2,2][0,0,0,1,2,2][0,1,1,0,0,0][0,3,3,1,1,1][0,3,3,1,1,1]
520 265 242 [0,0,0,0,1,1][0,0,0,0,1,1][0,0,0,1,2,2][0,1,1,1,3,3][1,3,3,1,2,2][1,3,3,1,3,3]; 2/3 Swapped Transposed = [0,0,0,0,1,1][0,0,0,1,2,2][0,0,0,1,2,2][0,0,1,1,1,1][1,1,3,2,3,2][1,1,3,2,3,2]; Matches = 956 0 0 [0,0,0,0,1,1][0,0,0,1,2,2][0,0,0,1,2,2][0,0,1,1,1,1][1,1,3,2,2,3][1,1,3,2,2,3]
57 42 42 [0,0,0,0,0,0][0,0,0,0,0,0][0,0,0,1,2,2][0,1,1,1,3,3][1,3,3,1,2,2][1,3,3,1,3,3]; 2/3 Swapped Transposed = [0,0,0,0,1,1][0,0,0,1,2,2][0,0,0,1,2,2][0,0,1,1,1,1][0,0,3,2,3,2][0,0,3,2,3,2]; Matches = 951 0 0 [0,0,0,0,1,1][0,0,0,1,2,2][0,0,0,1,2,2][0,0,1,1,1,1][0,0,3,2,2,3][0,0,3,2,2,3]
518 263 240 [0,0,0,0,1,1][0,0,0,0,1,1][0,0,0,1,2,2][0,1,1,1,2,2][1,3,3,0,0,0][1,3,3,0,1,1]; 2/3 Swapped Transposed = [0,0,0,0,1,1][0,0,0,1,2,2][0,0,0,1,2,2][0,0,1,1,0,0][1,1,3,3,0,1][1,1,3,3,0,1]; Matches = 949 0 0 [0,0,0,0,1,1][0,0,0,1,2,2][0,0,0,1,2,2][0,0,1,1,0,0][1,1,3,3,0,1][1,1,3,3,0,1]
593 296 0 [0,0,0,0,1,1][0,0,0,0,1,1][0,0,2,2,0,1][0,1,2,2,1,1][1,0,2,2,1,1][1,1,2,2,0,1]; 2/3 Swapped Transposed = [0,0,0,0,1,1][0,0,0,1,0,1][0,0,3,3,3,3][0,0,3,3,3,3][1,1,0,1,1,0][1,1,1,1,1,1]; Matches = 930 0 0 [0,0,0,0,1,1][0,0,0,1,0,1][0,0,3,3,3,3][0,0,3,3,3,3][1,1,0,1,1,0][1,1,1,1,1,1]
589 292 0 [0,0,0,0,1,1][0,0,0,0,1,1][0,0,2,2,0,1][0,1,2,2,0,0][1,0,2,2,0,0][1,1,2,2,0,1]; 2/3 Swapped Transposed = [0,0,0,0,1,1][0,0,0,1,0,1][0,0,3,3,3,3][0,0,3,3,3,3][1,1,0,0,0,0][1,1,1,0,0,1]; Matches = 928 0 0 [0,0,0,0,1,1][0,0,0,1,0,1][0,0,3,3,3,3][0,0,3,3,3,3][1,1,0,0,0,0][1,1,1,0,0,1]
595 298 0 [0,0,0,0,1,1][0,0,0,0,1,1][0,0,2,2,0,1][0,1,2,2,1,1][1,0,3,3,1,1][1,1,3,3,0,1]; 2/3 Swapped Transposed = [0,0,0,0,1,1][0,0,0,1,0,1][0,0,3,3,2,2][0,0,3,3,2,2][1,1,0,1,1,0][1,1,1,1,1,1]; Matches = 927 0 0 [0,0,0,0,1,1][0,0,0,1,0,1][0,0,3,2,3,2][0,0,3,2,3,2][1,1,0,1,1,0][1,1,1,1,1,1]
595 298 0 [0,0,0,0,1,1][0,0,0,0,1,1][0,0,2,2,0,1][0,1,2,2,1,1][1,0,3,3,1,1][1,1,3,3,0,1]; 2/3 Swapped Transposed = [0,0,0,0,1,1][0,0,0,1,0,1][0,0,3,3,2,2][0,0,3,3,2,2][1,1,0,1,1,0][1,1,1,1,1,1]; Matches = 923 0 0 [0,0,0,0,1,1][0,0,0,1,0,1][0,0,3,2,2,3][0,0,3,2,2,3][1,1,0,1,1,0][1,1,1,1,1,1]
316 182 0 [0,0,0,0,0,0][0,0,0,1,2,2][0,0,0,1,2,2][0,1,1,0,1,1][1,0,1,0,1,1][1,1,0,0,1,1]; 2/3 Swapped Transposed = [0,0,0,0,1,1][0,0,0,1,0,1][0,0,0,1,1,0][0,1,1,0,0,0][0,3,3,1,1,1][0,3,3,1,1,1]; Matches = 904 0 0 [0,0,0,0,1,1][0,0,0,1,0,1][0,0,0,1,1,0][0,1,1,0,0,0][0,3,3,1,1,1][0,3,3,1,1,1]
515 260 237 [0,0,0,0,1,1][0,0,0,0,1,1][0,0,0,1,2,2][0,1,1,1,2,2][1,0,1,1,2,2][1,1,0,1,2,2]; 2/3 Swapped Transposed = [0,0,0,0,1,1][0,0,0,1,0,1][0,0,0,1,1,0][0,0,1,1,1,1][1,1,3,3,3,3][1,1,3,3,3,3]; Matches = 902 0 0 [0,0,0,0,1,1][0,0,0,1,0,1][0,0,0,1,1,0][0,0,1,1,1,1][1,1,3,3,3,3][1,1,3,3,3,3]
516 261 238 [0,0,0,0,1,1][0,0,0,0,1,1][0,0,0,1,2,2][0,1,1,1,2,2][1,0,1,1,3,3][1,1,0,1,3,3]; 2/3 Swapped Transposed = [0,0,0,0,1,1][0,0,0,1,0,1][0,0,0,1,1,0][0,0,1,1,1,1][1,1,3,3,2,2][1,1,3,3,2,2]; Matches = 901 0 0 [0,0,0,0,1,1][0,0,0,1,0,1][0,0,0,1,1,0][0,0,1,1,1,1][1,1,3,2,2,3][1,1,3,2,2,3]
53 38 38 [0,0,0,0,0,0][0,0,0,0,0,0][0,0,0,1,2,2][0,1,1,1,2,2][1,0,1,1,2,2][1,1,0,1,2,2]; 2/3 Swapped Transposed = [0,0,0,0,1,1][0,0,0,1,0,1][0,0,0,1,1,0][0,0,1,1,1,1][0,0,3,3,3,3][0,0,3,3,3,3]; Matches = 898 0 0 [0,0,0,0,1,1][0,0,0,1,0,1][0,0,0,1,1,0][0,0,1,1,1,1][0,0,3,3,3,3][0,0,3,3,3,3]
54 39 39 [0,0,0,0,0,0][0,0,0,0,0,0][0,0,0,1,2,2][0,1,1,1,2,2][1,0,1,1,3,3][1,1,0,1,3,3]; 2/3 Swapped Transposed = [0,0,0,0,1,1][0,0,0,1,0,1][0,0,0,1,1,0][0,0,1,1,1,1][0,0,3,3,2,2][0,0,3,3,2,2]; Matches = 897 0 0 [0,0,0,0,1,1][0,0,0,1,0,1][0,0,0,1,1,0][0,0,1,1,1,1][0,0,3,2,2,3][0,0,3,2,2,3]
362 195 178 [0,0,0,0,0,0][0,0,1,1,1,1][0,0,2,2,2,2][0,0,2,2,2,2][1,1,1,1,1,1][1,1,1,1,1,1]; 2/3 Swapped Transposed = [0,0,0,0,1,1][0,0,0,0,1,1][0,1,3,3,1,1][0,1,3,3,1,1][0,1,3,3,1,1][0,1,3,3,1,1]; Matches = 840 0 0 [0,0,0,0,1,1][0,0,0,0,1,1][0,1,3,3,1,1][0,1,3,3,1,1][0,1,3,3,1,1][0,1,3,3,1,1]
352 188 171 [0,0,0,0,0,0][0,0,1,1,1,1][0,0,1,1,1,1][0,0,1,1,1,1][1,1,2,2,2,2][1,1,2,2,2,2]; 2/3 Swapped Transposed = [0,0,0,0,1,1][0,0,0,0,1,1][0,1,1,1,3,3][0,1,1,1,3,3][0,1,1,1,3,3][0,1,1,1,3,3]; Matches = 795 0 0 [0,0,0,0,1,1][0,0,0,0,1,1][0,1,1,1,3,3][0,1,1,1,3,3][0,1,1,1,3,3][0,1,1,1,3,3]
93 56 56 [0,0,0,0,0,0][0,0,0,0,0,0][0,0,2,2,2,2][0,0,2,2,2,2][1,1,2,2,2,2][1,1,2,2,2,2]; 2/3 Swapped Transposed = [0,0,0,0,1,1][0,0,0,0,1,1][0,0,3,3,3,3][0,0,3,3,3,3][0,0,3,3,3,3][0,0,3,3,3,3]; Matches = 764 0 0 [0,0,0,0,1,1][0,0,0,0,1,1][0,0,3,3,3,3][0,0,3,3,3,3][0,0,3,3,3,3][0,0,3,3,3,3]
94 57 57 [0,0,0,0,0,0][0,0,0,0,0,0][0,0,2,2,2,2][0,0,2,2,2,2][1,1,2,2,3,3][1,1,2,2,3,3]; 2/3 Swapped Transposed = [0,0,0,0,1,1][0,0,0,0,1,1][0,0,3,3,3,3][0,0,3,3,3,3][0,0,3,3,2,2][0,0,3,3,2,2]; Matches = 742 0 0 [0,0,0,0,1,1][0,0,0,0,1,1][0,0,3,3,2,2][0,0,3,3,2,2][0,0,3,3,3,3][0,0,3,3,3,3]
95 58 58 [0,0,0,0,0,0][0,0,0,0,0,0][0,0,2,2,2,2][0,0,2,2,2,2][1,1,3,3,3,3][1,1,3,3,3,3]; 2/3 Swapped Transposed = [0,0,0,0,1,1][0,0,0,0,1,1][0,0,3,3,2,2][0,0,3,3,2,2][0,0,3,3,2,2][0,0,3,3,2,2]; Matches = 741 0 0 [0,0,0,0,1,1][0,0,0,0,1,1][0,0,3,3,2,2][0,0,3,3,2,2][0,0,3,3,2,2][0,0,3,3,2,2]
244 142 135 [0,0,0,0,0,0][0,0,0,0,1,1][0,0,2,2,2,2][0,0,2,2,2,2][1,1,0,1,0,1][1,1,1,0,0,1]; 2/3 Swapped Transposed = [0,0,0,0,1,1][0,0,0,0,1,1][0,0,3,3,0,1][0,0,3,3,1,0][0,1,3,3,0,0][0,1,3,3,1,1]; Matches = 722 0 0 [0,0,0,0,1,1][0,0,0,0,1,1][0,0,3,3,0,1][0,0,3,3,1,0][0,1,3,3,0,0][0,1,3,3,1,1]
251 147 139 [0,0,0,0,0,0][0,0,0,0,1,1][0,0,2,2,3,3][0,0,2,2,3,3][1,1,0,1,0,1][1,1,1,0,0,1]; 2/3 Swapped Transposed = [0,0,0,0,1,1][0,0,0,0,1,1][0,0,3,3,0,1][0,0,3,3,1,0][0,1,2,2,0,0][0,1,2,2,1,1]; Matches = 721 0 0 [0,0,0,0,1,1][0,0,0,0,1,1][0,0,3,3,0,1][0,0,3,3,1,0][0,1,2,2,0,0][0,1,2,2,1,1]
626 316 0 [0,0,0,0,1,1][0,0,0,0,1,1][0,0,2,2,2,2][0,0,2,3,2,3][1,1,3,2,2,3][1,1,3,3,2,2]; 2/3 Swapped Transposed = [0,0,0,0,1,1][0,0,0,0,1,1][0,0,3,3,2,2][0,0,3,2,3,2][1,1,3,3,3,3][1,1,3,2,2,3]; Matches = 698 0 0 [0,0,0,0,1,1][0,0,0,0,1,1][0,0,2,3,2,3][0,0,2,3,3,2][1,1,3,3,2,2][1,1,3,3,3,3]
101 64 63 [0,0,0,0,0,0][0,0,0,0,0,0][0,0,2,2,2,2][0,0,2,2,3,3][1,1,2,3,2,3][1,1,2,3,3,2]; 2/3 Swapped Transposed = [0,0,0,0,1,1][0,0,0,0,1,1][0,0,3,3,3,3][0,0,3,3,2,2][0,0,3,2,3,2][0,0,3,2,2,3]; Matches = 692 0 0 [0,0,0,0,1,1][0,0,0,0,1,1][0,0,2,3,2,3][0,0,2,3,3,2][0,0,3,3,2,2][0,0,3,3,3,3]
630 318 0 [0,0,0,0,1,1][0,0,0,0,1,1][0,0,2,2,2,2][0,0,3,3,2,2][1,1,2,2,2,2][1,1,3,3,2,2]; 2/3 Swapped Transposed = [0,0,0,0,1,1][0,0,0,0,1,1][0,0,3,2,3,2][0,0,3,2,3,2][1,1,3,3,3,3][1,1,3,3,3,3]; Matches = 690 0 0 [0,0,0,0,1,1][0,0,0,0,1,1][0,0,2,3,2,3][0,0,2,3,2,3][1,1,3,3,3,3][1,1,3,3,3,3]
621 313 0 [0,0,0,0,1,1][0,0,0,0,1,1][0,0,2,2,2,2][0,0,2,2,3,3][1,1,3,3,2,2][1,1,3,3,3,3]; 2/3 Swapped Transposed = [0,0,0,0,1,1][0,0,0,0,1,1][0,0,3,3,2,2][0,0,3,3,2,2][1,1,3,2,3,2][1,1,3,2,3,2]; Matches = 689 0 0 [0,0,0,0,1,1][0,0,0,0,1,1][0,0,2,3,2,3][0,0,2,3,2,3][1,1,3,3,2,2][1,1,3,3,2,2]
100 63 0 [0,0,0,0,0,0][0,0,0,0,0,0][0,0,2,2,2,2][0,0,2,2,3,3][1,1,2,2,2,2][1,1,2,2,3,3]; 2/3 Swapped Transposed = [0,0,0,0,1,1][0,0,0,0,1,1][0,0,3,3,3,3][0,0,3,3,3,3][0,0,3,2,3,2][0,0,3,2,3,2]; Matches = 678 0 0 [0,0,0,0,1,1][0,0,0,0,1,1][0,0,2,3,2,3][0,0,2,3,2,3][0,0,3,3,3,3][0,0,3,3,3,3]
102 65 0 [0,0,0,0,0,0][0,0,0,0,0,0][0,0,2,2,2,2][0,0,2,2,3,3][1,1,3,3,2,2][1,1,3,3,3,3]; 2/3 Swapped Transposed = [0,0,0,0,1,1][0,0,0,0,1,1][0,0,3,3,2,2][0,0,3,3,2,2][0,0,3,2,3,2][0,0,3,2,3,2]; Matches = 677 0 0 [0,0,0,0,1,1][0,0,0,0,1,1][0,0,2,3,2,3][0,0,2,3,2,3][0,0,3,3,2,2][0,0,3,3,2,2]
256 151 142 [0,0,0,0,0,0][0,0,0,0,1,1][0,0,2,3,2,3][0,0,2,3,2,3][1,1,2,2,0,1][1,1,2,2,0,1]; 2/3 Swapped Transposed = [0,0,0,0,1,1][0,0,0,0,1,1][0,0,3,3,3,3][0,0,2,2,3,3][0,1,3,3,0,0][0,1,2,2,1,1]; Matches = 664 0 0 [0,0,0,0,1,1][0,0,0,0,1,1][0,0,2,2,3,3][0,0,3,3,3,3][0,1,2,2,1,1][0,1,3,3,0,0]
257 152 143 [0,0,0,0,0,0][0,0,0,0,1,1][0,0,2,3,2,3][0,0,2,3,2,3][1,1,2,2,1,0][1,1,2,2,1,0]; 2/3 Swapped Transposed = [0,0,0,0,1,1][0,0,0,0,1,1][0,0,3,3,3,3][0,0,2,2,3,3][0,1,3,3,1,1][0,1,2,2,0,0]; Matches = 663 0 0 [0,0,0,0,1,1][0,0,0,0,1,1][0,0,2,2,3,3][0,0,3,3,3,3][0,1,2,2,0,0][0,1,3,3,1,1]
123 81 79 [0,0,0,0,0,0][0,0,0,0,0,0][0,0,2,2,3,3][0,0,2,3,2,3][1,1,2,2,2,2][1,1,2,3,3,2]; 2/3 Swapped Transposed = [0,0,0,0,1,1][0,0,0,0,1,1][0,0,3,3,3,3][0,0,3,2,3,2][0,0,2,3,3,2][0,0,2,2,3,3]; Matches = 654 0 0 [0,0,0,0,1,1][0,0,0,0,1,1][0,0,2,2,3,3][0,0,2,3,2,3][0,0,3,2,2,3][0,0,3,3,3,3]
114 74 72 [0,0,0,0,0,0][0,0,0,0,0,0][0,0,2,2,3,3][0,0,2,2,3,3][1,1,2,2,2,2][1,1,2,2,2,2]; 2/3 Swapped Transposed = [0,0,0,0,1,1][0,0,0,0,1,1][0,0,3,3,3,3][0,0,3,3,3,3][0,0,2,2,3,3][0,0,2,2,3,3]; Matches = 645 0 0 [0,0,0,0,1,1][0,0,0,0,1,1][0,0,2,2,3,3][0,0,2,2,3,3][0,0,3,3,3,3][0,0,3,3,3,3]
251 147 139 [0,0,0,0,0,0][0,0,0,0,1,1][0,0,2,2,3,3][0,0,2,2,3,3][1,1,0,1,0,1][1,1,1,0,0,1]; 2/3 Swapped Transposed = [0,0,0,0,1,1][0,0,0,0,1,1][0,0,3,3,0,1][0,0,3,3,1,0][0,1,2,2,0,0][0,1,2,2,1,1]; Matches = 584 0 0 [0,0,0,0,1,1][0,0,0,0,1,1][0,0,2,2,0,1][0,0,3,3,1,0][0,1,2,2,1,1][0,1,3,3,0,0]
230 132 126 [0,0,0,0,0,0][0,0,0,0,1,1][0,0,1,1,1,1][0,0,1,1,1,1][1,1,0,1,2,2][1,1,0,1,2,2]; 2/3 Swapped Transposed = [0,0,0,0,1,1][0,0,0,0,1,1][0,0,1,1,0,0][0,0,1,1,1,1][0,1,1,1,3,3][0,1,1,1,3,3]; Matches = 548 0 0 [0,0,0,0,1,1][0,0,0,0,1,1][0,0,1,1,0,0][0,0,1,1,1,1][0,1,1,1,3,3][0,1,1,1,3,3]
306 172 157 [0,0,0,0,0,0][0,0,0,1,2,2][0,0,0,1,2,2][0,0,1,1,1,1][1,1,2,2,0,1][1,1,2,2,0,1]; 2/3 Swapped Transposed = [0,0,0,0,1,1][0,0,0,0,1,1][0,0,0,1,3,3][0,1,1,1,3,3][0,3,3,1,0,0][0,3,3,1,1,1]; Matches = 543 0 0 [0,0,0,0,1,1][0,0,0,0,1,1][0,0,0,1,3,3][0,1,1,1,3,3][0,3,3,1,0,0][0,3,3,1,1,1]
445 241 222 [0,0,0,0,1,1][0,0,0,0,1,1][0,0,0,0,1,1][0,0,1,1,0,0][1,1,2,2,2,2][1,1,2,2,2,2]; 2/3 Swapped Transposed = [0,0,0,0,1,1][0,0,0,0,1,1][0,0,0,1,3,3][0,0,0,1,3,3][1,1,1,0,3,3][1,1,1,0,3,3]; Matches = 536 0 0 [0,0,0,0,1,1][0,0,0,0,1,1][0,0,0,1,3,3][0,0,1,0,3,3][1,1,0,1,3,3][1,1,1,0,3,3]
446 242 223 [0,0,0,0,1,1][0,0,0,0,1,1][0,0,0,0,1,1][0,0,1,1,0,0][1,1,2,2,3,3][1,1,2,2,3,3]; 2/3 Swapped Transposed = [0,0,0,0,1,1][0,0,0,0,1,1][0,0,0,1,3,3][0,0,0,1,3,3][1,1,1,0,2,2][1,1,1,0,2,2]; Matches = 535 0 0 [0,0,0,0,1,1][0,0,0,0,1,1][0,0,0,1,3,3][0,0,1,0,3,3][1,1,0,1,2,2][1,1,1,0,2,2]
202 120 117 [0,0,0,0,0,0][0,0,0,0,1,1][0,0,0,1,0,1][0,0,1,0,0,1][1,1,2,2,2,2][1,1,2,2,2,2]; 2/3 Swapped Transposed = [0,0,0,0,1,1][0,0,0,0,1,1][0,0,0,1,3,3][0,0,1,0,3,3][0,1,0,0,3,3][0,1,1,1,3,3]; Matches = 534 0 0 [0,0,0,0,1,1][0,0,0,0,1,1][0,0,0,1,3,3][0,0,1,0,3,3][0,1,0,0,3,3][0,1,1,1,3,3]
45 31 31 [0,0,0,0,0,0][0,0,0,0,0,0][0,0,0,1,2,2][0,0,1,0,2,2][1,1,2,2,0,1][1,1,2,2,1,0]; 2/3 Swapped Transposed = [0,0,0,0,1,1][0,0,0,0,1,1][0,0,0,1,3,3][0,0,1,0,3,3][0,0,3,3,0,1][0,0,3,3,1,0]; Matches = 533 0 0 [0,0,0,0,1,1][0,0,0,0,1,1][0,0,0,1,3,3][0,0,1,0,3,3][0,0,3,3,0,1][0,0,3,3,1,0]
51 36 36 [0,0,0,0,0,0][0,0,0,0,0,0][0,0,0,1,2,2][0,0,1,0,3,3][1,1,2,3,2,3][1,1,2,3,3,2]; 2/3 Swapped Transposed = [0,0,0,0,1,1][0,0,0,0,1,1][0,0,0,1,3,3][0,0,1,0,2,2][0,0,3,2,3,2][0,0,3,2,2,3]; Matches = 530 0 0 [0,0,0,0,1,1][0,0,0,0,1,1][0,0,0,1,3,3][0,0,1,0,2,2][0,0,2,3,2,3][0,0,2,3,3,2]
456 244 225 [0,0,0,0,1,1][0,0,0,0,1,1][0,0,0,0,1,1][0,0,1,1,1,1][1,1,2,2,0,1][1,1,2,2,0,1]; 2/3 Swapped Transposed = [0,0,0,0,1,1][0,0,0,0,1,1][0,0,0,1,3,3][0,0,0,1,3,3][1,1,1,1,0,0][1,1,1,1,1,1]; Matches = 529 0 0 [0,0,0,0,1,1][0,0,0,0,1,1][0,0,0,1,3,3][0,0,0,1,3,3][1,1,1,1,0,0][1,1,1,1,1,1]
445 241 222 [0,0,0,0,1,1][0,0,0,0,1,1][0,0,0,0,1,1][0,0,1,1,0,0][1,1,2,2,2,2][1,1,2,2,2,2]; 2/3 Swapped Transposed = [0,0,0,0,1,1][0,0,0,0,1,1][0,0,0,1,3,3][0,0,0,1,3,3][1,1,1,0,3,3][1,1,1,0,3,3]; Matches = 528 0 0 [0,0,0,0,1,1][0,0,0,0,1,1][0,0,0,1,3,3][0,0,0,1,3,3][1,1,1,0,3,3][1,1,1,0,3,3]
446 242 223 [0,0,0,0,1,1][0,0,0,0,1,1][0,0,0,0,1,1][0,0,1,1,0,0][1,1,2,2,3,3][1,1,2,2,3,3]; 2/3 Swapped Transposed = [0,0,0,0,1,1][0,0,0,0,1,1][0,0,0,1,3,3][0,0,0,1,3,3][1,1,1,0,2,2][1,1,1,0,2,2]; Matches = 527 0 0 [0,0,0,0,1,1][0,0,0,0,1,1][0,0,0,1,3,3][0,0,0,1,3,3][1,1,1,0,2,2][1,1,1,0,2,2]
190 115 112 [0,0,0,0,0,0][0,0,0,0,1,1][0,0,0,0,1,1][0,0,1,1,1,1][1,1,2,2,2,2][1,1,2,2,2,2]; 2/3 Swapped Transposed = [0,0,0,0,1,1][0,0,0,0,1,1][0,0,0,1,3,3][0,0,0,1,3,3][0,1,1,1,3,3][0,1,1,1,3,3]; Matches = 526 0 0 [0,0,0,0,1,1][0,0,0,0,1,1][0,0,0,1,3,3][0,0,0,1,3,3][0,1,1,1,3,3][0,1,1,1,3,3]
191 116 113 [0,0,0,0,0,0][0,0,0,0,1,1][0,0,0,0,1,1][0,0,1,1,1,1][1,1,2,2,3,3][1,1,2,2,3,3]; 2/3 Swapped Transposed = [0,0,0,0,1,1][0,0,0,0,1,1][0,0,0,1,3,3][0,0,0,1,3,3][0,1,1,1,2,2][0,1,1,1,2,2]; Matches = 525 0 0 [0,0,0,0,1,1][0,0,0,0,1,1][0,0,0,1,3,3][0,0,0,1,3,3][0,1,1,1,2,2][0,1,1,1,2,2]
183 114 111 [0,0,0,0,0,0][0,0,0,0,1,1][0,0,0,0,1,1][0,0,1,1,0,0][1,1,2,2,0,1][1,1,2,2,0,1]; 2/3 Swapped Transposed = [0,0,0,0,1,1][0,0,0,0,1,1][0,0,0,1,3,3][0,0,0,1,3,3][0,1,1,0,0,0][0,1,1,0,1,1]; Matches = 524 0 0 [0,0,0,0,1,1][0,0,0,0,1,1][0,0,0,1,3,3][0,0,0,1,3,3][0,1,1,0,0,0][0,1,1,0,1,1]
21 14 14 [0,0,0,0,0,0][0,0,0,0,0,0][0,0,0,0,1,1][0,0,1,1,1,1][1,1,2,2,0,1][1,1,2,2,0,1]; 2/3 Swapped Transposed = [0,0,0,0,1,1][0,0,0,0,1,1][0,0,0,1,3,3][0,0,0,1,3,3][0,0,1,1,0,0][0,0,1,1,1,1]; Matches = 523 0 0 [0,0,0,0,1,1][0,0,0,0,1,1][0,0,0,1,3,3][0,0,0,1,3,3][0,0,1,1,0,0][0,0,1,1,1,1]
15 10 10 [0,0,0,0,0,0][0,0,0,0,0,0][0,0,0,0,1,1][0,0,1,1,0,0][1,1,2,2,2,2][1,1,2,2,2,2]; 2/3 Swapped Transposed = [0,0,0,0,1,1][0,0,0,0,1,1][0,0,0,1,3,3][0,0,0,1,3,3][0,0,1,0,3,3][0,0,1,0,3,3]; Matches = 522 0 0 [0,0,0,0,1,1][0,0,0,0,1,1][0,0,0,1,3,3][0,0,0,1,3,3][0,0,1,0,3,3][0,0,1,0,3,3]
8 5 5 [0,0,0,0,0,0][0,0,0,0,0,0][0,0,0,0,0,0][0,0,1,1,1,1][1,1,2,2,2,2][1,1,2,2,2,2]; 2/3 Swapped Transposed = [0,0,0,0,1,1][0,0,0,0,1,1][0,0,0,1,3,3][0,0,0,1,3,3][0,0,0,1,3,3][0,0,0,1,3,3]; Matches = 521 0 0 [0,0,0,0,1,1][0,0,0,0,1,1][0,0,0,1,3,3][0,0,0,1,3,3][0,0,0,1,3,3][0,0,0,1,3,3]
307 173 158 [0,0,0,0,0,0][0,0,0,1,2,2][0,0,0,1,2,2][0,0,1,1,1,1][1,1,3,3,0,1][1,1,3,3,0,1]; 2/3 Swapped Transposed = [0,0,0,0,1,1][0,0,0,0,1,1][0,0,0,1,2,2][0,1,1,1,2,2][0,3,3,1,0,0][0,3,3,1,1,1]; Matches = 514 0 0 [0,0,0,0,1,1][0,0,0,0,1,1][0,0,0,1,2,2][0,1,1,1,2,2][0,3,3,1,0,0][0,3,3,1,1,1]
203 121 118 [0,0,0,0,0,0][0,0,0,0,1,1][0,0,0,1,0,1][0,0,1,0,0,1][1,1,2,2,3,3][1,1,2,2,3,3]; 2/3 Swapped Transposed = [0,0,0,0,1,1][0,0,0,0,1,1][0,0,0,1,3,3][0,0,1,0,3,3][0,1,0,0,2,2][0,1,1,1,2,2]; Matches = 509 0 0 [0,0,0,0,1,1][0,0,0,0,1,1][0,0,0,1,2,2][0,0,1,0,3,3][0,1,0,0,3,3][0,1,1,1,2,2]
46 32 32 [0,0,0,0,0,0][0,0,0,0,0,0][0,0,0,1,2,2][0,0,1,0,2,2][1,1,3,3,0,1][1,1,3,3,1,0]; 2/3 Swapped Transposed = [0,0,0,0,1,1][0,0,0,0,1,1][0,0,0,1,2,2][0,0,1,0,2,2][0,0,3,3,0,1][0,0,3,3,1,0]; Matches = 501 0 0 [0,0,0,0,1,1][0,0,0,0,1,1][0,0,0,1,2,2][0,0,1,0,2,2][0,0,3,3,0,1][0,0,3,3,1,0]
305 171 0 [0,0,0,0,0,0][0,0,0,1,2,2][0,0,0,1,2,2][0,0,1,1,1,1][1,1,0,0,1,1][1,1,1,1,1,1]; 2/3 Swapped Transposed = [0,0,0,0,1,1][0,0,0,0,1,1][0,0,0,1,0,1][0,1,1,1,0,1][0,3,3,1,1,1][0,3,3,1,1,1]; Matches = 477 0 0 [0,0,0,0,1,1][0,0,0,0,1,1][0,0,0,1,0,1][0,1,1,1,0,1][0,3,3,1,1,1][0,3,3,1,1,1]
34 21 21 [0,0,0,0,0,0][0,0,0,0,0,0][0,0,0,1,2,2][0,0,0,1,2,2][1,1,1,0,2,2][1,1,1,0,2,2]; 2/3 Swapped Transposed = [0,0,0,0,1,1][0,0,0,0,1,1][0,0,0,0,1,1][0,0,1,1,0,0][0,0,3,3,3,3][0,0,3,3,3,3]; Matches = 469 0 0 [0,0,0,0,1,1][0,0,0,0,1,1][0,0,0,1,0,1][0,0,1,0,1,0][0,0,3,3,3,3][0,0,3,3,3,3]
35 22 22 [0,0,0,0,0,0][0,0,0,0,0,0][0,0,0,1,2,2][0,0,0,1,2,2][1,1,1,0,3,3][1,1,1,0,3,3]; 2/3 Swapped Transposed = [0,0,0,0,1,1][0,0,0,0,1,1][0,0,0,0,1,1][0,0,1,1,0,0][0,0,3,3,2,2][0,0,3,3,2,2]; Matches = 468 0 0 [0,0,0,0,1,1][0,0,0,0,1,1][0,0,0,1,0,1][0,0,1,0,1,0][0,0,3,3,2,2][0,0,3,3,2,2]
217 127 121 [0,0,0,0,0,0][0,0,0,0,1,1][0,0,0,1,2,2][0,0,0,1,2,2][1,1,1,1,1,1][1,1,1,1,1,1]; 2/3 Swapped Transposed = [0,0,0,0,1,1][0,0,0,0,1,1][0,0,0,0,1,1][0,0,1,1,1,1][0,1,3,3,1,1][0,1,3,3,1,1]; Matches = 455 0 0 [0,0,0,0,1,1][0,0,0,0,1,1][0,0,0,0,1,1][0,0,1,1,1,1][0,1,3,3,1,1][0,1,3,3,1,1]
36 23 23 [0,0,0,0,0,0][0,0,0,0,0,0][0,0,0,1,2,2][0,0,0,1,2,2][1,1,1,1,0,0][1,1,1,1,1,1]; 2/3 Swapped Transposed = [0,0,0,0,1,1][0,0,0,0,1,1][0,0,0,0,1,1][0,0,1,1,1,1][0,0,3,3,0,1][0,0,3,3,0,1]; Matches = 451 0 0 [0,0,0,0,1,1][0,0,0,0,1,1][0,0,0,0,1,1][0,0,1,1,1,1][0,0,3,3,0,1][0,0,3,3,0,1]
34 21 21 [0,0,0,0,0,0][0,0,0,0,0,0][0,0,0,1,2,2][0,0,0,1,2,2][1,1,1,0,2,2][1,1,1,0,2,2]; 2/3 Swapped Transposed = [0,0,0,0,1,1][0,0,0,0,1,1][0,0,0,0,1,1][0,0,1,1,0,0][0,0,3,3,3,3][0,0,3,3,3,3]; Matches = 444 0 0 [0,0,0,0,1,1][0,0,0,0,1,1][0,0,0,0,1,1][0,0,1,1,0,0][0,0,3,3,3,3][0,0,3,3,3,3]
35 22 22 [0,0,0,0,0,0][0,0,0,0,0,0][0,0,0,1,2,2][0,0,0,1,2,2][1,1,1,0,3,3][1,1,1,0,3,3]; 2/3 Swapped Transposed = [0,0,0,0,1,1][0,0,0,0,1,1][0,0,0,0,1,1][0,0,1,1,0,0][0,0,3,3,2,2][0,0,3,3,2,2]; Matches = 443 0 0 [0,0,0,0,1,1][0,0,0,0,1,1][0,0,0,0,1,1][0,0,1,1,0,0][0,0,3,3,2,2][0,0,3,3,2,2]
151 93 90 [0,0,0,0,0,0][0,0,0,0,0,0][0,1,1,1,2,2][0,1,1,1,2,2][0,1,1,1,2,2][0,1,1,1,2,2]; 2/3 Swapped Transposed = [0,0,0,0,0,0][0,0,1,1,1,1][0,0,1,1,1,1][0,0,1,1,1,1][0,0,3,3,3,3][0,0,3,3,3,3]; Matches = 351 0 0 [0,0,0,0,0,0][0,0,1,1,1,1][0,0,1,1,1,1][0,0,1,1,1,1][0,0,3,3,3,3][0,0,3,3,3,3]
206 122 0 [0,0,0,0,0,0][0,0,0,0,1,1][0,0,0,1,0,1][0,1,1,1,1,0][0,2,2,1,1,1][0,2,2,1,1,1]; 2/3 Swapped Transposed = [0,0,0,0,0,0][0,0,0,1,3,3][0,0,0,1,3,3][0,0,1,1,1,1][0,1,0,1,1,1][0,1,1,0,1,1]; Matches = 330 0 0 [0,0,0,0,0,0][0,0,0,1,3,3][0,0,0,1,3,3][0,0,1,1,1,1][0,1,0,1,1,1][0,1,1,0,1,1]
52 37 37 [0,0,0,0,0,0][0,0,0,0,0,0][0,0,0,1,2,2][0,1,1,1,2,2][0,2,2,1,0,0][0,2,2,1,1,1]; 2/3 Swapped Transposed = [0,0,0,0,0,0][0,0,0,1,3,3][0,0,0,1,3,3][0,0,1,1,1,1][0,0,3,3,0,1][0,0,3,3,0,1]; Matches = 329 0 0 [0,0,0,0,0,0][0,0,0,1,3,3][0,0,0,1,3,3][0,0,1,1,1,1][0,0,3,3,0,1][0,0,3,3,0,1]
79 46 46 [0,0,0,0,0,0][0,0,0,0,0,0][0,0,0,1,3,3][0,1,1,1,3,3][0,2,2,1,0,0][0,2,2,1,1,1]; 2/3 Swapped Transposed = [0,0,0,0,0,0][0,0,0,1,3,3][0,0,0,1,3,3][0,0,1,1,1,1][0,0,2,2,0,1][0,0,2,2,0,1]; Matches = 328 0 0 [0,0,0,0,0,0][0,0,0,1,3,3][0,0,0,1,3,3][0,0,1,1,1,1][0,0,2,2,0,1][0,0,2,2,0,1]
181 113 110 [0,0,0,0,0,0][0,0,0,0,1,1][0,0,0,0,1,1][0,0,1,1,0,0][0,1,2,2,1,1][0,1,2,2,1,1]; 2/3 Swapped Transposed = [0,0,0,0,0,0][0,0,0,0,1,1][0,0,0,1,3,3][0,0,0,1,3,3][0,1,1,0,1,1][0,1,1,0,1,1]; Matches = 221 0 0 [0,0,0,0,0,0][0,0,0,0,1,1][0,0,0,1,3,3][0,0,0,1,3,3][0,1,1,0,1,1][0,1,1,0,1,1]
19 13 13 [0,0,0,0,0,0][0,0,0,0,0,0][0,0,0,0,1,1][0,0,1,1,1,1][0,1,2,2,1,1][0,1,2,2,1,1]; 2/3 Swapped Transposed = [0,0,0,0,0,0][0,0,0,0,1,1][0,0,0,1,3,3][0,0,0,1,3,3][0,0,1,1,1,1][0,0,1,1,1,1]; Matches = 219 0 0 [0,0,0,0,0,0][0,0,0,0,1,1][0,0,0,1,3,3][0,0,0,1,3,3][0,0,1,1,1,1][0,0,1,1,1,1]
41 27 27 [0,0,0,0,0,0][0,0,0,0,0,0][0,0,0,1,2,2][0,0,1,0,2,2][0,1,0,0,2,2][0,1,1,1,2,2]; 2/3 Swapped Transposed = [0,0,0,0,0,0][0,0,0,0,1,1][0,0,0,1,0,1][0,0,1,0,0,1][0,0,3,3,3,3][0,0,3,3,3,3]; Matches = 201 0 0 [0,0,0,0,0,0][0,0,0,0,1,1][0,0,0,1,0,1][0,0,1,0,0,1][0,0,3,3,3,3][0,0,3,3,3,3]
42 28 28 [0,0,0,0,0,0][0,0,0,0,0,0][0,0,0,1,2,2][0,0,1,0,2,2][0,1,0,0,3,3][0,1,1,1,3,3]; 2/3 Swapped Transposed = [0,0,0,0,0,0][0,0,0,0,1,1][0,0,0,1,0,1][0,0,1,0,0,1][0,0,3,3,2,2][0,0,3,3,2,2]; Matches = 200 0 0 [0,0,0,0,0,0][0,0,0,0,1,1][0,0,0,1,0,1][0,0,1,0,0,1][0,0,2,3,3,2][0,0,2,3,3,2]
32 19 19 [0,0,0,0,0,0][0,0,0,0,0,0][0,0,0,1,2,2][0,0,0,1,2,2][0,1,1,1,2,2][0,1,1,1,2,2]; 2/3 Swapped Transposed = [0,0,0,0,0,0][0,0,0,0,1,1][0,0,0,0,1,1][0,0,1,1,1,1][0,0,3,3,3,3][0,0,3,3,3,3]; Matches = 189 0 0 [0,0,0,0,0,0][0,0,0,0,1,1][0,0,0,0,1,1][0,0,1,1,1,1][0,0,3,3,3,3][0,0,3,3,3,3]
33 20 20 [0,0,0,0,0,0][0,0,0,0,0,0][0,0,0,1,2,2][0,0,0,1,2,2][0,1,1,1,3,3][0,1,1,1,3,3]; 2/3 Swapped Transposed = [0,0,0,0,0,0][0,0,0,0,1,1][0,0,0,0,1,1][0,0,1,1,1,1][0,0,3,3,2,2][0,0,3,3,2,2]; Matches = 188 0 0 [0,0,0,0,0,0][0,0,0,0,1,1][0,0,0,0,1,1][0,0,1,1,1,1][0,0,3,3,2,2][0,0,3,3,2,2]
3 2 2 [0,0,0,0,0,0][0,0,0,0,0,0][0,0,0,0,0,0][0,0,0,0,1,1][0,1,1,1,2,2][0,1,1,1,2,2]; 2/3 Swapped Transposed = [0,0,0,0,0,0][0,0,0,0,1,1][0,0,0,0,1,1][0,0,0,0,1,1][0,0,0,1,3,3][0,0,0,1,3,3]; Matches = 178 0 0 [0,0,0,0,0,0][0,0,0,0,1,1][0,0,0,0,1,1][0,0,0,0,1,1][0,0,0,1,3,3][0,0,0,1,3,3]
11 7 7 [0,0,0,0,0,0][0,0,0,0,0,0][0,0,0,0,1,1][0,0,1,1,0,0][0,0,2,2,2,2][0,0,2,2,2,2]; 2/3 Swapped Transposed = [0,0,0,0,0,0][0,0,0,0,0,0][0,0,0,1,3,3][0,0,0,1,3,3][0,0,1,0,3,3][0,0,1,0,3,3]; Matches = 59 0 0 [0,0,0,0,0,0][0,0,0,0,0,0][0,0,0,1,3,3][0,0,0,1,3,3][0,0,1,0,3,3][0,0,1,0,3,3]
5 3 3 [0,0,0,0,0,0][0,0,0,0,0,0][0,0,0,0,0,0][0,0,1,1,1,1][0,0,2,2,2,2][0,0,2,2,2,2]; 2/3 Swapped Transposed = [0,0,0,0,0,0][0,0,0,0,0,0][0,0,0,1,3,3][0,0,0,1,3,3][0,0,0,1,3,3][0,0,0,1,3,3]; Matches = 58 0 0 [0,0,0,0,0,0][0,0,0,0,0,0][0,0,0,1,3,3][0,0,0,1,3,3][0,0,0,1,3,3][0,0,0,1,3,3]
