105 [0,0,0,0,0,0][0,0,0,0,0,0][0,0,2,2,2,2][1,1,2,2,3,3][2,2,0,0,2,2][2,2,1,1,3,3]
106 [0,0,0,0,0,0][0,0,0,0,0,0][0,0,2,2,2,2][1,1,2,2,3,3][2,2,0,0,3,3][2,2,1,1,2,2]
135 [0,0,0,0,0,0][0,0,0,0,0,0][0,0,2,2,3,3][1,1,2,2,2,2][2,2,0,0,3,3][2,2,1,1,2,2]
136 [0,0,0,0,0,0][0,0,0,0,0,0][0,0,2,2,3,3][1,1,2,3,2,3][2,3,0,2,3,0][2,3,1,3,2,1]
137 [0,0,0,0,0,0][0,0,0,0,0,0][0,0,2,2,3,3][1,1,2,3,2,3][2,3,0,3,2,0][2,3,1,2,3,1]
138 [0,0,0,0,0,0][0,0,0,0,0,0][0,0,2,2,3,3][1,1,3,3,3,3][2,2,2,2,0,0][2,2,3,3,1,1]
139 [0,0,0,0,0,0][0,0,0,0,0,0][0,0,2,2,3,3][1,1,3,3,3,3][2,2,2,2,1,1][2,2,3,3,0,0]
140 [0,0,0,0,0,0][0,0,0,0,0,0][0,0,2,2,3,3][1,1,3,3,3,3][3,3,2,2,0,0][3,3,3,3,1,1]
141 [0,0,0,0,0,0][0,0,0,0,0,0][0,0,2,2,3,3][1,1,3,3,3,3][3,3,2,2,1,1][3,3,3,3,0,0]
148 [0,0,0,0,0,0][0,0,0,0,0,0][0,0,3,3,3,3][1,1,2,2,3,3][2,2,2,2,0,0][2,2,3,3,1,1]
149 [0,0,0,0,0,0][0,0,0,0,0,0][0,0,3,3,3,3][1,1,2,2,3,3][2,2,2,2,1,1][2,2,3,3,0,0]
150 [0,0,0,0,0,0][0,0,0,0,0,0][0,0,3,3,3,3][1,1,2,2,3,3][3,3,2,2,1,1][3,3,3,3,0,0]
390 [0,0,0,0,0,0][0,0,1,1,1,1][2,2,1,1,2,2][2,2,1,1,2,2][2,2,2,2,1,1][2,2,2,2,1,1]
391 [0,0,0,0,0,0][0,0,1,1,1,1][2,2,1,1,2,2][2,2,1,1,2,2][3,3,2,2,1,1][3,3,2,2,1,1]
392 [0,0,0,0,0,0][0,0,1,1,1,1][2,2,1,1,2,2][2,2,1,1,2,2][3,3,3,3,1,1][3,3,3,3,1,1]
393 [0,0,0,0,0,0][0,0,1,1,1,1][2,2,1,1,3,3][2,2,1,1,3,3][2,2,2,2,1,1][2,2,2,2,1,1]
394 [0,0,0,0,0,0][0,0,1,1,1,1][2,2,1,1,3,3][2,2,1,1,3,3][2,2,3,3,1,1][2,2,3,3,1,1]
395 [0,0,0,0,0,0][0,0,1,1,1,1][2,2,1,1,3,3][2,2,1,1,3,3][3,3,2,2,1,1][3,3,2,2,1,1]
396 [0,0,0,0,0,0][0,0,1,1,1,1][2,2,1,1,3,3][2,2,1,1,3,3][3,3,3,3,1,1][3,3,3,3,1,1]
397 [0,0,0,0,0,0][0,0,1,1,1,1][2,3,1,1,2,3][2,3,1,1,2,3][2,3,2,3,1,1][2,3,2,3,1,1]
398 [0,0,0,0,0,0][0,0,1,1,1,1][2,3,1,1,2,3][2,3,1,1,2,3][3,2,2,3,1,1][3,2,2,3,1,1]
399 [0,0,0,0,0,0][0,0,1,1,1,1][3,3,1,1,2,2][3,3,1,1,2,2][3,3,2,2,1,1][3,3,2,2,1,1]
400 [0,0,0,0,0,0][0,0,1,1,1,1][3,3,1,1,3,3][3,3,1,1,3,3][3,3,2,2,1,1][3,3,2,2,1,1]
401 [0,0,0,0,0,0][0,0,1,1,1,1][3,3,1,1,3,3][3,3,1,1,3,3][3,3,3,3,1,1][3,3,3,3,1,1]
402 [0,0,0,0,0,0][0,0,2,2,2,2][0,0,2,2,2,2][1,1,0,0,1,1][2,2,2,2,0,0][2,2,2,2,0,0]
403 [0,0,0,0,0,0][0,0,2,2,2,2][0,0,2,2,2,2][1,1,0,0,1,1][2,2,2,2,1,1][2,2,2,2,1,1]
404 [0,0,0,0,0,0][0,0,2,2,2,2][0,0,2,2,2,2][1,1,0,0,1,1][2,2,3,3,0,0][2,2,3,3,0,0]
405 [0,0,0,0,0,0][0,0,2,2,2,2][0,0,2,2,2,2][1,1,0,0,1,1][2,2,3,3,1,1][2,2,3,3,1,1]
406 [0,0,0,0,0,0][0,0,2,2,2,2][0,0,2,2,2,2][1,1,0,0,1,1][3,3,2,2,1,1][3,3,2,2,1,1]
407 [0,0,0,0,0,0][0,0,2,2,2,2][0,0,2,2,2,2][1,1,0,0,1,1][3,3,3,3,1,1][3,3,3,3,1,1]
408 [0,0,0,0,0,0][0,0,2,2,3,3][0,0,2,2,3,3][1,1,0,0,1,1][2,2,2,2,0,0][2,2,2,2,0,0]
409 [0,0,0,0,0,0][0,0,2,2,3,3][0,0,2,2,3,3][1,1,0,0,1,1][2,2,2,2,1,1][2,2,2,2,1,1]
410 [0,0,0,0,0,0][0,0,2,2,3,3][0,0,2,2,3,3][1,1,0,0,1,1][2,2,3,3,0,0][2,2,3,3,0,0]
411 [0,0,0,0,0,0][0,0,2,2,3,3][0,0,2,2,3,3][1,1,0,0,1,1][2,2,3,3,1,1][2,2,3,3,1,1]
412 [0,0,0,0,0,0][0,0,2,2,3,3][0,0,2,2,3,3][1,1,0,0,1,1][3,3,2,2,0,0][3,3,2,2,0,0]
413 [0,0,0,0,0,0][0,0,2,2,3,3][0,0,2,2,3,3][1,1,0,0,1,1][3,3,2,2,1,1][3,3,2,2,1,1]
414 [0,0,0,0,0,0][0,0,2,2,3,3][0,0,2,2,3,3][1,1,0,0,1,1][3,3,3,3,0,0][3,3,3,3,0,0]
415 [0,0,0,0,0,0][0,0,2,2,3,3][0,0,2,2,3,3][1,1,0,0,1,1][3,3,3,3,1,1][3,3,3,3,1,1]
416 [0,0,0,0,0,0][0,0,2,2,3,3][0,0,2,2,3,3][1,1,0,1,0,1][2,3,2,0,3,0][2,3,2,0,3,0]
417 [0,0,0,0,0,0][0,0,2,2,3,3][0,0,2,2,3,3][1,1,0,1,0,1][2,3,2,1,3,1][2,3,2,1,3,1]
418 [0,0,0,0,0,0][0,0,2,2,3,3][0,0,2,2,3,3][1,1,0,1,0,1][2,3,3,0,2,0][2,3,3,0,2,0]
419 [0,0,0,0,0,0][0,0,2,2,3,3][0,0,2,2,3,3][1,1,0,1,0,1][2,3,3,1,2,1][2,3,3,1,2,1]
420 [0,0,0,0,0,0][0,0,2,2,3,3][0,0,2,2,3,3][1,1,1,1,0,0][2,2,0,0,3,3][2,2,0,0,3,3]
421 [0,0,0,0,0,0][0,0,2,2,3,3][0,0,2,2,3,3][1,1,1,1,0,0][2,2,1,1,2,2][2,2,1,1,2,2]
422 [0,0,0,0,0,0][0,0,2,2,3,3][0,0,2,2,3,3][1,1,1,1,0,0][2,2,1,1,3,3][2,2,1,1,3,3]
423 [0,0,0,0,0,0][0,0,2,2,3,3][0,0,2,2,3,3][1,1,1,1,0,0][3,3,1,1,2,2][3,3,1,1,2,2]
424 [0,0,0,0,0,0][0,0,2,2,3,3][0,0,2,2,3,3][1,1,1,1,0,0][3,3,1,1,3,3][3,3,1,1,3,3]
425 [0,0,0,0,0,0][0,0,3,3,3,3][0,0,3,3,3,3][1,1,0,0,1,1][2,2,2,2,0,0][2,2,2,2,0,0]
426 [0,0,0,0,0,0][0,0,3,3,3,3][0,0,3,3,3,3][1,1,0,0,1,1][2,2,2,2,1,1][2,2,2,2,1,1]
427 [0,0,0,0,0,0][0,0,3,3,3,3][0,0,3,3,3,3][1,1,0,0,1,1][2,2,3,3,0,0][2,2,3,3,0,0]
428 [0,0,0,0,0,0][0,0,3,3,3,3][0,0,3,3,3,3][1,1,0,0,1,1][2,2,3,3,1,1][2,2,3,3,1,1]
429 [0,0,0,0,0,0][0,0,3,3,3,3][0,0,3,3,3,3][1,1,0,0,1,1][3,3,2,2,1,1][3,3,2,2,1,1]
430 [0,0,0,0,0,0][0,0,3,3,3,3][0,0,3,3,3,3][1,1,0,0,1,1][3,3,3,3,0,0][3,3,3,3,0,0]
431 [0,0,0,0,0,0][0,0,3,3,3,3][0,0,3,3,3,3][1,1,0,0,1,1][3,3,3,3,1,1][3,3,3,3,1,1]
636 [0,0,0,0,1,1][0,0,0,0,1,1][0,0,2,2,2,2][1,1,2,2,3,3][2,2,0,0,2,2][2,2,1,1,3,3]
637 [0,0,0,0,1,1][0,0,0,0,1,1][0,0,2,2,2,2][1,1,2,2,3,3][2,2,0,0,3,3][2,2,1,1,2,2]
638 [0,0,0,0,1,1][0,0,0,0,1,1][0,0,2,2,2,2][1,1,3,3,2,2][2,2,2,2,0,0][2,2,3,3,1,1]
639 [0,0,0,0,1,1][0,0,0,0,1,1][0,0,2,2,2,2][1,1,3,3,2,2][2,2,2,2,1,1][2,2,3,3,0,0]
640 [0,0,0,0,1,1][0,0,0,0,1,1][0,0,2,2,2,2][1,1,3,3,2,2][3,3,2,2,0,0][3,3,3,3,1,1]
641 [0,0,0,0,1,1][0,0,0,0,1,1][0,0,2,2,2,2][1,1,3,3,2,2][3,3,2,2,1,1][3,3,3,3,0,0]
668 [0,0,0,0,1,1][0,0,0,0,1,1][0,0,2,2,3,3][1,1,2,2,2,2][2,2,0,0,3,3][2,2,1,1,2,2]
669 [0,0,0,0,1,1][0,0,0,0,1,1][0,0,2,2,3,3][1,1,3,3,3,3][2,2,2,2,0,0][2,2,3,3,1,1]
670 [0,0,0,0,1,1][0,0,0,0,1,1][0,0,2,2,3,3][1,1,3,3,3,3][2,2,2,2,1,1][2,2,3,3,0,0]
671 [0,0,0,0,1,1][0,0,0,0,1,1][0,0,2,2,3,3][1,1,3,3,3,3][3,3,2,2,0,0][3,3,3,3,1,1]
672 [0,0,0,0,1,1][0,0,0,0,1,1][0,0,2,2,3,3][1,1,3,3,3,3][3,3,2,2,1,1][3,3,3,3,0,0]
717 [0,0,0,0,1,1][0,0,0,0,1,1][0,0,2,3,2,3][1,1,2,3,3,2][2,3,0,0,2,3][2,3,1,1,3,2]
718 [0,0,0,0,1,1][0,0,0,0,1,1][0,0,2,3,2,3][1,1,2,3,3,2][2,3,0,0,3,2][2,3,1,1,2,3]
719 [0,0,0,0,1,1][0,0,0,0,1,1][0,0,2,3,2,3][1,1,3,2,2,3][2,3,2,3,0,0][2,3,3,2,1,1]
720 [0,0,0,0,1,1][0,0,0,0,1,1][0,0,2,3,2,3][1,1,3,2,2,3][2,3,2,3,1,1][2,3,3,2,0,0]
756 [0,0,0,0,1,1][0,0,0,0,1,1][0,0,3,3,2,2][1,1,2,2,2,2][2,2,2,2,0,0][2,2,3,3,1,1]
757 [0,0,0,0,1,1][0,0,0,0,1,1][0,0,3,3,2,2][1,1,2,2,2,2][2,2,2,2,1,1][2,2,3,3,0,0]
758 [0,0,0,0,1,1][0,0,0,0,1,1][0,0,3,3,2,2][1,1,2,2,2,2][3,3,2,2,0,0][3,3,3,3,1,1]
759 [0,0,0,0,1,1][0,0,0,0,1,1][0,0,3,3,2,2][1,1,2,2,2,2][3,3,2,2,1,1][3,3,3,3,0,0]
760 [0,0,0,0,1,1][0,0,0,0,1,1][0,0,3,3,2,2][1,1,3,3,3,3][2,2,0,0,2,2][2,2,1,1,3,3]
761 [0,0,0,0,1,1][0,0,0,0,1,1][0,0,3,3,2,2][1,1,3,3,3,3][2,2,0,0,3,3][2,2,1,1,2,2]
762 [0,0,0,0,1,1][0,0,0,0,1,1][0,0,3,3,2,2][1,1,3,3,3,3][3,3,0,0,2,2][3,3,1,1,3,3]
763 [0,0,0,0,1,1][0,0,0,0,1,1][0,0,3,3,2,2][1,1,3,3,3,3][3,3,0,0,3,3][3,3,1,1,2,2]
773 [0,0,0,0,1,1][0,0,0,0,1,1][0,0,3,3,3,3][1,1,2,2,3,3][2,2,2,2,0,0][2,2,3,3,1,1]
774 [0,0,0,0,1,1][0,0,0,0,1,1][0,0,3,3,3,3][1,1,2,2,3,3][2,2,2,2,1,1][2,2,3,3,0,0]
775 [0,0,0,0,1,1][0,0,0,0,1,1][0,0,3,3,3,3][1,1,2,2,3,3][3,3,2,2,0,0][3,3,3,3,1,1]
776 [0,0,0,0,1,1][0,0,0,0,1,1][0,0,3,3,3,3][1,1,2,2,3,3][3,3,2,2,1,1][3,3,3,3,0,0]
777 [0,0,0,0,1,1][0,0,0,0,1,1][0,0,3,3,3,3][1,1,3,3,2,2][2,2,0,0,2,2][2,2,1,1,3,3]
778 [0,0,0,0,1,1][0,0,0,0,1,1][0,0,3,3,3,3][1,1,3,3,2,2][2,2,0,0,3,3][2,2,1,1,2,2]
779 [0,0,0,0,1,1][0,0,0,0,1,1][0,0,3,3,3,3][1,1,3,3,2,2][3,3,0,0,3,3][3,3,1,1,2,2]
1053 [0,0,0,0,1,1][0,0,1,1,0,0][2,2,1,1,2,2][2,2,1,1,2,2][2,2,2,2,1,1][2,2,2,2,1,1]
1054 [0,0,0,0,1,1][0,0,1,1,0,0][2,2,1,1,2,2][2,2,1,1,2,2][3,3,2,2,1,1][3,3,2,2,1,1]
1055 [0,0,0,0,1,1][0,0,1,1,0,0][2,2,1,1,2,2][2,2,1,1,2,2][3,3,3,3,1,1][3,3,3,3,1,1]
1056 [0,0,0,0,1,1][0,0,1,1,0,0][2,2,1,1,3,3][2,2,1,1,3,3][2,2,2,2,1,1][2,2,2,2,1,1]
1057 [0,0,0,0,1,1][0,0,1,1,0,0][2,2,1,1,3,3][2,2,1,1,3,3][2,2,3,3,1,1][2,2,3,3,1,1]
1058 [0,0,0,0,1,1][0,0,1,1,0,0][2,2,1,1,3,3][2,2,1,1,3,3][3,3,2,2,1,1][3,3,2,2,1,1]
1059 [0,0,0,0,1,1][0,0,1,1,0,0][2,2,1,1,3,3][2,2,1,1,3,3][3,3,3,3,1,1][3,3,3,3,1,1]
1060 [0,0,0,0,1,1][0,0,1,1,0,0][2,3,1,1,2,3][2,3,1,1,2,3][2,3,2,3,1,1][2,3,2,3,1,1]
1061 [0,0,0,0,1,1][0,0,1,1,0,0][2,3,1,1,2,3][2,3,1,1,2,3][3,2,2,3,1,1][3,2,2,3,1,1]
1062 [0,0,0,0,1,1][0,0,1,1,0,0][3,3,1,1,2,2][3,3,1,1,2,2][3,3,2,2,1,1][3,3,2,2,1,1]
1063 [0,0,0,0,1,1][0,0,1,1,0,0][3,3,1,1,3,3][3,3,1,1,3,3][3,3,2,2,1,1][3,3,2,2,1,1]
1064 [0,0,0,0,1,1][0,0,1,1,0,0][3,3,1,1,3,3][3,3,1,1,3,3][3,3,3,3,1,1][3,3,3,3,1,1]
1176 [0,0,0,0,1,1][0,0,2,2,2,2][0,0,2,2,2,2][1,1,0,0,0,0][2,2,2,2,0,0][2,2,2,2,0,0]
1177 [0,0,0,0,1,1][0,0,2,2,2,2][0,0,2,2,2,2][1,1,0,0,0,0][2,2,2,2,1,1][2,2,2,2,1,1]
1178 [0,0,0,0,1,1][0,0,2,2,2,2][0,0,2,2,2,2][1,1,0,0,0,0][2,2,3,3,0,0][2,2,3,3,0,0]
1179 [0,0,0,0,1,1][0,0,2,2,2,2][0,0,2,2,2,2][1,1,0,0,0,0][2,2,3,3,1,1][2,2,3,3,1,1]
1180 [0,0,0,0,1,1][0,0,2,2,2,2][0,0,2,2,2,2][1,1,0,0,0,0][3,3,2,2,1,1][3,3,2,2,1,1]
1181 [0,0,0,0,1,1][0,0,2,2,2,2][0,0,2,2,2,2][1,1,0,0,0,0][3,3,3,3,1,1][3,3,3,3,1,1]
1182 [0,0,0,0,1,1][0,0,2,2,2,2][0,0,2,2,2,2][1,1,1,1,1,1][2,2,0,0,2,2][2,2,0,0,2,2]
1183 [0,0,0,0,1,1][0,0,2,2,2,2][0,0,2,2,2,2][1,1,1,1,1,1][2,2,0,0,3,3][2,2,0,0,3,3]
1184 [0,0,0,0,1,1][0,0,2,2,2,2][0,0,2,2,2,2][1,1,1,1,1,1][2,2,1,1,2,2][2,2,1,1,2,2]
1185 [0,0,0,0,1,1][0,0,2,2,2,2][0,0,2,2,2,2][1,1,1,1,1,1][2,2,1,1,3,3][2,2,1,1,3,3]
1186 [0,0,0,0,1,1][0,0,2,2,2,2][0,0,2,2,2,2][1,1,1,1,1,1][3,3,1,1,2,2][3,3,1,1,2,2]
1187 [0,0,0,0,1,1][0,0,2,2,2,2][0,0,2,2,2,2][1,1,1,1,1,1][3,3,1,1,3,3][3,3,1,1,3,3]
1188 [0,0,0,0,1,1][0,0,2,2,3,3][0,0,2,2,3,3][1,1,0,0,0,0][2,2,2,2,0,0][2,2,2,2,0,0]
1189 [0,0,0,0,1,1][0,0,2,2,3,3][0,0,2,2,3,3][1,1,0,0,0,0][2,2,2,2,1,1][2,2,2,2,1,1]
1190 [0,0,0,0,1,1][0,0,2,2,3,3][0,0,2,2,3,3][1,1,0,0,0,0][2,2,3,3,0,0][2,2,3,3,0,0]
1191 [0,0,0,0,1,1][0,0,2,2,3,3][0,0,2,2,3,3][1,1,0,0,0,0][2,2,3,3,1,1][2,2,3,3,1,1]
1192 [0,0,0,0,1,1][0,0,2,2,3,3][0,0,2,2,3,3][1,1,0,0,0,0][3,3,2,2,0,0][3,3,2,2,0,0]
1193 [0,0,0,0,1,1][0,0,2,2,3,3][0,0,2,2,3,3][1,1,0,0,0,0][3,3,2,2,1,1][3,3,2,2,1,1]
1194 [0,0,0,0,1,1][0,0,2,2,3,3][0,0,2,2,3,3][1,1,0,0,0,0][3,3,3,3,0,0][3,3,3,3,0,0]
1195 [0,0,0,0,1,1][0,0,2,2,3,3][0,0,2,2,3,3][1,1,0,0,0,0][3,3,3,3,1,1][3,3,3,3,1,1]
1196 [0,0,0,0,1,1][0,0,2,2,3,3][0,0,2,2,3,3][1,1,1,1,1,1][2,2,0,0,3,3][2,2,0,0,3,3]
1197 [0,0,0,0,1,1][0,0,2,2,3,3][0,0,2,2,3,3][1,1,1,1,1,1][2,2,1,1,2,2][2,2,1,1,2,2]
1198 [0,0,0,0,1,1][0,0,2,2,3,3][0,0,2,2,3,3][1,1,1,1,1,1][2,2,1,1,3,3][2,2,1,1,3,3]
1199 [0,0,0,0,1,1][0,0,2,2,3,3][0,0,2,2,3,3][1,1,1,1,1,1][3,3,1,1,2,2][3,3,1,1,2,2]
1200 [0,0,0,0,1,1][0,0,2,2,3,3][0,0,2,2,3,3][1,1,1,1,1,1][3,3,1,1,3,3][3,3,1,1,3,3]
1201 [0,0,0,0,1,1][0,0,2,3,2,3][0,0,2,3,2,3][1,1,0,0,0,0][2,3,2,3,0,0][2,3,2,3,0,0]
1202 [0,0,0,0,1,1][0,0,2,3,2,3][0,0,2,3,2,3][1,1,0,0,0,0][2,3,2,3,1,1][2,3,2,3,1,1]
1203 [0,0,0,0,1,1][0,0,2,3,2,3][0,0,2,3,2,3][1,1,0,0,0,0][2,3,3,2,0,0][2,3,3,2,0,0]
1204 [0,0,0,0,1,1][0,0,2,3,2,3][0,0,2,3,2,3][1,1,0,0,0,0][2,3,3,2,1,1][2,3,3,2,1,1]
1205 [0,0,0,0,1,1][0,0,2,3,2,3][0,0,2,3,2,3][1,1,1,1,1,1][2,3,0,0,2,3][2,3,0,0,2,3]
1206 [0,0,0,0,1,1][0,0,2,3,2,3][0,0,2,3,2,3][1,1,1,1,1,1][2,3,0,0,3,2][2,3,0,0,3,2]
1207 [0,0,0,0,1,1][0,0,2,3,2,3][0,0,2,3,2,3][1,1,1,1,1,1][2,3,1,1,2,3][2,3,1,1,2,3]
1208 [0,0,0,0,1,1][0,0,2,3,2,3][0,0,2,3,2,3][1,1,1,1,1,1][2,3,1,1,3,2][2,3,1,1,3,2]
1209 [0,0,0,0,1,1][0,0,3,3,2,2][0,0,3,3,2,2][1,1,0,0,0,0][2,2,2,2,1,1][2,2,2,2,1,1]
1210 [0,0,0,0,1,1][0,0,3,3,2,2][0,0,3,3,2,2][1,1,0,0,0,0][2,2,3,3,0,0][2,2,3,3,0,0]
1211 [0,0,0,0,1,1][0,0,3,3,2,2][0,0,3,3,2,2][1,1,0,0,0,0][2,2,3,3,1,1][2,2,3,3,1,1]
1212 [0,0,0,0,1,1][0,0,3,3,2,2][0,0,3,3,2,2][1,1,0,0,0,0][3,3,2,2,1,1][3,3,2,2,1,1]
1213 [0,0,0,0,1,1][0,0,3,3,2,2][0,0,3,3,2,2][1,1,0,0,0,0][3,3,3,3,1,1][3,3,3,3,1,1]
1214 [0,0,0,0,1,1][0,0,3,3,2,2][0,0,3,3,2,2][1,1,1,1,1,1][2,2,0,0,2,2][2,2,0,0,2,2]
1215 [0,0,0,0,1,1][0,0,3,3,2,2][0,0,3,3,2,2][1,1,1,1,1,1][2,2,0,0,3,3][2,2,0,0,3,3]
1216 [0,0,0,0,1,1][0,0,3,3,2,2][0,0,3,3,2,2][1,1,1,1,1,1][2,2,1,1,2,2][2,2,1,1,2,2]
1217 [0,0,0,0,1,1][0,0,3,3,2,2][0,0,3,3,2,2][1,1,1,1,1,1][2,2,1,1,3,3][2,2,1,1,3,3]
1218 [0,0,0,0,1,1][0,0,3,3,2,2][0,0,3,3,2,2][1,1,1,1,1,1][3,3,0,0,2,2][3,3,0,0,2,2]
1219 [0,0,0,0,1,1][0,0,3,3,2,2][0,0,3,3,2,2][1,1,1,1,1,1][3,3,0,0,3,3][3,3,0,0,3,3]
1220 [0,0,0,0,1,1][0,0,3,3,2,2][0,0,3,3,2,2][1,1,1,1,1,1][3,3,1,1,2,2][3,3,1,1,2,2]
1221 [0,0,0,0,1,1][0,0,3,3,2,2][0,0,3,3,2,2][1,1,1,1,1,1][3,3,1,1,3,3][3,3,1,1,3,3]
1222 [0,0,0,0,1,1][0,0,3,3,3,3][0,0,3,3,3,3][1,1,0,0,0,0][2,2,2,2,0,0][2,2,2,2,0,0]
1223 [0,0,0,0,1,1][0,0,3,3,3,3][0,0,3,3,3,3][1,1,0,0,0,0][2,2,2,2,1,1][2,2,2,2,1,1]
1224 [0,0,0,0,1,1][0,0,3,3,3,3][0,0,3,3,3,3][1,1,0,0,0,0][2,2,3,3,0,0][2,2,3,3,0,0]
1225 [0,0,0,0,1,1][0,0,3,3,3,3][0,0,3,3,3,3][1,1,0,0,0,0][2,2,3,3,1,1][2,2,3,3,1,1]
1226 [0,0,0,0,1,1][0,0,3,3,3,3][0,0,3,3,3,3][1,1,0,0,0,0][3,3,2,2,1,1][3,3,2,2,1,1]
1227 [0,0,0,0,1,1][0,0,3,3,3,3][0,0,3,3,3,3][1,1,0,0,0,0][3,3,3,3,0,0][3,3,3,3,0,0]
1228 [0,0,0,0,1,1][0,0,3,3,3,3][0,0,3,3,3,3][1,1,0,0,0,0][3,3,3,3,1,1][3,3,3,3,1,1]
1229 [0,0,0,0,1,1][0,0,3,3,3,3][0,0,3,3,3,3][1,1,1,1,1,1][2,2,0,0,2,2][2,2,0,0,2,2]
1230 [0,0,0,0,1,1][0,0,3,3,3,3][0,0,3,3,3,3][1,1,1,1,1,1][2,2,0,0,3,3][2,2,0,0,3,3]
1231 [0,0,0,0,1,1][0,0,3,3,3,3][0,0,3,3,3,3][1,1,1,1,1,1][2,2,1,1,2,2][2,2,1,1,2,2]
1232 [0,0,0,0,1,1][0,0,3,3,3,3][0,0,3,3,3,3][1,1,1,1,1,1][2,2,1,1,3,3][2,2,1,1,3,3]
1233 [0,0,0,0,1,1][0,0,3,3,3,3][0,0,3,3,3,3][1,1,1,1,1,1][3,3,0,0,3,3][3,3,0,0,3,3]
1234 [0,0,0,0,1,1][0,0,3,3,3,3][0,0,3,3,3,3][1,1,1,1,1,1][3,3,1,1,2,2][3,3,1,1,2,2]
1235 [0,0,0,0,1,1][0,0,3,3,3,3][0,0,3,3,3,3][1,1,1,1,1,1][3,3,1,1,3,3][3,3,1,1,3,3]
1274 [0,0,0,0,1,1][1,1,1,1,1,1][1,1,2,2,2,2][1,1,2,2,2,2][2,2,1,1,2,2][2,2,1,1,2,2]
1275 [0,0,0,0,1,1][1,1,1,1,1,1][1,1,2,2,2,2][1,1,2,2,2,2][2,2,1,1,3,3][2,2,1,1,3,3]
1276 [0,0,0,0,1,1][1,1,1,1,1,1][1,1,2,2,3,3][1,1,2,2,3,3][2,2,1,1,3,3][2,2,1,1,3,3]
1277 [0,0,0,0,1,1][1,1,1,1,1,1][1,1,2,3,2,3][1,1,2,3,2,3][2,3,1,1,2,3][2,3,1,1,2,3]
1278 [0,0,0,0,1,1][1,1,1,1,1,1][1,1,2,3,2,3][1,1,2,3,2,3][2,3,1,1,3,2][2,3,1,1,3,2]
1279 [0,0,0,0,1,1][1,1,1,1,1,1][1,1,3,3,2,2][1,1,3,3,2,2][2,2,1,1,2,2][2,2,1,1,2,2]
1280 [0,0,0,0,1,1][1,1,1,1,1,1][1,1,3,3,2,2][1,1,3,3,2,2][2,2,1,1,3,3][2,2,1,1,3,3]
1281 [0,0,0,0,1,1][1,1,1,1,1,1][1,1,3,3,2,2][1,1,3,3,2,2][3,3,1,1,2,2][3,3,1,1,2,2]
1282 [0,0,0,0,1,1][1,1,1,1,1,1][1,1,3,3,2,2][1,1,3,3,2,2][3,3,1,1,3,3][3,3,1,1,3,3]
1283 [0,0,0,0,1,1][1,1,1,1,1,1][1,1,3,3,3,3][1,1,3,3,3,3][2,2,1,1,2,2][2,2,1,1,2,2]
1284 [0,0,0,0,1,1][1,1,1,1,1,1][1,1,3,3,3,3][1,1,3,3,3,3][2,2,1,1,3,3][2,2,1,1,3,3]
1285 [0,0,0,0,1,1][1,1,1,1,1,1][1,1,3,3,3,3][1,1,3,3,3,3][3,3,1,1,3,3][3,3,1,1,3,3]
1372 [0,0,0,1,2,2][0,0,0,1,2,2][0,0,2,2,0,1][0,0,2,2,0,1][0,0,2,3,2,3][0,0,2,3,2,3]
1373 [0,0,0,1,2,2][0,0,0,1,2,2][0,0,2,2,0,1][0,0,2,2,0,1][0,0,2,3,3,2][0,0,2,3,3,2]
1374 [0,0,0,1,2,2][0,0,0,1,2,2][0,0,2,2,0,1][0,0,2,2,0,1][0,0,3,2,3,2][0,0,3,2,3,2]
1377 [0,0,0,1,2,2][0,0,0,1,2,2][0,0,2,2,0,1][0,0,2,2,0,1][1,1,2,3,2,3][1,1,2,3,2,3]
1378 [0,0,0,1,2,2][0,0,0,1,2,2][0,0,2,2,0,1][0,0,2,2,0,1][1,1,2,3,3,2][1,1,2,3,3,2]
1379 [0,0,0,1,2,2][0,0,0,1,2,2][0,0,2,2,0,1][0,0,2,2,0,1][1,1,3,2,3,2][1,1,3,2,3,2]
1382 [0,0,0,1,2,2][0,0,0,1,2,2][0,0,2,3,2,3][0,0,2,3,2,3][1,1,2,2,0,1][1,1,2,2,0,1]
1383 [0,0,0,1,2,2][0,0,0,1,2,2][0,0,2,3,2,3][0,0,2,3,2,3][1,1,2,2,1,0][1,1,2,2,1,0]
1384 [0,0,0,1,2,2][0,0,0,1,2,2][0,0,2,3,2,3][0,0,2,3,2,3][1,1,3,3,0,1][1,1,3,3,0,1]
1385 [0,0,0,1,2,2][0,0,0,1,2,2][0,0,2,3,2,3][0,0,2,3,2,3][1,1,3,3,1,0][1,1,3,3,1,0]
1388 [0,0,0,1,2,2][0,0,0,1,2,2][0,0,3,2,2,3][0,0,3,2,2,3][1,1,2,2,0,1][1,1,2,2,0,1]
1389 [0,0,0,1,2,2][0,0,0,1,2,2][0,0,3,2,2,3][0,0,3,2,2,3][1,1,2,2,1,0][1,1,2,2,1,0]
1390 [0,0,0,1,2,2][0,0,0,1,2,2][0,0,3,2,2,3][0,0,3,2,2,3][1,1,3,3,0,1][1,1,3,3,0,1]
1391 [0,0,0,1,2,2][0,0,0,1,2,2][0,0,3,2,2,3][0,0,3,2,2,3][1,1,3,3,1,0][1,1,3,3,1,0]
1417 [0,0,0,1,2,2][0,0,0,1,2,2][0,2,2,1,0,0][0,2,2,1,0,0][1,2,2,1,2,2][1,2,2,1,2,2]
1418 [0,0,0,1,2,2][0,0,0,1,2,2][0,2,2,1,0,0][0,2,2,1,0,0][1,2,2,1,3,3][1,2,2,1,3,3]
1419 [0,0,0,1,2,2][0,0,0,1,2,2][0,2,2,1,0,0][0,2,2,1,0,0][1,3,3,1,3,3][1,3,3,1,3,3]
1422 [0,0,0,1,2,2][0,0,0,1,2,2][0,2,2,1,1,1][0,2,2,1,1,1][1,2,2,1,2,2][1,2,2,1,2,2]
1423 [0,0,0,1,2,2][0,0,0,1,2,2][0,2,2,1,1,1][0,2,2,1,1,1][1,2,2,1,3,3][1,2,2,1,3,3]
1424 [0,0,0,1,2,2][0,0,0,1,2,2][0,2,2,1,1,1][0,2,2,1,1,1][1,3,3,1,2,2][1,3,3,1,2,2]
1425 [0,0,0,1,2,2][0,0,0,1,2,2][0,2,2,1,1,1][0,2,2,1,1,1][1,3,3,1,3,3][1,3,3,1,3,3]
1428 [0,0,0,1,2,2][0,0,0,1,2,2][0,3,3,1,1,1][0,3,3,1,1,1][1,2,2,1,2,2][1,2,2,1,2,2]
1429 [0,0,0,1,2,2][0,0,0,1,2,2][0,3,3,1,1,1][0,3,3,1,1,1][1,2,2,1,3,3][1,2,2,1,3,3]
1430 [0,0,0,1,2,2][0,0,0,1,2,2][0,3,3,1,1,1][0,3,3,1,1,1][1,3,3,1,2,2][1,3,3,1,2,2]
1431 [0,0,0,1,2,2][0,0,0,1,2,2][0,3,3,1,1,1][0,3,3,1,1,1][1,3,3,1,3,3][1,3,3,1,3,3]
1437 [0,0,0,1,2,2][0,0,0,1,2,2][1,1,2,2,0,1][1,1,2,2,0,1][1,1,2,3,2,3][1,1,2,3,2,3]
1438 [0,0,0,1,2,2][0,0,0,1,2,2][1,1,2,2,0,1][1,1,2,2,0,1][1,1,2,3,3,2][1,1,2,3,3,2]
1439 [0,0,0,1,2,2][0,0,0,1,2,2][1,1,2,2,0,1][1,1,2,2,0,1][1,1,3,2,2,3][1,1,3,2,2,3]
1440 [0,0,0,1,2,2][0,0,0,1,2,2][1,1,2,2,0,1][1,1,2,2,0,1][1,1,3,2,3,2][1,1,3,2,3,2]
1441 [0,0,0,1,2,2][0,0,0,1,2,2][1,1,2,3,2,3][1,1,2,3,2,3][1,1,3,3,0,1][1,1,3,3,0,1]
1442 [0,0,0,1,2,2][0,0,0,1,2,2][1,1,2,3,2,3][1,1,2,3,2,3][1,1,3,3,1,0][1,1,3,3,1,0]
1443 [0,0,0,1,2,2][0,0,0,1,2,2][1,1,3,2,2,3][1,1,3,2,2,3][1,1,3,3,0,1][1,1,3,3,0,1]
1444 [0,0,0,1,2,2][0,0,0,1,2,2][1,1,3,2,2,3][1,1,3,2,2,3][1,1,3,3,1,0][1,1,3,3,1,0]
1445 [0,0,0,1,2,2][0,0,0,1,2,2][1,2,2,0,0,0][1,2,2,0,0,0][1,2,2,1,2,2][1,2,2,1,2,2]
1446 [0,0,0,1,2,2][0,0,0,1,2,2][1,2,2,0,0,0][1,2,2,0,0,0][1,2,2,1,3,3][1,2,2,1,3,3]
1447 [0,0,0,1,2,2][0,0,0,1,2,2][1,2,2,0,0,0][1,2,2,0,0,0][1,3,3,1,3,3][1,3,3,1,3,3]
1448 [0,0,0,1,2,2][0,0,0,1,2,2][1,2,2,0,1,1][1,2,2,0,1,1][1,2,2,1,2,2][1,2,2,1,2,2]
1449 [0,0,0,1,2,2][0,0,0,1,2,2][1,2,2,0,1,1][1,2,2,0,1,1][1,2,2,1,3,3][1,2,2,1,3,3]
1450 [0,0,0,1,2,2][0,0,0,1,2,2][1,2,2,0,1,1][1,2,2,0,1,1][1,3,3,1,2,2][1,3,3,1,2,2]
1451 [0,0,0,1,2,2][0,0,0,1,2,2][1,2,2,0,1,1][1,2,2,0,1,1][1,3,3,1,3,3][1,3,3,1,3,3]
1452 [0,0,0,1,2,2][0,0,0,1,2,2][1,2,2,1,2,2][1,2,2,1,2,2][1,3,3,0,1,1][1,3,3,0,1,1]
1453 [0,0,0,1,2,2][0,0,0,1,2,2][1,2,2,1,3,3][1,2,2,1,3,3][1,3,3,0,1,1][1,3,3,0,1,1]
1454 [0,0,0,1,2,2][0,0,0,1,2,2][1,3,3,0,1,1][1,3,3,0,1,1][1,3,3,1,2,2][1,3,3,1,2,2]
1455 [0,0,0,1,2,2][0,0,0,1,2,2][1,3,3,0,1,1][1,3,3,0,1,1][1,3,3,1,3,3][1,3,3,1,3,3]
1470 [0,0,0,1,2,2][0,0,0,1,3,3][0,0,2,2,0,1][0,0,2,3,2,3][0,0,3,2,3,2][0,0,3,3,0,1]
1471 [0,0,0,1,2,2][0,0,0,1,3,3][0,0,2,2,0,1][0,0,2,3,3,2][0,0,3,2,2,3][0,0,3,3,0,1]
1472 [0,0,0,1,2,2][0,0,0,1,3,3][0,0,2,2,0,1][0,0,3,3,0,1][1,1,2,3,2,3][1,1,3,2,3,2]
1473 [0,0,0,1,2,2][0,0,0,1,3,3][0,0,2,2,0,1][0,0,3,3,0,1][1,1,2,3,3,2][1,1,3,2,2,3]
1474 [0,0,0,1,2,2][0,0,0,1,3,3][0,0,2,3,2,3][0,0,3,2,3,2][1,1,2,2,0,1][1,1,3,3,0,1]
1475 [0,0,0,1,2,2][0,0,0,1,3,3][0,0,2,3,2,3][0,0,3,2,3,2][1,1,2,2,1,0][1,1,3,3,1,0]
1482 [0,0,0,1,2,2][0,0,0,1,3,3][0,2,2,1,0,0][0,3,3,1,0,0][1,2,2,1,2,2][1,3,3,1,3,3]
1483 [0,0,0,1,2,2][0,0,0,1,3,3][0,2,2,1,0,0][0,3,3,1,0,0][1,2,2,1,3,3][1,3,3,1,2,2]
1484 [0,0,0,1,2,2][0,0,0,1,3,3][0,2,2,1,1,1][0,3,3,1,1,1][1,2,2,1,2,2][1,3,3,1,3,3]
1485 [0,0,0,1,2,2][0,0,0,1,3,3][0,2,2,1,1,1][0,3,3,1,1,1][1,2,2,1,3,3][1,3,3,1,2,2]
1488 [0,0,0,1,2,2][0,0,0,1,3,3][1,1,2,2,0,1][1,1,2,3,2,3][1,1,3,2,3,2][1,1,3,3,0,1]
1489 [0,0,0,1,2,2][0,0,0,1,3,3][1,1,2,2,0,1][1,1,2,3,3,2][1,1,3,2,2,3][1,1,3,3,0,1]
1490 [0,0,0,1,2,2][0,0,0,1,3,3][1,2,2,0,0,0][1,2,2,1,2,2][1,3,3,0,0,0][1,3,3,1,3,3]
1491 [0,0,0,1,2,2][0,0,0,1,3,3][1,2,2,0,0,0][1,2,2,1,3,3][1,3,3,0,0,0][1,3,3,1,2,2]
1492 [0,0,0,1,2,2][0,0,0,1,3,3][1,2,2,0,1,1][1,2,2,1,2,2][1,3,3,0,1,1][1,3,3,1,3,3]
1493 [0,0,0,1,2,2][0,0,0,1,3,3][1,2,2,0,1,1][1,2,2,1,3,3][1,3,3,0,1,1][1,3,3,1,2,2]
1631 [0,0,0,1,3,3][0,0,0,1,3,3][0,0,2,2,0,1][0,0,2,2,0,1][0,0,2,3,2,3][0,0,2,3,2,3]
1632 [0,0,0,1,3,3][0,0,0,1,3,3][0,0,2,2,0,1][0,0,2,2,0,1][0,0,2,3,3,2][0,0,2,3,3,2]
1633 [0,0,0,1,3,3][0,0,0,1,3,3][0,0,2,2,0,1][0,0,2,2,0,1][0,0,3,2,2,3][0,0,3,2,2,3]
1634 [0,0,0,1,3,3][0,0,0,1,3,3][0,0,2,2,0,1][0,0,2,2,0,1][0,0,3,2,3,2][0,0,3,2,3,2]
1637 [0,0,0,1,3,3][0,0,0,1,3,3][0,0,2,2,0,1][0,0,2,2,0,1][1,1,2,3,2,3][1,1,2,3,2,3]
1638 [0,0,0,1,3,3][0,0,0,1,3,3][0,0,2,2,0,1][0,0,2,2,0,1][1,1,2,3,3,2][1,1,2,3,3,2]
1639 [0,0,0,1,3,3][0,0,0,1,3,3][0,0,2,2,0,1][0,0,2,2,0,1][1,1,3,2,2,3][1,1,3,2,2,3]
1640 [0,0,0,1,3,3][0,0,0,1,3,3][0,0,2,2,0,1][0,0,2,2,0,1][1,1,3,2,3,2][1,1,3,2,3,2]
1641 [0,0,0,1,3,3][0,0,0,1,3,3][0,0,2,3,2,3][0,0,2,3,2,3][0,0,3,3,0,1][0,0,3,3,0,1]
1642 [0,0,0,1,3,3][0,0,0,1,3,3][0,0,2,3,2,3][0,0,2,3,2,3][0,0,3,3,1,0][0,0,3,3,1,0]
1645 [0,0,0,1,3,3][0,0,0,1,3,3][0,0,2,3,2,3][0,0,2,3,2,3][1,1,2,2,0,1][1,1,2,2,0,1]
1646 [0,0,0,1,3,3][0,0,0,1,3,3][0,0,2,3,2,3][0,0,2,3,2,3][1,1,2,2,1,0][1,1,2,2,1,0]
1647 [0,0,0,1,3,3][0,0,0,1,3,3][0,0,2,3,2,3][0,0,2,3,2,3][1,1,3,3,0,1][1,1,3,3,0,1]
1648 [0,0,0,1,3,3][0,0,0,1,3,3][0,0,2,3,2,3][0,0,2,3,2,3][1,1,3,3,1,0][1,1,3,3,1,0]
1649 [0,0,0,1,3,3][0,0,0,1,3,3][0,0,3,2,2,3][0,0,3,2,2,3][0,0,3,3,1,0][0,0,3,3,1,0]
1652 [0,0,0,1,3,3][0,0,0,1,3,3][0,0,3,2,2,3][0,0,3,2,2,3][1,1,2,2,0,1][1,1,2,2,0,1]
1653 [0,0,0,1,3,3][0,0,0,1,3,3][0,0,3,2,2,3][0,0,3,2,2,3][1,1,2,2,1,0][1,1,2,2,1,0]
1654 [0,0,0,1,3,3][0,0,0,1,3,3][0,0,3,2,2,3][0,0,3,2,2,3][1,1,3,3,0,1][1,1,3,3,0,1]
1655 [0,0,0,1,3,3][0,0,0,1,3,3][0,0,3,2,2,3][0,0,3,2,2,3][1,1,3,3,1,0][1,1,3,3,1,0]
1658 [0,0,0,1,3,3][0,0,0,1,3,3][0,0,3,3,0,1][0,0,3,3,0,1][1,1,2,3,2,3][1,1,2,3,2,3]
1659 [0,0,0,1,3,3][0,0,0,1,3,3][0,0,3,3,0,1][0,0,3,3,0,1][1,1,2,3,3,2][1,1,2,3,3,2]
1660 [0,0,0,1,3,3][0,0,0,1,3,3][0,0,3,3,0,1][0,0,3,3,0,1][1,1,3,2,3,2][1,1,3,2,3,2]
1688 [0,0,0,1,3,3][0,0,0,1,3,3][0,2,2,1,0,0][0,2,2,1,0,0][1,2,2,1,2,2][1,2,2,1,2,2]
1689 [0,0,0,1,3,3][0,0,0,1,3,3][0,2,2,1,0,0][0,2,2,1,0,0][1,2,2,1,3,3][1,2,2,1,3,3]
1690 [0,0,0,1,3,3][0,0,0,1,3,3][0,2,2,1,0,0][0,2,2,1,0,0][1,3,3,1,2,2][1,3,3,1,2,2]
1691 [0,0,0,1,3,3][0,0,0,1,3,3][0,2,2,1,0,0][0,2,2,1,0,0][1,3,3,1,3,3][1,3,3,1,3,3]
1694 [0,0,0,1,3,3][0,0,0,1,3,3][0,2,2,1,1,1][0,2,2,1,1,1][1,2,2,1,2,2][1,2,2,1,2,2]
1695 [0,0,0,1,3,3][0,0,0,1,3,3][0,2,2,1,1,1][0,2,2,1,1,1][1,2,2,1,3,3][1,2,2,1,3,3]
1696 [0,0,0,1,3,3][0,0,0,1,3,3][0,2,2,1,1,1][0,2,2,1,1,1][1,3,3,1,2,2][1,3,3,1,2,2]
1697 [0,0,0,1,3,3][0,0,0,1,3,3][0,2,2,1,1,1][0,2,2,1,1,1][1,3,3,1,3,3][1,3,3,1,3,3]
1700 [0,0,0,1,3,3][0,0,0,1,3,3][0,3,3,1,0,0][0,3,3,1,0,0][1,2,2,1,2,2][1,2,2,1,2,2]
1701 [0,0,0,1,3,3][0,0,0,1,3,3][0,3,3,1,0,0][0,3,3,1,0,0][1,2,2,1,3,3][1,2,2,1,3,3]
1702 [0,0,0,1,3,3][0,0,0,1,3,3][0,3,3,1,0,0][0,3,3,1,0,0][1,3,3,1,3,3][1,3,3,1,3,3]
1705 [0,0,0,1,3,3][0,0,0,1,3,3][0,3,3,1,1,1][0,3,3,1,1,1][1,2,2,1,2,2][1,2,2,1,2,2]
1706 [0,0,0,1,3,3][0,0,0,1,3,3][0,3,3,1,1,1][0,3,3,1,1,1][1,2,2,1,3,3][1,2,2,1,3,3]
1707 [0,0,0,1,3,3][0,0,0,1,3,3][0,3,3,1,1,1][0,3,3,1,1,1][1,3,3,1,2,2][1,3,3,1,2,2]
1708 [0,0,0,1,3,3][0,0,0,1,3,3][0,3,3,1,1,1][0,3,3,1,1,1][1,3,3,1,3,3][1,3,3,1,3,3]
1714 [0,0,0,1,3,3][0,0,0,1,3,3][1,1,2,2,0,1][1,1,2,2,0,1][1,1,2,3,2,3][1,1,2,3,2,3]
1715 [0,0,0,1,3,3][0,0,0,1,3,3][1,1,2,2,0,1][1,1,2,2,0,1][1,1,2,3,3,2][1,1,2,3,3,2]
1716 [0,0,0,1,3,3][0,0,0,1,3,3][1,1,2,2,0,1][1,1,2,2,0,1][1,1,3,2,2,3][1,1,3,2,2,3]
1717 [0,0,0,1,3,3][0,0,0,1,3,3][1,1,2,2,0,1][1,1,2,2,0,1][1,1,3,2,3,2][1,1,3,2,3,2]
1718 [0,0,0,1,3,3][0,0,0,1,3,3][1,1,2,3,2,3][1,1,2,3,2,3][1,1,3,3,0,1][1,1,3,3,0,1]
1719 [0,0,0,1,3,3][0,0,0,1,3,3][1,1,2,3,2,3][1,1,2,3,2,3][1,1,3,3,1,0][1,1,3,3,1,0]
1720 [0,0,0,1,3,3][0,0,0,1,3,3][1,1,3,2,2,3][1,1,3,2,2,3][1,1,3,3,0,1][1,1,3,3,0,1]
1721 [0,0,0,1,3,3][0,0,0,1,3,3][1,1,3,2,2,3][1,1,3,2,2,3][1,1,3,3,1,0][1,1,3,3,1,0]
1722 [0,0,0,1,3,3][0,0,0,1,3,3][1,2,2,0,0,0][1,2,2,0,0,0][1,2,2,1,2,2][1,2,2,1,2,2]
1723 [0,0,0,1,3,3][0,0,0,1,3,3][1,2,2,0,0,0][1,2,2,0,0,0][1,2,2,1,3,3][1,2,2,1,3,3]
1724 [0,0,0,1,3,3][0,0,0,1,3,3][1,2,2,0,0,0][1,2,2,0,0,0][1,3,3,1,2,2][1,3,3,1,2,2]
1725 [0,0,0,1,3,3][0,0,0,1,3,3][1,2,2,0,0,0][1,2,2,0,0,0][1,3,3,1,3,3][1,3,3,1,3,3]
1726 [0,0,0,1,3,3][0,0,0,1,3,3][1,2,2,0,1,1][1,2,2,0,1,1][1,2,2,1,2,2][1,2,2,1,2,2]
1727 [0,0,0,1,3,3][0,0,0,1,3,3][1,2,2,0,1,1][1,2,2,0,1,1][1,2,2,1,3,3][1,2,2,1,3,3]
1728 [0,0,0,1,3,3][0,0,0,1,3,3][1,2,2,0,1,1][1,2,2,0,1,1][1,3,3,1,2,2][1,3,3,1,2,2]
1729 [0,0,0,1,3,3][0,0,0,1,3,3][1,2,2,0,1,1][1,2,2,0,1,1][1,3,3,1,3,3][1,3,3,1,3,3]
1730 [0,0,0,1,3,3][0,0,0,1,3,3][1,2,2,1,2,2][1,2,2,1,2,2][1,3,3,0,0,0][1,3,3,0,0,0]
1731 [0,0,0,1,3,3][0,0,0,1,3,3][1,2,2,1,2,2][1,2,2,1,2,2][1,3,3,0,1,1][1,3,3,0,1,1]
1732 [0,0,0,1,3,3][0,0,0,1,3,3][1,2,2,1,3,3][1,2,2,1,3,3][1,3,3,0,0,0][1,3,3,0,0,0]
1733 [0,0,0,1,3,3][0,0,0,1,3,3][1,2,2,1,3,3][1,2,2,1,3,3][1,3,3,0,1,1][1,3,3,0,1,1]
1734 [0,0,0,1,3,3][0,0,0,1,3,3][1,3,3,0,0,0][1,3,3,0,0,0][1,3,3,1,3,3][1,3,3,1,3,3]
1735 [0,0,0,1,3,3][0,0,0,1,3,3][1,3,3,0,1,1][1,3,3,0,1,1][1,3,3,1,2,2][1,3,3,1,2,2]
1736 [0,0,0,1,3,3][0,0,0,1,3,3][1,3,3,0,1,1][1,3,3,0,1,1][1,3,3,1,3,3][1,3,3,1,3,3]
1830 [0,0,1,1,1,1][0,0,1,1,1,1][0,0,2,2,2,2][1,1,2,2,3,3][2,2,0,0,2,2][2,2,1,1,3,3]
1831 [0,0,1,1,1,1][0,0,1,1,1,1][0,0,2,2,2,2][1,1,2,2,3,3][2,2,0,0,3,3][2,2,1,1,2,2]
1832 [0,0,1,1,1,1][0,0,1,1,1,1][0,0,2,2,2,2][1,1,2,2,3,3][3,3,0,0,2,2][3,3,1,1,3,3]
1833 [0,0,1,1,1,1][0,0,1,1,1,1][0,0,2,2,2,2][1,1,2,2,3,3][3,3,0,0,3,3][3,3,1,1,2,2]
1862 [0,0,1,1,1,1][0,0,1,1,1,1][0,0,2,2,3,3][1,1,2,2,2,2][2,2,0,0,2,2][2,2,1,1,3,3]
1863 [0,0,1,1,1,1][0,0,1,1,1,1][0,0,2,2,3,3][1,1,2,2,2,2][2,2,0,0,3,3][2,2,1,1,2,2]
1864 [0,0,1,1,1,1][0,0,1,1,1,1][0,0,2,2,3,3][1,1,2,2,2,2][3,3,0,0,2,2][3,3,1,1,3,3]
1865 [0,0,1,1,1,1][0,0,1,1,1,1][0,0,2,2,3,3][1,1,2,2,2,2][3,3,0,0,3,3][3,3,1,1,2,2]
1866 [0,0,1,1,1,1][0,0,1,1,1,1][0,0,2,2,3,3][1,1,2,3,2,3][2,3,0,2,3,0][2,3,1,3,2,1]
1867 [0,0,1,1,1,1][0,0,1,1,1,1][0,0,2,2,3,3][1,1,2,3,2,3][2,3,0,3,2,0][2,3,1,2,3,1]
1868 [0,0,1,1,1,1][0,0,1,1,1,1][0,0,2,2,3,3][1,1,3,3,3,3][2,2,2,2,0,0][2,2,3,3,1,1]
1869 [0,0,1,1,1,1][0,0,1,1,1,1][0,0,2,2,3,3][1,1,3,3,3,3][2,2,2,2,1,1][2,2,3,3,0,0]
1870 [0,0,1,1,1,1][0,0,1,1,1,1][0,0,2,2,3,3][1,1,3,3,3,3][3,3,2,2,0,0][3,3,3,3,1,1]
1871 [0,0,1,1,1,1][0,0,1,1,1,1][0,0,2,2,3,3][1,1,3,3,3,3][3,3,2,2,1,1][3,3,3,3,0,0]
1878 [0,0,1,1,1,1][0,0,1,1,1,1][0,0,3,3,3,3][1,1,2,2,3,3][2,2,2,2,0,0][2,2,3,3,1,1]
1879 [0,0,1,1,1,1][0,0,1,1,1,1][0,0,3,3,3,3][1,1,2,2,3,3][2,2,2,2,1,1][2,2,3,3,0,0]
1880 [0,0,1,1,1,1][0,0,1,1,1,1][0,0,3,3,3,3][1,1,2,2,3,3][3,3,2,2,0,0][3,3,3,3,1,1]
1881 [0,0,1,1,1,1][0,0,1,1,1,1][0,0,3,3,3,3][1,1,2,2,3,3][3,3,2,2,1,1][3,3,3,3,0,0]
1993 [0,0,1,1,1,1][0,0,1,1,1,1][2,2,0,0,2,2][2,2,2,2,0,0][3,3,1,1,2,2][3,3,2,2,1,1]
1994 [0,0,1,1,1,1][0,0,1,1,1,1][2,2,0,0,2,2][2,2,2,2,1,1][3,3,1,1,2,2][3,3,2,2,0,0]
1995 [0,0,1,1,1,1][0,0,1,1,1,1][2,2,0,0,2,2][2,2,3,3,1,1][3,3,1,1,2,2][3,3,3,3,0,0]
1996 [0,0,1,1,1,1][0,0,1,1,1,1][2,2,0,0,3,3][2,2,2,2,0,0][3,3,1,1,3,3][3,3,2,2,1,1]
1997 [0,0,1,1,1,1][0,0,1,1,1,1][2,2,0,0,3,3][2,2,2,2,1,1][3,3,1,1,3,3][3,3,2,2,0,0]
1998 [0,0,1,1,1,1][0,0,1,1,1,1][2,2,0,0,3,3][2,2,3,3,0,0][3,3,1,1,3,3][3,3,3,3,1,1]
1999 [0,0,1,1,1,1][0,0,1,1,1,1][2,2,0,0,3,3][2,2,3,3,1,1][3,3,1,1,3,3][3,3,3,3,0,0]
2009 [0,0,1,1,1,1][0,0,1,1,1,1][2,2,1,1,2,2][2,2,2,2,1,1][3,3,0,0,2,2][3,3,2,2,0,0]
2016 [0,0,1,1,1,1][0,0,1,1,1,1][2,2,1,1,3,3][2,2,2,2,1,1][3,3,0,0,3,3][3,3,2,2,0,0]
2017 [0,0,1,1,1,1][0,0,1,1,1,1][2,2,1,1,3,3][2,2,3,3,1,1][3,3,0,0,3,3][3,3,3,3,0,0]
2020 [0,0,1,1,1,1][0,0,1,1,1,1][2,3,0,0,2,3][2,3,2,3,0,0][3,2,1,1,2,3][3,2,2,3,1,1]
2021 [0,0,1,1,1,1][0,0,1,1,1,1][2,3,0,0,2,3][2,3,2,3,1,1][3,2,1,1,2,3][3,2,2,3,0,0]
2033 [0,0,1,1,1,1][0,0,2,2,2,2][0,0,2,2,2,2][1,1,0,0,1,1][2,2,0,0,2,2][2,2,0,0,2,2]
2034 [0,0,1,1,1,1][0,0,2,2,2,2][0,0,2,2,2,2][1,1,0,0,1,1][2,2,0,0,3,3][2,2,0,0,3,3]
2035 [0,0,1,1,1,1][0,0,2,2,2,2][0,0,2,2,2,2][1,1,0,0,1,1][2,2,1,1,2,2][2,2,1,1,2,2]
2036 [0,0,1,1,1,1][0,0,2,2,2,2][0,0,2,2,2,2][1,1,0,0,1,1][2,2,1,1,3,3][2,2,1,1,3,3]
2037 [0,0,1,1,1,1][0,0,2,2,2,2][0,0,2,2,2,2][1,1,0,0,1,1][3,3,1,1,2,2][3,3,1,1,2,2]
2038 [0,0,1,1,1,1][0,0,2,2,2,2][0,0,2,2,2,2][1,1,0,0,1,1][3,3,1,1,3,3][3,3,1,1,3,3]
2039 [0,0,1,1,1,1][0,0,2,2,3,3][0,0,2,2,3,3][1,1,0,0,1,1][2,2,0,0,3,3][2,2,0,0,3,3]
2040 [0,0,1,1,1,1][0,0,2,2,3,3][0,0,2,2,3,3][1,1,0,0,1,1][2,2,1,1,2,2][2,2,1,1,2,2]
2041 [0,0,1,1,1,1][0,0,2,2,3,3][0,0,2,2,3,3][1,1,0,0,1,1][2,2,1,1,3,3][2,2,1,1,3,3]
2042 [0,0,1,1,1,1][0,0,2,2,3,3][0,0,2,2,3,3][1,1,0,0,1,1][3,3,1,1,2,2][3,3,1,1,2,2]
2043 [0,0,1,1,1,1][0,0,2,2,3,3][0,0,2,2,3,3][1,1,0,0,1,1][3,3,1,1,3,3][3,3,1,1,3,3]
2044 [0,0,1,1,1,1][0,0,2,2,3,3][0,0,2,2,3,3][1,1,0,1,0,1][2,3,0,2,0,3][2,3,0,2,0,3]
2045 [0,0,1,1,1,1][0,0,2,2,3,3][0,0,2,2,3,3][1,1,0,1,0,1][2,3,0,3,0,2][2,3,0,3,0,2]
2046 [0,0,1,1,1,1][0,0,2,2,3,3][0,0,2,2,3,3][1,1,0,1,0,1][2,3,1,2,1,3][2,3,1,2,1,3]
2047 [0,0,1,1,1,1][0,0,2,2,3,3][0,0,2,2,3,3][1,1,0,1,0,1][2,3,1,3,1,2][2,3,1,3,1,2]
2048 [0,0,1,1,1,1][0,0,2,2,3,3][0,0,2,2,3,3][1,1,1,1,0,0][2,2,2,2,0,0][2,2,2,2,0,0]
2049 [0,0,1,1,1,1][0,0,2,2,3,3][0,0,2,2,3,3][1,1,1,1,0,0][2,2,2,2,1,1][2,2,2,2,1,1]
2050 [0,0,1,1,1,1][0,0,2,2,3,3][0,0,2,2,3,3][1,1,1,1,0,0][2,2,3,3,0,0][2,2,3,3,0,0]
2051 [0,0,1,1,1,1][0,0,2,2,3,3][0,0,2,2,3,3][1,1,1,1,0,0][2,2,3,3,1,1][2,2,3,3,1,1]
2052 [0,0,1,1,1,1][0,0,2,2,3,3][0,0,2,2,3,3][1,1,1,1,0,0][3,3,2,2,0,0][3,3,2,2,0,0]
2053 [0,0,1,1,1,1][0,0,2,2,3,3][0,0,2,2,3,3][1,1,1,1,0,0][3,3,2,2,1,1][3,3,2,2,1,1]
2054 [0,0,1,1,1,1][0,0,2,2,3,3][0,0,2,2,3,3][1,1,1,1,0,0][3,3,3,3,0,0][3,3,3,3,0,0]
2055 [0,0,1,1,1,1][0,0,2,2,3,3][0,0,2,2,3,3][1,1,1,1,0,0][3,3,3,3,1,1][3,3,3,3,1,1]
2056 [0,0,1,1,1,1][0,0,3,3,3,3][0,0,3,3,3,3][1,1,0,0,1,1][2,2,0,0,2,2][2,2,0,0,2,2]
2057 [0,0,1,1,1,1][0,0,3,3,3,3][0,0,3,3,3,3][1,1,0,0,1,1][2,2,0,0,3,3][2,2,0,0,3,3]
2058 [0,0,1,1,1,1][0,0,3,3,3,3][0,0,3,3,3,3][1,1,0,0,1,1][2,2,1,1,2,2][2,2,1,1,2,2]
2059 [0,0,1,1,1,1][0,0,3,3,3,3][0,0,3,3,3,3][1,1,0,0,1,1][2,2,1,1,3,3][2,2,1,1,3,3]
2060 [0,0,1,1,1,1][0,0,3,3,3,3][0,0,3,3,3,3][1,1,0,0,1,1][3,3,0,0,3,3][3,3,0,0,3,3]
2061 [0,0,1,1,1,1][0,0,3,3,3,3][0,0,3,3,3,3][1,1,0,0,1,1][3,3,1,1,2,2][3,3,1,1,2,2]
2062 [0,0,1,1,1,1][0,0,3,3,3,3][0,0,3,3,3,3][1,1,0,0,1,1][3,3,1,1,3,3][3,3,1,1,3,3]
2095 [0,0,1,1,1,1][1,1,0,0,1,1][1,1,2,2,2,2][1,1,2,2,2,2][2,2,1,1,2,2][2,2,1,1,2,2]
2096 [0,0,1,1,1,1][1,1,0,0,1,1][1,1,2,2,2,2][1,1,2,2,2,2][2,2,1,1,3,3][2,2,1,1,3,3]
2097 [0,0,1,1,1,1][1,1,0,0,1,1][1,1,2,2,3,3][1,1,2,2,3,3][2,2,1,1,3,3][2,2,1,1,3,3]
2098 [0,0,1,1,1,1][1,1,0,0,1,1][1,1,2,3,2,3][1,1,2,3,2,3][2,3,1,1,2,3][2,3,1,1,2,3]
2099 [0,0,1,1,1,1][1,1,0,0,1,1][1,1,2,3,2,3][1,1,2,3,2,3][2,3,1,1,3,2][2,3,1,1,3,2]
2100 [0,0,1,1,1,1][1,1,0,0,1,1][1,1,3,3,2,2][1,1,3,3,2,2][2,2,1,1,2,2][2,2,1,1,2,2]
2101 [0,0,1,1,1,1][1,1,0,0,1,1][1,1,3,3,2,2][1,1,3,3,2,2][2,2,1,1,3,3][2,2,1,1,3,3]
2102 [0,0,1,1,1,1][1,1,0,0,1,1][1,1,3,3,2,2][1,1,3,3,2,2][3,3,1,1,2,2][3,3,1,1,2,2]
2103 [0,0,1,1,1,1][1,1,0,0,1,1][1,1,3,3,2,2][1,1,3,3,2,2][3,3,1,1,3,3][3,3,1,1,3,3]
2104 [0,0,1,1,1,1][1,1,0,0,1,1][1,1,3,3,3,3][1,1,3,3,3,3][2,2,1,1,2,2][2,2,1,1,2,2]
2105 [0,0,1,1,1,1][1,1,0,0,1,1][1,1,3,3,3,3][1,1,3,3,3,3][2,2,1,1,3,3][2,2,1,1,3,3]
2106 [0,0,1,1,1,1][1,1,0,0,1,1][1,1,3,3,3,3][1,1,3,3,3,3][3,3,1,1,3,3][3,3,1,1,3,3]
2118 [0,0,2,2,2,2][0,0,2,2,2,2][0,1,0,0,2,2][0,1,0,0,2,2][0,1,2,2,0,0][0,1,2,2,0,0]
2119 [0,0,2,2,2,2][0,0,2,2,2,2][0,1,0,0,2,2][0,1,0,0,2,2][0,1,2,2,1,1][0,1,2,2,1,1]
2120 [0,0,2,2,2,2][0,0,2,2,2,2][0,1,0,0,2,2][0,1,0,0,2,2][0,1,3,3,1,1][0,1,3,3,1,1]
2121 [0,0,2,2,2,2][0,0,2,2,2,2][0,1,0,0,2,2][0,1,0,0,2,2][1,0,2,2,0,0][1,0,2,2,0,0]
2122 [0,0,2,2,2,2][0,0,2,2,2,2][0,1,0,0,2,2][0,1,0,0,2,2][1,0,2,2,1,1][1,0,2,2,1,1]
2123 [0,0,2,2,2,2][0,0,2,2,2,2][0,1,0,0,2,2][0,1,0,0,2,2][1,0,3,3,1,1][1,0,3,3,1,1]
2126 [0,0,2,2,2,2][0,0,2,2,2,2][0,1,0,0,3,3][0,1,0,0,3,3][0,1,2,2,0,0][0,1,2,2,0,0]
2127 [0,0,2,2,2,2][0,0,2,2,2,2][0,1,0,0,3,3][0,1,0,0,3,3][0,1,2,2,1,1][0,1,2,2,1,1]
2128 [0,0,2,2,2,2][0,0,2,2,2,2][0,1,0,0,3,3][0,1,0,0,3,3][0,1,3,3,0,0][0,1,3,3,0,0]
2129 [0,0,2,2,2,2][0,0,2,2,2,2][0,1,0,0,3,3][0,1,0,0,3,3][0,1,3,3,1,1][0,1,3,3,1,1]
2130 [0,0,2,2,2,2][0,0,2,2,2,2][0,1,0,0,3,3][0,1,0,0,3,3][1,0,2,2,0,0][1,0,2,2,0,0]
2131 [0,0,2,2,2,2][0,0,2,2,2,2][0,1,0,0,3,3][0,1,0,0,3,3][1,0,2,2,1,1][1,0,2,2,1,1]
2132 [0,0,2,2,2,2][0,0,2,2,2,2][0,1,0,0,3,3][0,1,0,0,3,3][1,0,3,3,0,0][1,0,3,3,0,0]
2133 [0,0,2,2,2,2][0,0,2,2,2,2][0,1,0,0,3,3][0,1,0,0,3,3][1,0,3,3,1,1][1,0,3,3,1,1]
2136 [0,0,2,2,2,2][0,0,2,2,2,2][0,1,1,1,2,2][0,1,1,1,2,2][0,1,2,2,1,1][0,1,2,2,1,1]
2137 [0,0,2,2,2,2][0,0,2,2,2,2][0,1,1,1,2,2][0,1,1,1,2,2][1,0,2,2,1,1][1,0,2,2,1,1]
2140 [0,0,2,2,2,2][0,0,2,2,2,2][0,1,1,1,3,3][0,1,1,1,3,3][0,1,2,2,1,1][0,1,2,2,1,1]
2141 [0,0,2,2,2,2][0,0,2,2,2,2][0,1,1,1,3,3][0,1,1,1,3,3][0,1,3,3,1,1][0,1,3,3,1,1]
2142 [0,0,2,2,2,2][0,0,2,2,2,2][0,1,1,1,3,3][0,1,1,1,3,3][1,0,2,2,1,1][1,0,2,2,1,1]
2143 [0,0,2,2,2,2][0,0,2,2,2,2][0,1,1,1,3,3][0,1,1,1,3,3][1,0,3,3,1,1][1,0,3,3,1,1]
2213 [0,0,2,2,2,2][0,0,3,3,3,3][0,1,0,0,2,2][0,1,0,0,3,3][0,1,2,2,0,0][0,1,3,3,0,0]
2214 [0,0,2,2,2,2][0,0,3,3,3,3][0,1,0,0,2,2][0,1,0,0,3,3][0,1,2,2,1,1][0,1,3,3,1,1]
2215 [0,0,2,2,2,2][0,0,3,3,3,3][0,1,0,0,2,2][0,1,0,0,3,3][1,0,2,2,0,0][1,0,3,3,0,0]
2216 [0,0,2,2,2,2][0,0,3,3,3,3][0,1,0,0,2,2][0,1,0,0,3,3][1,0,2,2,1,1][1,0,3,3,1,1]
2217 [0,0,2,2,2,2][0,0,3,3,3,3][0,1,1,1,2,2][0,1,1,1,3,3][0,1,2,2,1,1][0,1,3,3,1,1]
2218 [0,0,2,2,2,2][0,0,3,3,3,3][0,1,1,1,2,2][0,1,1,1,3,3][1,0,2,2,1,1][1,0,3,3,1,1]
2235 [0,0,2,2,2,2][1,1,1,1,1,1][1,1,1,1,1,1][1,1,2,2,3,3][2,2,0,0,2,2][2,2,1,1,3,3]
2236 [0,0,2,2,2,2][1,1,1,1,1,1][1,1,1,1,1,1][1,1,2,2,3,3][2,2,0,0,3,3][2,2,1,1,2,2]
2257 [0,0,2,2,3,3][0,0,2,2,3,3][0,1,0,0,2,2][0,1,0,0,2,2][0,1,2,2,0,0][0,1,2,2,0,0]
2258 [0,0,2,2,3,3][0,0,2,2,3,3][0,1,0,0,2,2][0,1,0,0,2,2][0,1,2,2,1,1][0,1,2,2,1,1]
2259 [0,0,2,2,3,3][0,0,2,2,3,3][0,1,0,0,2,2][0,1,0,0,2,2][0,1,3,3,0,0][0,1,3,3,0,0]
2260 [0,0,2,2,3,3][0,0,2,2,3,3][0,1,0,0,2,2][0,1,0,0,2,2][0,1,3,3,1,1][0,1,3,3,1,1]
2261 [0,0,2,2,3,3][0,0,2,2,3,3][0,1,0,0,2,2][0,1,0,0,2,2][1,0,2,2,0,0][1,0,2,2,0,0]
2262 [0,0,2,2,3,3][0,0,2,2,3,3][0,1,0,0,2,2][0,1,0,0,2,2][1,0,2,2,1,1][1,0,2,2,1,1]
2263 [0,0,2,2,3,3][0,0,2,2,3,3][0,1,0,0,2,2][0,1,0,0,2,2][1,0,3,3,0,0][1,0,3,3,0,0]
2264 [0,0,2,2,3,3][0,0,2,2,3,3][0,1,0,0,2,2][0,1,0,0,2,2][1,0,3,3,1,1][1,0,3,3,1,1]
2267 [0,0,2,2,3,3][0,0,2,2,3,3][0,1,0,0,3,3][0,1,0,0,3,3][0,1,2,2,0,0][0,1,2,2,0,0]
2268 [0,0,2,2,3,3][0,0,2,2,3,3][0,1,0,0,3,3][0,1,0,0,3,3][0,1,2,2,1,1][0,1,2,2,1,1]
2269 [0,0,2,2,3,3][0,0,2,2,3,3][0,1,0,0,3,3][0,1,0,0,3,3][0,1,3,3,0,0][0,1,3,3,0,0]
2270 [0,0,2,2,3,3][0,0,2,2,3,3][0,1,0,0,3,3][0,1,0,0,3,3][0,1,3,3,1,1][0,1,3,3,1,1]
2271 [0,0,2,2,3,3][0,0,2,2,3,3][0,1,0,0,3,3][0,1,0,0,3,3][1,0,2,2,0,0][1,0,2,2,0,0]
2272 [0,0,2,2,3,3][0,0,2,2,3,3][0,1,0,0,3,3][0,1,0,0,3,3][1,0,2,2,1,1][1,0,2,2,1,1]
2273 [0,0,2,2,3,3][0,0,2,2,3,3][0,1,0,0,3,3][0,1,0,0,3,3][1,0,3,3,0,0][1,0,3,3,0,0]
2274 [0,0,2,2,3,3][0,0,2,2,3,3][0,1,0,0,3,3][0,1,0,0,3,3][1,0,3,3,1,1][1,0,3,3,1,1]
2277 [0,0,2,2,3,3][0,0,2,2,3,3][0,1,1,1,2,2][0,1,1,1,2,2][0,1,2,2,0,0][0,1,2,2,0,0]
2278 [0,0,2,2,3,3][0,0,2,2,3,3][0,1,1,1,2,2][0,1,1,1,2,2][0,1,2,2,1,1][0,1,2,2,1,1]
2279 [0,0,2,2,3,3][0,0,2,2,3,3][0,1,1,1,2,2][0,1,1,1,2,2][0,1,3,3,0,0][0,1,3,3,0,0]
2280 [0,0,2,2,3,3][0,0,2,2,3,3][0,1,1,1,2,2][0,1,1,1,2,2][0,1,3,3,1,1][0,1,3,3,1,1]
2281 [0,0,2,2,3,3][0,0,2,2,3,3][0,1,1,1,2,2][0,1,1,1,2,2][1,0,2,2,0,0][1,0,2,2,0,0]
2282 [0,0,2,2,3,3][0,0,2,2,3,3][0,1,1,1,2,2][0,1,1,1,2,2][1,0,2,2,1,1][1,0,2,2,1,1]
2283 [0,0,2,2,3,3][0,0,2,2,3,3][0,1,1,1,2,2][0,1,1,1,2,2][1,0,3,3,0,0][1,0,3,3,0,0]
2284 [0,0,2,2,3,3][0,0,2,2,3,3][0,1,1,1,2,2][0,1,1,1,2,2][1,0,3,3,1,1][1,0,3,3,1,1]
2287 [0,0,2,2,3,3][0,0,2,2,3,3][0,1,1,1,3,3][0,1,1,1,3,3][0,1,2,2,0,0][0,1,2,2,0,0]
2288 [0,0,2,2,3,3][0,0,2,2,3,3][0,1,1,1,3,3][0,1,1,1,3,3][0,1,2,2,1,1][0,1,2,2,1,1]
2289 [0,0,2,2,3,3][0,0,2,2,3,3][0,1,1,1,3,3][0,1,1,1,3,3][0,1,3,3,0,0][0,1,3,3,0,0]
2290 [0,0,2,2,3,3][0,0,2,2,3,3][0,1,1,1,3,3][0,1,1,1,3,3][0,1,3,3,1,1][0,1,3,3,1,1]
2291 [0,0,2,2,3,3][0,0,2,2,3,3][0,1,1,1,3,3][0,1,1,1,3,3][1,0,2,2,0,0][1,0,2,2,0,0]
2292 [0,0,2,2,3,3][0,0,2,2,3,3][0,1,1,1,3,3][0,1,1,1,3,3][1,0,2,2,1,1][1,0,2,2,1,1]
2293 [0,0,2,2,3,3][0,0,2,2,3,3][0,1,1,1,3,3][0,1,1,1,3,3][1,0,3,3,0,0][1,0,3,3,0,0]
2294 [0,0,2,2,3,3][0,0,2,2,3,3][0,1,1,1,3,3][0,1,1,1,3,3][1,0,3,3,1,1][1,0,3,3,1,1]
2326 [0,0,2,2,3,3][0,0,2,2,3,3][1,1,0,2,1,2][1,1,0,2,1,2][1,1,2,0,2,1][1,1,2,0,2,1]
2327 [0,0,2,2,3,3][0,0,2,2,3,3][1,1,0,2,1,2][1,1,0,2,1,2][1,1,2,1,2,0][1,1,2,1,2,0]
2328 [0,0,2,2,3,3][0,0,2,2,3,3][1,1,0,2,1,2][1,1,0,2,1,2][1,1,3,1,3,0][1,1,3,1,3,0]
2329 [0,0,2,2,3,3][0,0,2,2,3,3][1,1,0,3,1,3][1,1,0,3,1,3][1,1,2,0,2,1][1,1,2,0,2,1]
2330 [0,0,2,2,3,3][0,0,2,2,3,3][1,1,0,3,1,3][1,1,0,3,1,3][1,1,2,1,2,0][1,1,2,1,2,0]
2331 [0,0,2,2,3,3][0,0,2,2,3,3][1,1,0,3,1,3][1,1,0,3,1,3][1,1,3,0,3,1][1,1,3,0,3,1]
2332 [0,0,2,2,3,3][0,0,2,2,3,3][1,1,0,3,1,3][1,1,0,3,1,3][1,1,3,1,3,0][1,1,3,1,3,0]
2343 [0,0,2,2,3,3][0,0,2,2,3,3][1,1,1,2,0,2][1,1,1,2,0,2][1,1,2,1,2,0][1,1,2,1,2,0]
2344 [0,0,2,2,3,3][0,0,2,2,3,3][1,1,1,3,0,3][1,1,1,3,0,3][1,1,2,1,2,0][1,1,2,1,2,0]
2345 [0,0,2,2,3,3][0,0,2,2,3,3][1,1,1,3,0,3][1,1,1,3,0,3][1,1,3,1,3,0][1,1,3,1,3,0]
2438 [0,0,2,2,3,3][0,0,3,3,2,2][0,1,0,0,2,2][0,1,0,0,3,3][0,1,2,2,0,0][0,1,3,3,0,0]
2439 [0,0,2,2,3,3][0,0,3,3,2,2][0,1,0,0,2,2][0,1,0,0,3,3][0,1,2,2,1,1][0,1,3,3,1,1]
2440 [0,0,2,2,3,3][0,0,3,3,2,2][0,1,0,0,2,2][0,1,0,0,3,3][1,0,2,2,0,0][1,0,3,3,0,0]
2441 [0,0,2,2,3,3][0,0,3,3,2,2][0,1,0,0,2,2][0,1,0,0,3,3][1,0,2,2,1,1][1,0,3,3,1,1]
2442 [0,0,2,2,3,3][0,0,3,3,2,2][0,1,1,1,2,2][0,1,1,1,3,3][0,1,2,2,1,1][0,1,3,3,1,1]
2443 [0,0,2,2,3,3][0,0,3,3,2,2][0,1,1,1,2,2][0,1,1,1,3,3][1,0,2,2,1,1][1,0,3,3,1,1]
2454 [0,0,2,2,3,3][0,0,3,3,2,2][1,1,0,2,1,2][1,1,0,3,1,3][1,1,2,0,2,1][1,1,3,0,3,1]
2455 [0,0,2,2,3,3][0,0,3,3,2,2][1,1,0,2,1,2][1,1,0,3,1,3][1,1,2,1,2,0][1,1,3,1,3,0]
2496 [0,0,2,2,3,3][1,1,1,1,1,1][1,1,1,1,1,1][1,1,2,2,2,2][2,2,0,0,3,3][2,2,1,1,2,2]
2497 [0,0,2,2,3,3][1,1,1,1,1,1][1,1,1,1,1,1][1,1,2,3,2,3][2,3,0,2,3,0][2,3,1,3,2,1]
2498 [0,0,2,2,3,3][1,1,1,1,1,1][1,1,1,1,1,1][1,1,2,3,2,3][2,3,0,3,2,0][2,3,1,2,3,1]
2499 [0,0,2,2,3,3][1,1,1,1,1,1][1,1,1,1,1,1][1,1,3,3,3,3][2,2,2,2,0,0][2,2,3,3,1,1]
2500 [0,0,2,2,3,3][1,1,1,1,1,1][1,1,1,1,1,1][1,1,3,3,3,3][2,2,2,2,1,1][2,2,3,3,0,0]
2501 [0,0,2,2,3,3][1,1,1,1,1,1][1,1,1,1,1,1][1,1,3,3,3,3][3,3,2,2,0,0][3,3,3,3,1,1]
2502 [0,0,2,2,3,3][1,1,1,1,1,1][1,1,1,1,1,1][1,1,3,3,3,3][3,3,2,2,1,1][3,3,3,3,0,0]
2506 [0,0,3,3,3,3][0,0,3,3,3,3][0,1,0,0,2,2][0,1,0,0,2,2][0,1,2,2,0,0][0,1,2,2,0,0]
2507 [0,0,3,3,3,3][0,0,3,3,3,3][0,1,0,0,2,2][0,1,0,0,2,2][0,1,2,2,1,1][0,1,2,2,1,1]
2508 [0,0,3,3,3,3][0,0,3,3,3,3][0,1,0,0,2,2][0,1,0,0,2,2][0,1,3,3,1,1][0,1,3,3,1,1]
2509 [0,0,3,3,3,3][0,0,3,3,3,3][0,1,0,0,2,2][0,1,0,0,2,2][1,0,2,2,0,0][1,0,2,2,0,0]
2510 [0,0,3,3,3,3][0,0,3,3,3,3][0,1,0,0,2,2][0,1,0,0,2,2][1,0,2,2,1,1][1,0,2,2,1,1]
2511 [0,0,3,3,3,3][0,0,3,3,3,3][0,1,0,0,2,2][0,1,0,0,2,2][1,0,3,3,1,1][1,0,3,3,1,1]
2514 [0,0,3,3,3,3][0,0,3,3,3,3][0,1,0,0,3,3][0,1,0,0,3,3][0,1,2,2,0,0][0,1,2,2,0,0]
2515 [0,0,3,3,3,3][0,0,3,3,3,3][0,1,0,0,3,3][0,1,0,0,3,3][0,1,2,2,1,1][0,1,2,2,1,1]
2516 [0,0,3,3,3,3][0,0,3,3,3,3][0,1,0,0,3,3][0,1,0,0,3,3][0,1,3,3,0,0][0,1,3,3,0,0]
2517 [0,0,3,3,3,3][0,0,3,3,3,3][0,1,0,0,3,3][0,1,0,0,3,3][0,1,3,3,1,1][0,1,3,3,1,1]
2518 [0,0,3,3,3,3][0,0,3,3,3,3][0,1,0,0,3,3][0,1,0,0,3,3][1,0,2,2,0,0][1,0,2,2,0,0]
2519 [0,0,3,3,3,3][0,0,3,3,3,3][0,1,0,0,3,3][0,1,0,0,3,3][1,0,2,2,1,1][1,0,2,2,1,1]
2520 [0,0,3,3,3,3][0,0,3,3,3,3][0,1,0,0,3,3][0,1,0,0,3,3][1,0,3,3,0,0][1,0,3,3,0,0]
2521 [0,0,3,3,3,3][0,0,3,3,3,3][0,1,0,0,3,3][0,1,0,0,3,3][1,0,3,3,1,1][1,0,3,3,1,1]
2524 [0,0,3,3,3,3][0,0,3,3,3,3][0,1,1,1,2,2][0,1,1,1,2,2][0,1,2,2,1,1][0,1,2,2,1,1]
2525 [0,0,3,3,3,3][0,0,3,3,3,3][0,1,1,1,2,2][0,1,1,1,2,2][1,0,2,2,1,1][1,0,2,2,1,1]
2528 [0,0,3,3,3,3][0,0,3,3,3,3][0,1,1,1,3,3][0,1,1,1,3,3][0,1,2,2,1,1][0,1,2,2,1,1]
2529 [0,0,3,3,3,3][0,0,3,3,3,3][0,1,1,1,3,3][0,1,1,1,3,3][0,1,3,3,1,1][0,1,3,3,1,1]
2530 [0,0,3,3,3,3][0,0,3,3,3,3][0,1,1,1,3,3][0,1,1,1,3,3][1,0,2,2,1,1][1,0,2,2,1,1]
2531 [0,0,3,3,3,3][0,0,3,3,3,3][0,1,1,1,3,3][0,1,1,1,3,3][1,0,3,3,1,1][1,0,3,3,1,1]
2573 [0,0,3,3,3,3][1,1,1,1,1,1][1,1,1,1,1,1][1,1,2,2,3,3][2,2,2,2,0,0][2,2,3,3,1,1]
2574 [0,0,3,3,3,3][1,1,1,1,1,1][1,1,1,1,1,1][1,1,2,2,3,3][2,2,2,2,1,1][2,2,3,3,0,0]
2575 [0,0,3,3,3,3][1,1,1,1,1,1][1,1,1,1,1,1][1,1,2,2,3,3][3,3,2,2,1,1][3,3,3,3,0,0]
2586 [0,1,1,1,2,2][0,1,1,1,2,2][0,1,2,2,1,1][0,1,2,2,1,1][1,1,2,2,2,2][1,1,2,2,2,2]
2587 [0,1,1,1,2,2][0,1,1,1,2,2][0,1,2,2,1,1][0,1,2,2,1,1][1,1,2,2,3,3][1,1,2,2,3,3]
2588 [0,1,1,1,2,2][0,1,1,1,2,2][0,1,2,2,1,1][0,1,2,2,1,1][1,1,3,3,3,3][1,1,3,3,3,3]
2603 [0,1,1,1,2,2][0,1,1,1,2,2][1,0,2,2,1,1][1,0,2,2,1,1][1,1,2,2,2,2][1,1,2,2,2,2]
2604 [0,1,1,1,2,2][0,1,1,1,2,2][1,0,2,2,1,1][1,0,2,2,1,1][1,1,2,2,3,3][1,1,2,2,3,3]
2605 [0,1,1,1,2,2][0,1,1,1,2,2][1,0,2,2,1,1][1,0,2,2,1,1][1,1,3,3,3,3][1,1,3,3,3,3]
2607 [0,1,1,1,2,2][0,1,1,1,2,2][2,1,1,2,0,1][2,1,1,2,0,1][2,1,1,3,2,3][2,1,1,3,2,3]
2608 [0,1,1,1,2,2][0,1,1,1,2,2][2,1,1,2,0,1][2,1,1,2,0,1][2,1,1,3,3,2][2,1,1,3,3,2]
2609 [0,1,1,1,2,2][0,1,1,1,2,2][2,1,1,2,0,1][2,1,1,2,0,1][3,1,1,2,3,2][3,1,1,2,3,2]
2610 [0,1,1,1,2,2][0,1,1,1,3,3][0,1,2,2,1,1][0,1,3,3,1,1][1,1,2,2,2,2][1,1,3,3,3,3]
2611 [0,1,1,1,2,2][0,1,1,1,3,3][0,1,2,2,1,1][0,1,3,3,1,1][1,1,2,2,3,3][1,1,3,3,2,2]
2614 [0,1,1,1,2,2][0,1,1,1,3,3][1,0,2,2,1,1][1,0,3,3,1,1][1,1,2,2,2,2][1,1,3,3,3,3]
2615 [0,1,1,1,2,2][0,1,1,1,3,3][1,0,2,2,1,1][1,0,3,3,1,1][1,1,2,2,3,3][1,1,3,3,2,2]
2616 [0,1,1,1,2,2][0,1,1,1,3,3][2,1,1,2,0,1][2,1,1,3,2,3][3,1,1,2,3,2][3,1,1,3,0,1]
2617 [0,1,1,1,2,2][0,1,1,1,3,3][2,1,1,2,0,1][2,1,1,3,3,2][3,1,1,2,2,3][3,1,1,3,0,1]
2626 [0,1,1,1,3,3][0,1,1,1,3,3][0,1,2,2,1,1][0,1,2,2,1,1][1,1,2,2,2,2][1,1,2,2,2,2]
2627 [0,1,1,1,3,3][0,1,1,1,3,3][0,1,2,2,1,1][0,1,2,2,1,1][1,1,2,2,3,3][1,1,2,2,3,3]
2628 [0,1,1,1,3,3][0,1,1,1,3,3][0,1,2,2,1,1][0,1,2,2,1,1][1,1,3,3,2,2][1,1,3,3,2,2]
2629 [0,1,1,1,3,3][0,1,1,1,3,3][0,1,2,2,1,1][0,1,2,2,1,1][1,1,3,3,3,3][1,1,3,3,3,3]
2632 [0,1,1,1,3,3][0,1,1,1,3,3][0,1,3,3,1,1][0,1,3,3,1,1][1,1,2,2,2,2][1,1,2,2,2,2]
2633 [0,1,1,1,3,3][0,1,1,1,3,3][0,1,3,3,1,1][0,1,3,3,1,1][1,1,2,2,3,3][1,1,2,2,3,3]
2634 [0,1,1,1,3,3][0,1,1,1,3,3][0,1,3,3,1,1][0,1,3,3,1,1][1,1,3,3,3,3][1,1,3,3,3,3]
2647 [0,1,1,1,3,3][0,1,1,1,3,3][1,0,2,2,1,1][1,0,2,2,1,1][1,1,2,2,2,2][1,1,2,2,2,2]
2648 [0,1,1,1,3,3][0,1,1,1,3,3][1,0,2,2,1,1][1,0,2,2,1,1][1,1,2,2,3,3][1,1,2,2,3,3]
2649 [0,1,1,1,3,3][0,1,1,1,3,3][1,0,2,2,1,1][1,0,2,2,1,1][1,1,3,3,2,2][1,1,3,3,2,2]
2650 [0,1,1,1,3,3][0,1,1,1,3,3][1,0,2,2,1,1][1,0,2,2,1,1][1,1,3,3,3,3][1,1,3,3,3,3]
2653 [0,1,1,1,3,3][0,1,1,1,3,3][1,0,3,3,1,1][1,0,3,3,1,1][1,1,2,2,2,2][1,1,2,2,2,2]
2654 [0,1,1,1,3,3][0,1,1,1,3,3][1,0,3,3,1,1][1,0,3,3,1,1][1,1,2,2,3,3][1,1,2,2,3,3]
2655 [0,1,1,1,3,3][0,1,1,1,3,3][1,0,3,3,1,1][1,0,3,3,1,1][1,1,3,3,3,3][1,1,3,3,3,3]
2657 [0,1,1,1,3,3][0,1,1,1,3,3][2,1,1,2,0,1][2,1,1,2,0,1][2,1,1,3,2,3][2,1,1,3,2,3]
2658 [0,1,1,1,3,3][0,1,1,1,3,3][2,1,1,2,0,1][2,1,1,2,0,1][2,1,1,3,3,2][2,1,1,3,3,2]
2659 [0,1,1,1,3,3][0,1,1,1,3,3][2,1,1,2,0,1][2,1,1,2,0,1][3,1,1,2,2,3][3,1,1,2,2,3]
2660 [0,1,1,1,3,3][0,1,1,1,3,3][2,1,1,2,0,1][2,1,1,2,0,1][3,1,1,2,3,2][3,1,1,2,3,2]
2661 [0,1,1,1,3,3][0,1,1,1,3,3][2,1,1,3,2,3][2,1,1,3,2,3][3,1,1,3,0,1][3,1,1,3,0,1]
2662 [0,1,1,1,3,3][0,1,1,1,3,3][2,1,1,3,2,3][2,1,1,3,2,3][3,1,1,3,1,0][3,1,1,3,1,0]
2663 [0,1,1,1,3,3][0,1,1,1,3,3][3,1,1,2,2,3][3,1,1,2,2,3][3,1,1,3,1,0][3,1,1,3,1,0]
