779 [0,0,2,2,2,2][0,0,2,2,2,2][2,2,0,0,2,2][2,2,0,0,2,2][2,2,2,2,0,0][2,2,2,2,0,0]
780 [0,0,2,2,2,2][0,0,2,2,2,2][2,2,0,0,2,2][2,2,0,0,2,2][2,2,2,2,1,1][2,2,2,2,1,1]
781 [0,0,2,2,2,2][0,0,2,2,2,2][2,2,0,0,2,2][2,2,0,0,2,2][2,2,3,3,1,1][2,2,3,3,1,1]
782 [0,0,2,2,2,2][0,0,2,2,2,2][2,2,0,0,2,2][2,2,0,0,2,2][3,3,3,3,1,1][3,3,3,3,1,1]
783 [0,0,2,2,2,2][0,0,2,2,2,2][2,2,0,0,3,3][2,2,0,0,3,3][2,2,2,2,0,0][2,2,2,2,0,0]
784 [0,0,2,2,2,2][0,0,2,2,2,2][2,2,0,0,3,3][2,2,0,0,3,3][2,2,3,3,0,0][2,2,3,3,0,0]
785 [0,0,2,2,2,2][0,0,2,2,2,2][2,2,0,0,3,3][2,2,0,0,3,3][2,2,3,3,1,1][2,2,3,3,1,1]
786 [0,0,2,2,2,2][0,0,2,2,2,2][2,2,0,0,3,3][2,2,0,0,3,3][3,3,3,3,0,0][3,3,3,3,0,0]
787 [0,0,2,2,2,2][0,0,2,2,2,2][2,2,0,0,3,3][2,2,0,0,3,3][3,3,3,3,1,1][3,3,3,3,1,1]
788 [0,0,2,2,2,2][0,0,2,2,2,2][2,2,1,1,2,2][2,2,1,1,2,2][2,2,2,2,1,1][2,2,2,2,1,1]
789 [0,0,2,2,2,2][0,0,2,2,2,2][2,2,1,1,2,2][2,2,1,1,2,2][3,3,2,2,1,1][3,3,2,2,1,1]
790 [0,0,2,2,2,2][0,0,2,2,2,2][2,2,1,1,2,2][2,2,1,1,2,2][3,3,3,3,1,1][3,3,3,3,1,1]
791 [0,0,2,2,2,2][0,0,2,2,2,2][2,2,1,1,3,3][2,2,1,1,3,3][2,2,2,2,1,1][2,2,2,2,1,1]
792 [0,0,2,2,2,2][0,0,2,2,2,2][2,2,1,1,3,3][2,2,1,1,3,3][2,2,3,3,1,1][2,2,3,3,1,1]
793 [0,0,2,2,2,2][0,0,2,2,2,2][2,2,1,1,3,3][2,2,1,1,3,3][3,3,2,2,0,0][3,3,2,2,0,0]
794 [0,0,2,2,2,2][0,0,2,2,2,2][2,2,1,1,3,3][2,2,1,1,3,3][3,3,2,2,1,1][3,3,2,2,1,1]
795 [0,0,2,2,2,2][0,0,2,2,2,2][2,2,1,1,3,3][2,2,1,1,3,3][3,3,3,3,0,0][3,3,3,3,0,0]
796 [0,0,2,2,2,2][0,0,2,2,2,2][2,2,1,1,3,3][2,2,1,1,3,3][3,3,3,3,1,1][3,3,3,3,1,1]
797 [0,0,2,2,2,2][0,0,2,2,2,2][3,3,1,1,2,2][3,3,1,1,2,2][3,3,2,2,1,1][3,3,2,2,1,1]
798 [0,0,2,2,2,2][0,0,2,2,2,2][3,3,1,1,3,3][3,3,1,1,3,3][3,3,2,2,1,1][3,3,2,2,1,1]
820 [0,0,2,2,2,2][0,0,3,3,3,3][2,2,0,0,2,2][2,2,2,2,0,0][3,3,0,0,3,3][3,3,3,3,0,0]
821 [0,0,2,2,2,2][0,0,3,3,3,3][2,2,0,0,2,2][2,2,2,2,1,1][3,3,0,0,3,3][3,3,3,3,1,1]
822 [0,0,2,2,2,2][0,0,3,3,3,3][2,2,0,0,2,2][2,2,3,3,1,1][3,3,0,0,3,3][3,3,2,2,1,1]
823 [0,0,2,2,2,2][0,0,3,3,3,3][2,2,0,0,3,3][2,2,2,2,0,0][3,3,0,0,2,2][3,3,3,3,0,0]
824 [0,0,2,2,2,2][0,0,3,3,3,3][2,2,0,0,3,3][2,2,2,2,1,1][3,3,0,0,2,2][3,3,3,3,1,1]
825 [0,0,2,2,2,2][0,0,3,3,3,3][2,2,0,0,3,3][2,2,3,3,1,1][3,3,0,0,2,2][3,3,2,2,1,1]
826 [0,0,2,2,2,2][0,0,3,3,3,3][2,2,1,1,2,2][2,2,2,2,1,1][3,3,1,1,3,3][3,3,3,3,1,1]
827 [0,0,2,2,2,2][0,0,3,3,3,3][2,2,1,1,3,3][2,2,2,2,1,1][3,3,1,1,2,2][3,3,3,3,1,1]
828 [0,0,2,2,2,2][0,0,3,3,3,3][2,2,1,1,3,3][2,2,3,3,1,1][3,3,1,1,2,2][3,3,2,2,1,1]
846 [0,0,2,2,3,3][0,0,2,2,3,3][2,2,0,0,2,2][2,2,0,0,2,2][2,2,3,3,0,0][2,2,3,3,0,0]
847 [0,0,2,2,3,3][0,0,2,2,3,3][2,2,0,0,2,2][2,2,0,0,2,2][2,2,3,3,1,1][2,2,3,3,1,1]
848 [0,0,2,2,3,3][0,0,2,2,3,3][2,2,0,0,3,3][2,2,0,0,3,3][2,2,2,2,0,0][2,2,2,2,0,0]
849 [0,0,2,2,3,3][0,0,2,2,3,3][2,2,0,0,3,3][2,2,0,0,3,3][3,3,3,3,1,1][3,3,3,3,1,1]
850 [0,0,2,2,3,3][0,0,2,2,3,3][2,2,1,1,2,2][2,2,1,1,2,2][2,2,2,2,0,0][2,2,2,2,0,0]
851 [0,0,2,2,3,3][0,0,2,2,3,3][2,2,1,1,2,2][2,2,1,1,2,2][3,3,2,2,1,1][3,3,2,2,1,1]
852 [0,0,2,2,3,3][0,0,2,2,3,3][2,2,1,1,2,2][2,2,1,1,2,2][3,3,3,3,1,1][3,3,3,3,1,1]
853 [0,0,2,2,3,3][0,0,2,2,3,3][2,2,1,1,3,3][2,2,1,1,3,3][2,2,2,2,0,0][2,2,2,2,0,0]
854 [0,0,2,2,3,3][0,0,2,2,3,3][2,2,2,2,0,0][2,2,2,2,0,0][3,3,1,1,3,3][3,3,1,1,3,3]
855 [0,0,2,2,3,3][0,0,2,2,3,3][2,2,2,2,1,1][2,2,2,2,1,1][3,3,1,1,2,2][3,3,1,1,2,2]
856 [0,0,2,2,3,3][0,0,2,2,3,3][2,2,2,2,1,1][2,2,2,2,1,1][3,3,1,1,3,3][3,3,1,1,3,3]
857 [0,0,2,2,3,3][0,0,2,2,3,3][2,2,3,3,0,0][2,2,3,3,0,0][3,3,0,0,2,2][3,3,0,0,2,2]
858 [0,0,2,2,3,3][0,0,2,2,3,3][2,2,3,3,1,1][2,2,3,3,1,1][3,3,0,0,2,2][3,3,0,0,2,2]
859 [0,0,2,2,3,3][0,0,2,2,3,3][2,2,3,3,1,1][2,2,3,3,1,1][3,3,1,1,2,2][3,3,1,1,2,2]
860 [0,0,2,2,3,3][0,0,2,2,3,3][2,3,0,2,0,3][2,3,0,2,0,3][3,2,3,1,2,1][3,2,3,1,2,1]
861 [0,0,2,2,3,3][0,0,2,2,3,3][2,3,0,3,0,2][2,3,0,3,0,2][2,3,3,0,2,0][2,3,3,0,2,0]
862 [0,0,2,2,3,3][0,0,2,2,3,3][2,3,0,3,0,2][2,3,0,3,0,2][3,2,3,0,2,0][3,2,3,0,2,0]
863 [0,0,2,2,3,3][0,0,2,2,3,3][2,3,0,3,0,2][2,3,0,3,0,2][3,2,3,1,2,1][3,2,3,1,2,1]
864 [0,0,2,2,3,3][0,0,2,2,3,3][2,3,1,2,1,3][2,3,1,2,1,3][3,2,2,1,3,1][3,2,2,1,3,1]
865 [0,0,2,2,3,3][0,0,2,2,3,3][2,3,1,3,1,2][2,3,1,3,1,2][3,2,2,1,3,1][3,2,2,1,3,1]
866 [0,0,2,2,3,3][0,0,2,2,3,3][2,3,1,3,1,2][2,3,1,3,1,2][3,2,3,1,2,1][3,2,3,1,2,1]
880 [0,0,2,2,3,3][0,0,3,3,2,2][2,3,0,2,0,3][2,3,2,0,3,0][3,2,0,3,0,2][3,2,3,0,2,0]
881 [0,0,2,2,3,3][0,0,3,3,2,2][2,3,0,2,0,3][2,3,2,1,3,1][3,2,0,3,0,2][3,2,3,1,2,1]
882 [0,0,2,2,3,3][0,0,3,3,2,2][2,3,0,3,0,2][2,3,2,0,3,0][3,2,0,2,0,3][3,2,3,0,2,0]
883 [0,0,2,2,3,3][0,0,3,3,2,2][2,3,0,3,0,2][2,3,2,1,3,1][3,2,0,2,0,3][3,2,3,1,2,1]
884 [0,0,2,2,3,3][0,0,3,3,2,2][2,3,1,2,1,3][2,3,2,1,3,1][3,2,1,3,1,2][3,2,3,1,2,1]
885 [0,0,2,2,3,3][0,0,3,3,2,2][2,3,1,3,1,2][2,3,2,1,3,1][3,2,1,2,1,3][3,2,3,1,2,1]
891 [0,0,3,3,3,3][0,0,3,3,3,3][2,2,0,0,2,2][2,2,0,0,2,2][2,2,3,3,1,1][2,2,3,3,1,1]
892 [0,0,3,3,3,3][0,0,3,3,3,3][2,2,0,0,3,3][2,2,0,0,3,3][2,2,2,2,0,0][2,2,2,2,0,0]
915 [1,1,2,2,2,2][1,1,2,2,2,2][2,2,1,1,2,2][2,2,1,1,2,2][2,2,2,2,1,1][2,2,2,2,1,1]
916 [1,1,2,2,2,2][1,1,2,2,2,2][2,2,1,1,3,3][2,2,1,1,3,3][2,2,2,2,1,1][2,2,2,2,1,1]
917 [1,1,2,2,2,2][1,1,2,2,2,2][2,2,1,1,3,3][2,2,1,1,3,3][2,2,3,3,1,1][2,2,3,3,1,1]
918 [1,1,2,2,2,2][1,1,2,2,2,2][2,2,1,1,3,3][2,2,1,1,3,3][3,3,3,3,1,1][3,3,3,3,1,1]
919 [1,1,2,2,2,2][1,1,3,3,3,3][2,2,1,1,2,2][2,2,2,2,1,1][3,3,1,1,3,3][3,3,3,3,1,1]
920 [1,1,2,2,2,2][1,1,3,3,3,3][2,2,1,1,3,3][2,2,2,2,1,1][3,3,1,1,2,2][3,3,3,3,1,1]
921 [1,1,2,2,3,3][1,1,2,2,3,3][2,2,1,1,2,2][2,2,1,1,2,2][2,2,3,3,1,1][2,2,3,3,1,1]
922 [1,1,2,2,3,3][1,1,2,2,3,3][2,2,1,1,3,3][2,2,1,1,3,3][2,2,2,2,1,1][2,2,2,2,1,1]
923 [1,1,2,2,3,3][1,1,2,2,3,3][2,2,3,3,1,1][2,2,3,3,1,1][3,3,1,1,2,2][3,3,1,1,2,2]
924 [1,1,2,2,3,3][1,1,2,2,3,3][2,3,1,3,1,2][2,3,1,3,1,2][2,3,3,1,2,1][2,3,3,1,2,1]
925 [1,1,2,2,3,3][1,1,2,2,3,3][2,3,1,3,1,2][2,3,1,3,1,2][3,2,3,1,2,1][3,2,3,1,2,1]
926 [1,1,2,2,3,3][1,1,3,3,2,2][2,3,1,2,1,3][2,3,2,1,3,1][3,2,1,3,1,2][3,2,3,1,2,1]
927 [1,1,2,2,3,3][1,1,3,3,2,2][2,3,1,3,1,2][2,3,2,1,3,1][3,2,1,2,1,3][3,2,3,1,2,1]
928 [1,1,3,3,3,3][1,1,3,3,3,3][2,2,1,1,3,3][2,2,1,1,3,3][2,2,2,2,1,1][2,2,2,2,1,1]
