5 [0,0,0,0,0,0][0,0,0,0,0,0][0,0,0,0,0,0][0,0,1,1,1,1][0,0,2,2,2,2][0,0,2,2,2,2]
6 [0,0,0,0,0,0][0,0,0,0,0,0][0,0,0,0,0,0][0,0,1,1,1,1][0,0,2,2,3,3][0,0,2,2,3,3]
7 [0,0,0,0,0,0][0,0,0,0,0,0][0,0,0,0,0,0][0,0,1,1,1,1][0,0,3,3,3,3][0,0,3,3,3,3]
8 [0,0,0,0,0,0][0,0,0,0,0,0][0,0,0,0,0,0][0,0,1,1,1,1][1,1,2,2,2,2][1,1,2,2,2,2]
9 [0,0,0,0,0,0][0,0,0,0,0,0][0,0,0,0,0,0][0,0,1,1,1,1][1,1,2,2,3,3][1,1,2,2,3,3]
10 [0,0,0,0,0,0][0,0,0,0,0,0][0,0,0,0,0,0][0,0,1,1,1,1][1,1,3,3,3,3][1,1,3,3,3,3]
11 [0,0,0,0,0,0][0,0,0,0,0,0][0,0,0,0,1,1][0,0,1,1,0,0][0,0,2,2,2,2][0,0,2,2,2,2]
12 [0,0,0,0,0,0][0,0,0,0,0,0][0,0,0,0,1,1][0,0,1,1,0,0][0,0,2,2,3,3][0,0,2,2,3,3]
13 [0,0,0,0,0,0][0,0,0,0,0,0][0,0,0,0,1,1][0,0,1,1,0,0][0,0,2,3,2,3][0,0,2,3,2,3]
14 [0,0,0,0,0,0][0,0,0,0,0,0][0,0,0,0,1,1][0,0,1,1,0,0][0,0,3,3,3,3][0,0,3,3,3,3]
15 [0,0,0,0,0,0][0,0,0,0,0,0][0,0,0,0,1,1][0,0,1,1,0,0][1,1,2,2,2,2][1,1,2,2,2,2]
16 [0,0,0,0,0,0][0,0,0,0,0,0][0,0,0,0,1,1][0,0,1,1,0,0][1,1,2,2,3,3][1,1,2,2,3,3]
17 [0,0,0,0,0,0][0,0,0,0,0,0][0,0,0,0,1,1][0,0,1,1,0,0][1,1,2,3,2,3][1,1,2,3,2,3]
18 [0,0,0,0,0,0][0,0,0,0,0,0][0,0,0,0,1,1][0,0,1,1,0,0][1,1,3,3,3,3][1,1,3,3,3,3]
23 [0,0,0,0,0,0][0,0,0,0,0,0][0,0,0,0,1,1][1,1,1,1,1,1][2,2,2,2,1,1][2,2,2,2,1,1]
24 [0,0,0,0,0,0][0,0,0,0,0,0][0,0,0,0,1,1][1,1,1,1,1,1][2,2,3,3,1,1][2,2,3,3,1,1]
25 [0,0,0,0,0,0][0,0,0,0,0,0][0,0,0,0,1,1][1,1,1,1,1,1][3,3,3,3,1,1][3,3,3,3,1,1]
26 [0,0,0,0,0,0][0,0,0,0,0,0][0,0,0,1,2,2][0,0,0,1,2,2][0,0,0,1,2,2][0,0,0,1,2,2]
27 [0,0,0,0,0,0][0,0,0,0,0,0][0,0,0,1,2,2][0,0,0,1,2,2][0,0,0,1,3,3][0,0,0,1,3,3]
28 [0,0,0,0,0,0][0,0,0,0,0,0][0,0,0,1,2,2][0,0,0,1,2,2][0,0,1,0,2,2][0,0,1,0,2,2]
29 [0,0,0,0,0,0][0,0,0,0,0,0][0,0,0,1,2,2][0,0,0,1,2,2][0,0,1,0,3,3][0,0,1,0,3,3]
32 [0,0,0,0,0,0][0,0,0,0,0,0][0,0,0,1,2,2][0,0,0,1,2,2][0,1,1,1,2,2][0,1,1,1,2,2]
33 [0,0,0,0,0,0][0,0,0,0,0,0][0,0,0,1,2,2][0,0,0,1,2,2][0,1,1,1,3,3][0,1,1,1,3,3]
34 [0,0,0,0,0,0][0,0,0,0,0,0][0,0,0,1,2,2][0,0,0,1,2,2][1,1,1,0,2,2][1,1,1,0,2,2]
35 [0,0,0,0,0,0][0,0,0,0,0,0][0,0,0,1,2,2][0,0,0,1,2,2][1,1,1,0,3,3][1,1,1,0,3,3]
37 [0,0,0,0,0,0][0,0,0,0,0,0][0,0,0,1,2,2][0,0,0,1,3,3][0,0,1,0,2,2][0,0,1,0,3,3]
38 [0,0,0,0,0,0][0,0,0,0,0,0][0,0,0,1,2,2][0,0,0,1,3,3][0,1,1,1,2,2][0,1,1,1,3,3]
39 [0,0,0,0,0,0][0,0,0,0,0,0][0,0,0,1,2,2][0,0,0,1,3,3][1,1,1,0,2,2][1,1,1,0,3,3]
41 [0,0,0,0,0,0][0,0,0,0,0,0][0,0,0,1,2,2][0,0,1,0,2,2][0,1,0,0,2,2][0,1,1,1,2,2]
42 [0,0,0,0,0,0][0,0,0,0,0,0][0,0,0,1,2,2][0,0,1,0,2,2][0,1,0,0,3,3][0,1,1,1,3,3]
43 [0,0,0,0,0,0][0,0,0,0,0,0][0,0,0,1,2,2][0,0,1,0,2,2][1,1,0,1,2,2][1,1,1,0,2,2]
44 [0,0,0,0,0,0][0,0,0,0,0,0][0,0,0,1,2,2][0,0,1,0,2,2][1,1,0,1,3,3][1,1,1,0,3,3]
48 [0,0,0,0,0,0][0,0,0,0,0,0][0,0,0,1,2,2][0,0,1,0,3,3][0,1,0,0,3,3][0,1,1,1,2,2]
49 [0,0,0,0,0,0][0,0,0,0,0,0][0,0,0,1,2,2][0,0,1,0,3,3][1,1,0,1,2,2][1,1,1,0,3,3]
50 [0,0,0,0,0,0][0,0,0,0,0,0][0,0,0,1,2,2][0,0,1,0,3,3][1,1,0,1,3,3][1,1,1,0,2,2]
53 [0,0,0,0,0,0][0,0,0,0,0,0][0,0,0,1,2,2][0,1,1,1,2,2][1,0,1,1,2,2][1,1,0,1,2,2]
54 [0,0,0,0,0,0][0,0,0,0,0,0][0,0,0,1,2,2][0,1,1,1,2,2][1,0,1,1,3,3][1,1,0,1,3,3]
58 [0,0,0,0,0,0][0,0,0,0,0,0][0,0,0,1,3,3][0,0,0,1,3,3][0,0,0,1,3,3][0,0,0,1,3,3]
59 [0,0,0,0,0,0][0,0,0,0,0,0][0,0,0,1,3,3][0,0,0,1,3,3][0,0,1,0,3,3][0,0,1,0,3,3]
62 [0,0,0,0,0,0][0,0,0,0,0,0][0,0,0,1,3,3][0,0,0,1,3,3][0,1,1,1,2,2][0,1,1,1,2,2]
63 [0,0,0,0,0,0][0,0,0,0,0,0][0,0,0,1,3,3][0,0,0,1,3,3][0,1,1,1,3,3][0,1,1,1,3,3]
64 [0,0,0,0,0,0][0,0,0,0,0,0][0,0,0,1,3,3][0,0,0,1,3,3][1,1,1,0,2,2][1,1,1,0,2,2]
65 [0,0,0,0,0,0][0,0,0,0,0,0][0,0,0,1,3,3][0,0,0,1,3,3][1,1,1,0,3,3][1,1,1,0,3,3]
71 [0,0,0,0,0,0][0,0,0,0,0,0][0,0,0,1,3,3][0,0,1,0,3,3][0,1,0,0,3,3][0,1,1,1,3,3]
72 [0,0,0,0,0,0][0,0,0,0,0,0][0,0,0,1,3,3][0,0,1,0,3,3][1,1,0,1,2,2][1,1,1,0,2,2]
73 [0,0,0,0,0,0][0,0,0,0,0,0][0,0,0,1,3,3][0,0,1,0,3,3][1,1,0,1,3,3][1,1,1,0,3,3]
76 [0,0,0,0,0,0][0,0,0,0,0,0][0,0,0,1,3,3][0,1,1,1,2,2][1,0,1,1,2,2][1,1,0,1,3,3]
81 [0,0,0,0,0,0][0,0,0,0,0,0][0,0,0,1,3,3][0,1,1,1,3,3][1,0,1,1,3,3][1,1,0,1,3,3]
84 [0,0,0,0,0,0][0,0,0,0,0,0][0,0,1,1,1,1][1,1,0,0,1,1][2,2,2,2,1,1][2,2,2,2,1,1]
85 [0,0,0,0,0,0][0,0,0,0,0,0][0,0,1,1,1,1][1,1,0,0,1,1][2,2,3,3,1,1][2,2,3,3,1,1]
86 [0,0,0,0,0,0][0,0,0,0,0,0][0,0,1,1,1,1][1,1,0,0,1,1][2,3,2,3,1,1][2,3,2,3,1,1]
87 [0,0,0,0,0,0][0,0,0,0,0,0][0,0,1,1,1,1][1,1,0,0,1,1][3,3,3,3,1,1][3,3,3,3,1,1]
91 [0,0,0,0,0,0][0,0,0,0,0,0][0,0,2,2,2,2][0,0,2,2,2,2][1,1,0,0,0,0][1,1,1,1,1,1]
92 [0,0,0,0,0,0][0,0,0,0,0,0][0,0,2,2,2,2][0,0,2,2,2,2][1,1,0,0,1,1][1,1,1,1,0,0]
111 [0,0,0,0,0,0][0,0,0,0,0,0][0,0,2,2,3,3][0,0,2,2,3,3][1,1,0,0,0,0][1,1,1,1,1,1]
112 [0,0,0,0,0,0][0,0,0,0,0,0][0,0,2,2,3,3][0,0,2,2,3,3][1,1,0,0,1,1][1,1,1,1,0,0]
113 [0,0,0,0,0,0][0,0,0,0,0,0][0,0,2,2,3,3][0,0,2,2,3,3][1,1,0,1,0,1][1,1,1,0,1,0]
143 [0,0,0,0,0,0][0,0,0,0,0,0][0,0,3,3,3,3][0,0,3,3,3,3][1,1,0,0,0,0][1,1,1,1,1,1]
144 [0,0,0,0,0,0][0,0,0,0,0,0][0,0,3,3,3,3][0,0,3,3,3,3][1,1,0,0,1,1][1,1,1,1,0,0]
151 [0,0,0,0,0,0][0,0,0,0,0,0][0,1,1,1,2,2][0,1,1,1,2,2][0,1,1,1,2,2][0,1,1,1,2,2]
152 [0,0,0,0,0,0][0,0,0,0,0,0][0,1,1,1,2,2][0,1,1,1,2,2][0,1,1,1,3,3][0,1,1,1,3,3]
153 [0,0,0,0,0,0][0,0,0,0,0,0][0,1,1,1,2,2][0,1,1,1,2,2][1,0,1,1,2,2][1,0,1,1,2,2]
154 [0,0,0,0,0,0][0,0,0,0,0,0][0,1,1,1,2,2][0,1,1,1,2,2][1,0,1,1,3,3][1,0,1,1,3,3]
156 [0,0,0,0,0,0][0,0,0,0,0,0][0,1,1,1,2,2][0,1,1,1,3,3][1,0,1,1,2,2][1,0,1,1,3,3]
159 [0,0,0,0,0,0][0,0,0,0,0,0][0,1,1,1,3,3][0,1,1,1,3,3][0,1,1,1,3,3][0,1,1,1,3,3]
160 [0,0,0,0,0,0][0,0,0,0,0,0][0,1,1,1,3,3][0,1,1,1,3,3][1,0,1,1,3,3][1,0,1,1,3,3]
185 [0,0,0,0,0,0][0,0,0,0,1,1][0,0,0,0,1,1][0,0,1,1,1,1][0,0,2,2,2,2][0,0,2,2,2,2]
186 [0,0,0,0,0,0][0,0,0,0,1,1][0,0,0,0,1,1][0,0,1,1,1,1][0,0,2,2,3,3][0,0,2,2,3,3]
187 [0,0,0,0,0,0][0,0,0,0,1,1][0,0,0,0,1,1][0,0,1,1,1,1][0,0,2,3,2,3][0,0,2,3,2,3]
188 [0,0,0,0,0,0][0,0,0,0,1,1][0,0,0,0,1,1][0,0,1,1,1,1][0,0,3,3,2,2][0,0,3,3,2,2]
189 [0,0,0,0,0,0][0,0,0,0,1,1][0,0,0,0,1,1][0,0,1,1,1,1][0,0,3,3,3,3][0,0,3,3,3,3]
190 [0,0,0,0,0,0][0,0,0,0,1,1][0,0,0,0,1,1][0,0,1,1,1,1][1,1,2,2,2,2][1,1,2,2,2,2]
191 [0,0,0,0,0,0][0,0,0,0,1,1][0,0,0,0,1,1][0,0,1,1,1,1][1,1,2,2,3,3][1,1,2,2,3,3]
192 [0,0,0,0,0,0][0,0,0,0,1,1][0,0,0,0,1,1][0,0,1,1,1,1][1,1,2,3,2,3][1,1,2,3,2,3]
193 [0,0,0,0,0,0][0,0,0,0,1,1][0,0,0,0,1,1][0,0,1,1,1,1][1,1,3,3,2,2][1,1,3,3,2,2]
194 [0,0,0,0,0,0][0,0,0,0,1,1][0,0,0,0,1,1][0,0,1,1,1,1][1,1,3,3,3,3][1,1,3,3,3,3]
195 [0,0,0,0,0,0][0,0,0,0,1,1][0,0,0,0,1,1][1,1,1,1,0,0][2,2,2,2,1,1][2,2,2,2,1,1]
196 [0,0,0,0,0,0][0,0,0,0,1,1][0,0,0,0,1,1][1,1,1,1,0,0][2,2,3,3,1,1][2,2,3,3,1,1]
197 [0,0,0,0,0,0][0,0,0,0,1,1][0,0,0,0,1,1][1,1,1,1,0,0][3,3,3,3,1,1][3,3,3,3,1,1]
198 [0,0,0,0,0,0][0,0,0,0,1,1][0,0,0,1,0,1][0,0,1,0,0,1][0,0,2,2,2,2][0,0,2,2,2,2]
199 [0,0,0,0,0,0][0,0,0,0,1,1][0,0,0,1,0,1][0,0,1,0,0,1][0,0,2,2,3,3][0,0,2,2,3,3]
200 [0,0,0,0,0,0][0,0,0,0,1,1][0,0,0,1,0,1][0,0,1,0,0,1][0,0,2,3,3,2][0,0,2,3,3,2]
201 [0,0,0,0,0,0][0,0,0,0,1,1][0,0,0,1,0,1][0,0,1,0,0,1][0,0,3,3,3,3][0,0,3,3,3,3]
202 [0,0,0,0,0,0][0,0,0,0,1,1][0,0,0,1,0,1][0,0,1,0,0,1][1,1,2,2,2,2][1,1,2,2,2,2]
203 [0,0,0,0,0,0][0,0,0,0,1,1][0,0,0,1,0,1][0,0,1,0,0,1][1,1,2,2,3,3][1,1,2,2,3,3]
204 [0,0,0,0,0,0][0,0,0,0,1,1][0,0,0,1,0,1][0,0,1,0,0,1][1,1,2,3,3,2][1,1,2,3,3,2]
205 [0,0,0,0,0,0][0,0,0,0,1,1][0,0,0,1,0,1][0,0,1,0,0,1][1,1,3,3,3,3][1,1,3,3,3,3]
224 [0,0,0,0,0,0][0,0,0,0,1,1][0,0,1,1,0,0][1,1,0,0,1,1][2,2,2,2,1,1][2,2,2,2,1,1]
225 [0,0,0,0,0,0][0,0,0,0,1,1][0,0,1,1,0,0][1,1,0,0,1,1][2,2,3,3,1,1][2,2,3,3,1,1]
226 [0,0,0,0,0,0][0,0,0,0,1,1][0,0,1,1,0,0][1,1,0,0,1,1][2,3,2,3,1,1][2,3,2,3,1,1]
227 [0,0,0,0,0,0][0,0,0,0,1,1][0,0,1,1,0,0][1,1,0,0,1,1][3,3,3,3,1,1][3,3,3,3,1,1]
232 [0,0,0,0,0,0][0,0,0,0,1,1][0,0,1,1,1,1][1,1,0,0,0,0][2,2,3,3,1,1][2,2,3,3,1,1]
233 [0,0,0,0,0,0][0,0,0,0,1,1][0,0,1,1,1,1][1,1,1,1,1,1][2,2,1,1,2,2][2,2,1,1,2,2]
234 [0,0,0,0,0,0][0,0,0,0,1,1][0,0,1,1,1,1][1,1,1,1,1,1][2,2,1,1,3,3][2,2,1,1,3,3]
235 [0,0,0,0,0,0][0,0,0,0,1,1][0,0,1,1,1,1][1,1,1,1,1,1][2,3,1,1,2,3][2,3,1,1,2,3]
236 [0,0,0,0,0,0][0,0,0,0,1,1][0,0,1,1,1,1][1,1,1,1,1,1][3,3,1,1,2,2][3,3,1,1,2,2]
237 [0,0,0,0,0,0][0,0,0,0,1,1][0,0,1,1,1,1][1,1,1,1,1,1][3,3,1,1,3,3][3,3,1,1,3,3]
242 [0,0,0,0,0,0][0,0,0,0,1,1][0,0,2,2,2,2][0,0,2,2,2,2][1,1,0,0,0,0][1,1,1,1,0,0]
243 [0,0,0,0,0,0][0,0,0,0,1,1][0,0,2,2,2,2][0,0,2,2,2,2][1,1,0,0,1,1][1,1,1,1,1,1]
244 [0,0,0,0,0,0][0,0,0,0,1,1][0,0,2,2,2,2][0,0,2,2,2,2][1,1,0,1,0,1][1,1,1,0,0,1]
249 [0,0,0,0,0,0][0,0,0,0,1,1][0,0,2,2,3,3][0,0,2,2,3,3][1,1,0,0,0,0][1,1,1,1,0,0]
250 [0,0,0,0,0,0][0,0,0,0,1,1][0,0,2,2,3,3][0,0,2,2,3,3][1,1,0,0,1,1][1,1,1,1,1,1]
251 [0,0,0,0,0,0][0,0,0,0,1,1][0,0,2,2,3,3][0,0,2,2,3,3][1,1,0,1,0,1][1,1,1,0,0,1]
252 [0,0,0,0,0,0][0,0,0,0,1,1][0,0,2,3,2,3][0,0,2,3,2,3][1,1,0,0,0,0][1,1,1,1,0,0]
253 [0,0,0,0,0,0][0,0,0,0,1,1][0,0,2,3,2,3][0,0,2,3,2,3][1,1,0,0,1,1][1,1,1,1,1,1]
254 [0,0,0,0,0,0][0,0,0,0,1,1][0,0,2,3,2,3][0,0,2,3,2,3][1,1,0,1,0,1][1,1,1,0,0,1]
255 [0,0,0,0,0,0][0,0,0,0,1,1][0,0,2,3,2,3][0,0,2,3,2,3][1,1,0,1,1,0][1,1,1,0,1,0]
264 [0,0,0,0,0,0][0,0,0,0,1,1][0,0,3,3,2,2][0,0,3,3,2,2][1,1,0,0,0,0][1,1,1,1,0,0]
265 [0,0,0,0,0,0][0,0,0,0,1,1][0,0,3,3,2,2][0,0,3,3,2,2][1,1,0,0,1,1][1,1,1,1,1,1]
266 [0,0,0,0,0,0][0,0,0,0,1,1][0,0,3,3,2,2][0,0,3,3,2,2][1,1,0,1,0,1][1,1,1,0,0,1]
271 [0,0,0,0,0,0][0,0,0,0,1,1][0,0,3,3,3,3][0,0,3,3,3,3][1,1,0,0,0,0][1,1,1,1,0,0]
272 [0,0,0,0,0,0][0,0,0,0,1,1][0,0,3,3,3,3][0,0,3,3,3,3][1,1,0,0,1,1][1,1,1,1,1,1]
273 [0,0,0,0,0,0][0,0,0,0,1,1][0,0,3,3,3,3][0,0,3,3,3,3][1,1,0,1,0,1][1,1,1,0,0,1]
274 [0,0,0,0,0,0][0,0,0,0,1,1][0,1,1,1,0,1][1,0,1,1,0,1][2,2,1,1,2,2][2,2,1,1,2,2]
275 [0,0,0,0,0,0][0,0,0,0,1,1][0,1,1,1,0,1][1,0,1,1,0,1][2,2,1,1,3,3][2,2,1,1,3,3]
276 [0,0,0,0,0,0][0,0,0,0,1,1][0,1,1,1,0,1][1,0,1,1,0,1][2,3,1,1,3,2][2,3,1,1,3,2]
277 [0,0,0,0,0,0][0,0,0,0,1,1][0,1,1,1,0,1][1,0,1,1,0,1][3,3,1,1,3,3][3,3,1,1,3,3]
349 [0,0,0,0,0,0][0,0,1,1,1,1][0,0,1,1,1,1][0,0,1,1,1,1][0,0,2,2,2,2][0,0,2,2,2,2]
350 [0,0,0,0,0,0][0,0,1,1,1,1][0,0,1,1,1,1][0,0,1,1,1,1][0,0,2,2,3,3][0,0,2,2,3,3]
351 [0,0,0,0,0,0][0,0,1,1,1,1][0,0,1,1,1,1][0,0,1,1,1,1][0,0,3,3,3,3][0,0,3,3,3,3]
352 [0,0,0,0,0,0][0,0,1,1,1,1][0,0,1,1,1,1][0,0,1,1,1,1][1,1,2,2,2,2][1,1,2,2,2,2]
353 [0,0,0,0,0,0][0,0,1,1,1,1][0,0,1,1,1,1][0,0,1,1,1,1][1,1,2,2,3,3][1,1,2,2,3,3]
354 [0,0,0,0,0,0][0,0,1,1,1,1][0,0,1,1,1,1][0,0,1,1,1,1][1,1,3,3,3,3][1,1,3,3,3,3]
355 [0,0,0,0,0,0][0,0,1,1,1,1][0,0,1,1,1,1][1,1,0,0,1,1][2,2,1,1,2,2][2,2,1,1,2,2]
356 [0,0,0,0,0,0][0,0,1,1,1,1][0,0,1,1,1,1][1,1,0,0,1,1][2,2,1,1,3,3][2,2,1,1,3,3]
357 [0,0,0,0,0,0][0,0,1,1,1,1][0,0,1,1,1,1][1,1,0,0,1,1][2,3,1,1,2,3][2,3,1,1,2,3]
358 [0,0,0,0,0,0][0,0,1,1,1,1][0,0,1,1,1,1][1,1,0,0,1,1][3,3,1,1,2,2][3,3,1,1,2,2]
359 [0,0,0,0,0,0][0,0,1,1,1,1][0,0,1,1,1,1][1,1,0,0,1,1][3,3,1,1,3,3][3,3,1,1,3,3]
360 [0,0,0,0,0,0][0,0,1,1,1,1][0,0,2,2,2,2][0,0,2,2,2,2][1,1,0,0,0,0][1,1,0,0,0,0]
361 [0,0,0,0,0,0][0,0,1,1,1,1][0,0,2,2,2,2][0,0,2,2,2,2][1,1,0,0,1,1][1,1,0,0,1,1]
362 [0,0,0,0,0,0][0,0,1,1,1,1][0,0,2,2,2,2][0,0,2,2,2,2][1,1,1,1,1,1][1,1,1,1,1,1]
363 [0,0,0,0,0,0][0,0,1,1,1,1][0,0,2,2,3,3][0,0,2,2,3,3][1,1,0,0,0,0][1,1,0,0,0,0]
364 [0,0,0,0,0,0][0,0,1,1,1,1][0,0,2,2,3,3][0,0,2,2,3,3][1,1,0,0,1,1][1,1,0,0,1,1]
365 [0,0,0,0,0,0][0,0,1,1,1,1][0,0,2,2,3,3][0,0,2,2,3,3][1,1,0,1,0,1][1,1,0,1,0,1]
366 [0,0,0,0,0,0][0,0,1,1,1,1][0,0,2,2,3,3][0,0,2,2,3,3][1,1,1,1,0,0][1,1,1,1,0,0]
367 [0,0,0,0,0,0][0,0,1,1,1,1][0,0,2,2,3,3][0,0,2,2,3,3][1,1,1,1,1,1][1,1,1,1,1,1]
368 [0,0,0,0,0,0][0,0,1,1,1,1][0,0,3,3,3,3][0,0,3,3,3,3][1,1,0,0,0,0][1,1,0,0,0,0]
369 [0,0,0,0,0,0][0,0,1,1,1,1][0,0,3,3,3,3][0,0,3,3,3,3][1,1,0,0,1,1][1,1,0,0,1,1]
370 [0,0,0,0,0,0][0,0,1,1,1,1][0,0,3,3,3,3][0,0,3,3,3,3][1,1,1,1,1,1][1,1,1,1,1,1]
371 [0,0,0,0,0,0][0,0,1,1,1,1][0,1,0,0,0,1][1,0,0,1,1,1][2,2,3,1,1,3][2,2,3,1,1,3]
376 [0,0,0,0,0,0][0,0,1,1,1,1][0,1,0,1,1,1][1,0,0,0,0,1][2,3,3,1,1,2][2,3,3,1,1,2]
387 [0,0,0,0,0,0][0,0,1,1,1,1][1,1,1,1,1,1][1,1,1,1,1,1][1,1,2,2,2,2][1,1,2,2,2,2]
388 [0,0,0,0,0,0][0,0,1,1,1,1][1,1,1,1,1,1][1,1,1,1,1,1][1,1,2,2,3,3][1,1,2,2,3,3]
389 [0,0,0,0,0,0][0,0,1,1,1,1][1,1,1,1,1,1][1,1,1,1,1,1][1,1,3,3,3,3][1,1,3,3,3,3]
440 [0,0,0,0,1,1][0,0,0,0,1,1][0,0,0,0,1,1][0,0,1,1,0,0][0,0,2,2,2,2][0,0,2,2,2,2]
441 [0,0,0,0,1,1][0,0,0,0,1,1][0,0,0,0,1,1][0,0,1,1,0,0][0,0,2,2,3,3][0,0,2,2,3,3]
442 [0,0,0,0,1,1][0,0,0,0,1,1][0,0,0,0,1,1][0,0,1,1,0,0][0,0,2,3,2,3][0,0,2,3,2,3]
443 [0,0,0,0,1,1][0,0,0,0,1,1][0,0,0,0,1,1][0,0,1,1,0,0][0,0,3,3,2,2][0,0,3,3,2,2]
444 [0,0,0,0,1,1][0,0,0,0,1,1][0,0,0,0,1,1][0,0,1,1,0,0][0,0,3,3,3,3][0,0,3,3,3,3]
445 [0,0,0,0,1,1][0,0,0,0,1,1][0,0,0,0,1,1][0,0,1,1,0,0][1,1,2,2,2,2][1,1,2,2,2,2]
446 [0,0,0,0,1,1][0,0,0,0,1,1][0,0,0,0,1,1][0,0,1,1,0,0][1,1,2,2,3,3][1,1,2,2,3,3]
447 [0,0,0,0,1,1][0,0,0,0,1,1][0,0,0,0,1,1][0,0,1,1,0,0][1,1,2,3,2,3][1,1,2,3,2,3]
448 [0,0,0,0,1,1][0,0,0,0,1,1][0,0,0,0,1,1][0,0,1,1,0,0][1,1,3,3,2,2][1,1,3,3,2,2]
449 [0,0,0,0,1,1][0,0,0,0,1,1][0,0,0,0,1,1][0,0,1,1,0,0][1,1,3,3,3,3][1,1,3,3,3,3]
458 [0,0,0,0,1,1][0,0,0,0,1,1][0,0,0,0,1,1][1,1,1,1,1,1][2,2,2,2,0,0][2,2,2,2,0,0]
459 [0,0,0,0,1,1][0,0,0,0,1,1][0,0,0,0,1,1][1,1,1,1,1,1][2,2,2,2,1,1][2,2,2,2,1,1]
460 [0,0,0,0,1,1][0,0,0,0,1,1][0,0,0,0,1,1][1,1,1,1,1,1][2,2,3,3,0,0][2,2,3,3,0,0]
461 [0,0,0,0,1,1][0,0,0,0,1,1][0,0,0,0,1,1][1,1,1,1,1,1][2,2,3,3,1,1][2,2,3,3,1,1]
462 [0,0,0,0,1,1][0,0,0,0,1,1][0,0,0,0,1,1][1,1,1,1,1,1][3,3,3,3,0,0][3,3,3,3,0,0]
463 [0,0,0,0,1,1][0,0,0,0,1,1][0,0,0,0,1,1][1,1,1,1,1,1][3,3,3,3,1,1][3,3,3,3,1,1]
464 [0,0,0,0,1,1][0,0,0,0,1,1][0,0,0,1,0,1][0,0,1,0,1,0][0,0,2,2,2,2][0,0,2,2,2,2]
465 [0,0,0,0,1,1][0,0,0,0,1,1][0,0,0,1,0,1][0,0,1,0,1,0][0,0,2,2,3,3][0,0,2,2,3,3]
466 [0,0,0,0,1,1][0,0,0,0,1,1][0,0,0,1,0,1][0,0,1,0,1,0][0,0,2,3,2,3][0,0,2,3,2,3]
467 [0,0,0,0,1,1][0,0,0,0,1,1][0,0,0,1,0,1][0,0,1,0,1,0][0,0,2,3,3,2][0,0,2,3,3,2]
468 [0,0,0,0,1,1][0,0,0,0,1,1][0,0,0,1,0,1][0,0,1,0,1,0][0,0,3,3,2,2][0,0,3,3,2,2]
469 [0,0,0,0,1,1][0,0,0,0,1,1][0,0,0,1,0,1][0,0,1,0,1,0][0,0,3,3,3,3][0,0,3,3,3,3]
470 [0,0,0,0,1,1][0,0,0,0,1,1][0,0,0,1,0,1][0,0,1,0,1,0][1,1,2,2,2,2][1,1,2,2,2,2]
471 [0,0,0,0,1,1][0,0,0,0,1,1][0,0,0,1,0,1][0,0,1,0,1,0][1,1,2,2,3,3][1,1,2,2,3,3]
472 [0,0,0,0,1,1][0,0,0,0,1,1][0,0,0,1,0,1][0,0,1,0,1,0][1,1,2,3,2,3][1,1,2,3,2,3]
473 [0,0,0,0,1,1][0,0,0,0,1,1][0,0,0,1,0,1][0,0,1,0,1,0][1,1,2,3,3,2][1,1,2,3,3,2]
474 [0,0,0,0,1,1][0,0,0,0,1,1][0,0,0,1,0,1][0,0,1,0,1,0][1,1,3,3,2,2][1,1,3,3,2,2]
475 [0,0,0,0,1,1][0,0,0,0,1,1][0,0,0,1,0,1][0,0,1,0,1,0][1,1,3,3,3,3][1,1,3,3,3,3]
486 [0,0,0,0,1,1][0,0,0,0,1,1][0,0,0,1,2,2][0,0,0,1,2,2][0,0,0,1,2,2][0,0,0,1,2,2]
487 [0,0,0,0,1,1][0,0,0,0,1,1][0,0,0,1,2,2][0,0,0,1,2,2][0,0,0,1,3,3][0,0,0,1,3,3]
488 [0,0,0,0,1,1][0,0,0,0,1,1][0,0,0,1,2,2][0,0,0,1,2,2][0,0,1,0,2,2][0,0,1,0,2,2]
489 [0,0,0,0,1,1][0,0,0,0,1,1][0,0,0,1,2,2][0,0,0,1,2,2][0,0,1,0,3,3][0,0,1,0,3,3]
492 [0,0,0,0,1,1][0,0,0,0,1,1][0,0,0,1,2,2][0,0,0,1,2,2][0,1,1,1,2,2][0,1,1,1,2,2]
493 [0,0,0,0,1,1][0,0,0,0,1,1][0,0,0,1,2,2][0,0,0,1,2,2][0,1,1,1,3,3][0,1,1,1,3,3]
494 [0,0,0,0,1,1][0,0,0,0,1,1][0,0,0,1,2,2][0,0,0,1,2,2][1,1,1,0,2,2][1,1,1,0,2,2]
495 [0,0,0,0,1,1][0,0,0,0,1,1][0,0,0,1,2,2][0,0,0,1,2,2][1,1,1,0,3,3][1,1,1,0,3,3]
497 [0,0,0,0,1,1][0,0,0,0,1,1][0,0,0,1,2,2][0,0,0,1,3,3][0,0,1,0,2,2][0,0,1,0,3,3]
498 [0,0,0,0,1,1][0,0,0,0,1,1][0,0,0,1,2,2][0,0,0,1,3,3][0,1,1,1,2,2][0,1,1,1,3,3]
499 [0,0,0,0,1,1][0,0,0,0,1,1][0,0,0,1,2,2][0,0,0,1,3,3][1,1,1,0,2,2][1,1,1,0,3,3]
502 [0,0,0,0,1,1][0,0,0,0,1,1][0,0,0,1,2,2][0,0,1,0,2,2][0,1,0,0,2,2][0,1,1,1,2,2]
503 [0,0,0,0,1,1][0,0,0,0,1,1][0,0,0,1,2,2][0,0,1,0,2,2][0,1,0,0,3,3][0,1,1,1,3,3]
504 [0,0,0,0,1,1][0,0,0,0,1,1][0,0,0,1,2,2][0,0,1,0,2,2][1,1,0,1,2,2][1,1,1,0,2,2]
505 [0,0,0,0,1,1][0,0,0,0,1,1][0,0,0,1,2,2][0,0,1,0,2,2][1,1,0,1,3,3][1,1,1,0,3,3]
509 [0,0,0,0,1,1][0,0,0,0,1,1][0,0,0,1,2,2][0,0,1,0,3,3][0,1,0,0,3,3][0,1,1,1,2,2]
510 [0,0,0,0,1,1][0,0,0,0,1,1][0,0,0,1,2,2][0,0,1,0,3,3][1,1,0,1,2,2][1,1,1,0,3,3]
511 [0,0,0,0,1,1][0,0,0,0,1,1][0,0,0,1,2,2][0,0,1,0,3,3][1,1,0,1,3,3][1,1,1,0,2,2]
515 [0,0,0,0,1,1][0,0,0,0,1,1][0,0,0,1,2,2][0,1,1,1,2,2][1,0,1,1,2,2][1,1,0,1,2,2]
516 [0,0,0,0,1,1][0,0,0,0,1,1][0,0,0,1,2,2][0,1,1,1,2,2][1,0,1,1,3,3][1,1,0,1,3,3]
521 [0,0,0,0,1,1][0,0,0,0,1,1][0,0,0,1,3,3][0,0,0,1,3,3][0,0,0,1,3,3][0,0,0,1,3,3]
522 [0,0,0,0,1,1][0,0,0,0,1,1][0,0,0,1,3,3][0,0,0,1,3,3][0,0,1,0,3,3][0,0,1,0,3,3]
525 [0,0,0,0,1,1][0,0,0,0,1,1][0,0,0,1,3,3][0,0,0,1,3,3][0,1,1,1,2,2][0,1,1,1,2,2]
526 [0,0,0,0,1,1][0,0,0,0,1,1][0,0,0,1,3,3][0,0,0,1,3,3][0,1,1,1,3,3][0,1,1,1,3,3]
527 [0,0,0,0,1,1][0,0,0,0,1,1][0,0,0,1,3,3][0,0,0,1,3,3][1,1,1,0,2,2][1,1,1,0,2,2]
528 [0,0,0,0,1,1][0,0,0,0,1,1][0,0,0,1,3,3][0,0,0,1,3,3][1,1,1,0,3,3][1,1,1,0,3,3]
534 [0,0,0,0,1,1][0,0,0,0,1,1][0,0,0,1,3,3][0,0,1,0,3,3][0,1,0,0,3,3][0,1,1,1,3,3]
535 [0,0,0,0,1,1][0,0,0,0,1,1][0,0,0,1,3,3][0,0,1,0,3,3][1,1,0,1,2,2][1,1,1,0,2,2]
536 [0,0,0,0,1,1][0,0,0,0,1,1][0,0,0,1,3,3][0,0,1,0,3,3][1,1,0,1,3,3][1,1,1,0,3,3]
539 [0,0,0,0,1,1][0,0,0,0,1,1][0,0,0,1,3,3][0,1,1,1,2,2][1,0,1,1,2,2][1,1,0,1,3,3]
544 [0,0,0,0,1,1][0,0,0,0,1,1][0,0,0,1,3,3][0,1,1,1,3,3][1,0,1,1,3,3][1,1,0,1,3,3]
551 [0,0,0,0,1,1][0,0,0,0,1,1][0,0,1,1,0,0][1,1,0,0,0,0][2,2,2,2,1,1][2,2,2,2,1,1]
552 [0,0,0,0,1,1][0,0,0,0,1,1][0,0,1,1,0,0][1,1,0,0,0,0][2,2,3,3,1,1][2,2,3,3,1,1]
553 [0,0,0,0,1,1][0,0,0,0,1,1][0,0,1,1,0,0][1,1,0,0,0,0][2,3,2,3,1,1][2,3,2,3,1,1]
554 [0,0,0,0,1,1][0,0,0,0,1,1][0,0,1,1,0,0][1,1,0,0,0,0][3,3,3,3,1,1][3,3,3,3,1,1]
555 [0,0,0,0,1,1][0,0,0,0,1,1][0,0,1,1,0,0][1,1,1,1,1,1][2,2,1,1,2,2][2,2,1,1,2,2]
556 [0,0,0,0,1,1][0,0,0,0,1,1][0,0,1,1,0,0][1,1,1,1,1,1][2,2,1,1,3,3][2,2,1,1,3,3]
557 [0,0,0,0,1,1][0,0,0,0,1,1][0,0,1,1,0,0][1,1,1,1,1,1][2,3,1,1,2,3][2,3,1,1,2,3]
558 [0,0,0,0,1,1][0,0,0,0,1,1][0,0,1,1,0,0][1,1,1,1,1,1][3,3,1,1,2,2][3,3,1,1,2,2]
559 [0,0,0,0,1,1][0,0,0,0,1,1][0,0,1,1,0,0][1,1,1,1,1,1][3,3,1,1,3,3][3,3,1,1,3,3]
560 [0,0,0,0,1,1][0,0,0,0,1,1][0,0,1,1,1,1][1,1,0,0,1,1][2,2,2,2,0,0][2,2,2,2,0,0]
561 [0,0,0,0,1,1][0,0,0,0,1,1][0,0,1,1,1,1][1,1,0,0,1,1][2,2,2,2,1,1][2,2,2,2,1,1]
562 [0,0,0,0,1,1][0,0,0,0,1,1][0,0,1,1,1,1][1,1,0,0,1,1][2,2,3,3,0,0][2,2,3,3,0,0]
563 [0,0,0,0,1,1][0,0,0,0,1,1][0,0,1,1,1,1][1,1,0,0,1,1][2,2,3,3,1,1][2,2,3,3,1,1]
564 [0,0,0,0,1,1][0,0,0,0,1,1][0,0,1,1,1,1][1,1,0,0,1,1][2,3,2,3,0,0][2,3,2,3,0,0]
565 [0,0,0,0,1,1][0,0,0,0,1,1][0,0,1,1,1,1][1,1,0,0,1,1][2,3,2,3,1,1][2,3,2,3,1,1]
566 [0,0,0,0,1,1][0,0,0,0,1,1][0,0,1,1,1,1][1,1,0,0,1,1][3,3,3,3,0,0][3,3,3,3,0,0]
567 [0,0,0,0,1,1][0,0,0,0,1,1][0,0,1,1,1,1][1,1,0,0,1,1][3,3,3,3,1,1][3,3,3,3,1,1]
568 [0,0,0,0,1,1][0,0,0,0,1,1][0,0,1,1,1,1][1,1,1,1,0,0][2,2,1,1,2,2][2,2,1,1,2,2]
569 [0,0,0,0,1,1][0,0,0,0,1,1][0,0,1,1,1,1][1,1,1,1,0,0][2,2,1,1,3,3][2,2,1,1,3,3]
570 [0,0,0,0,1,1][0,0,0,0,1,1][0,0,1,1,1,1][1,1,1,1,0,0][2,3,1,1,2,3][2,3,1,1,2,3]
571 [0,0,0,0,1,1][0,0,0,0,1,1][0,0,1,1,1,1][1,1,1,1,0,0][3,3,1,1,2,2][3,3,1,1,2,2]
572 [0,0,0,0,1,1][0,0,0,0,1,1][0,0,1,1,1,1][1,1,1,1,0,0][3,3,1,1,3,3][3,3,1,1,3,3]
575 [0,0,0,0,1,1][0,0,0,0,1,1][0,0,2,2,0,1][0,0,2,2,1,0][0,1,2,2,0,0][0,1,2,2,1,1]
576 [0,0,0,0,1,1][0,0,0,0,1,1][0,0,2,2,0,1][0,0,2,2,1,0][0,1,3,3,0,0][0,1,3,3,1,1]
579 [0,0,0,0,1,1][0,0,0,0,1,1][0,0,2,2,0,1][0,0,2,2,1,0][1,1,2,2,0,1][1,1,2,2,1,0]
580 [0,0,0,0,1,1][0,0,0,0,1,1][0,0,2,2,0,1][0,0,2,2,1,0][1,1,3,3,0,1][1,1,3,3,1,0]
583 [0,0,0,0,1,1][0,0,0,0,1,1][0,0,2,2,0,1][0,0,3,3,1,0][0,1,2,2,0,0][0,1,3,3,1,1]
584 [0,0,0,0,1,1][0,0,0,0,1,1][0,0,2,2,0,1][0,0,3,3,1,0][0,1,2,2,1,1][0,1,3,3,0,0]
585 [0,0,0,0,1,1][0,0,0,0,1,1][0,0,2,2,0,1][0,0,3,3,1,0][1,1,2,2,0,1][1,1,3,3,1,0]
586 [0,0,0,0,1,1][0,0,0,0,1,1][0,0,2,2,0,1][0,0,3,3,1,0][1,1,2,2,1,0][1,1,3,3,0,1]
589 [0,0,0,0,1,1][0,0,0,0,1,1][0,0,2,2,0,1][0,1,2,2,0,0][1,0,2,2,0,0][1,1,2,2,0,1]
590 [0,0,0,0,1,1][0,0,0,0,1,1][0,0,2,2,0,1][0,1,2,2,0,0][1,0,2,2,1,1][1,1,2,2,1,0]
591 [0,0,0,0,1,1][0,0,0,0,1,1][0,0,2,2,0,1][0,1,2,2,0,0][1,0,3,3,0,0][1,1,3,3,0,1]
592 [0,0,0,0,1,1][0,0,0,0,1,1][0,0,2,2,0,1][0,1,2,2,0,0][1,0,3,3,1,1][1,1,3,3,1,0]
593 [0,0,0,0,1,1][0,0,0,0,1,1][0,0,2,2,0,1][0,1,2,2,1,1][1,0,2,2,1,1][1,1,2,2,0,1]
594 [0,0,0,0,1,1][0,0,0,0,1,1][0,0,2,2,0,1][0,1,2,2,1,1][1,0,3,3,0,0][1,1,3,3,1,0]
595 [0,0,0,0,1,1][0,0,0,0,1,1][0,0,2,2,0,1][0,1,2,2,1,1][1,0,3,3,1,1][1,1,3,3,0,1]
596 [0,0,0,0,1,1][0,0,0,0,1,1][0,0,2,2,0,1][0,1,3,3,0,0][1,0,3,3,0,0][1,1,2,2,0,1]
597 [0,0,0,0,1,1][0,0,0,0,1,1][0,0,2,2,0,1][0,1,3,3,0,0][1,0,3,3,1,1][1,1,2,2,1,0]
598 [0,0,0,0,1,1][0,0,0,0,1,1][0,0,2,2,0,1][0,1,3,3,1,1][1,0,3,3,1,1][1,1,2,2,0,1]
607 [0,0,0,0,1,1][0,0,0,0,1,1][0,0,2,2,2,2][0,0,2,2,2,2][1,1,0,0,0,0][1,1,1,1,1,1]
608 [0,0,0,0,1,1][0,0,0,0,1,1][0,0,2,2,2,2][0,0,2,2,2,2][1,1,0,0,1,1][1,1,1,1,0,0]
609 [0,0,0,0,1,1][0,0,0,0,1,1][0,0,2,2,2,2][0,0,2,2,2,2][1,1,0,1,0,1][1,1,1,0,1,0]
646 [0,0,0,0,1,1][0,0,0,0,1,1][0,0,2,2,3,3][0,0,2,2,3,3][1,1,0,0,0,0][1,1,1,1,1,1]
647 [0,0,0,0,1,1][0,0,0,0,1,1][0,0,2,2,3,3][0,0,2,2,3,3][1,1,0,0,1,1][1,1,1,1,0,0]
648 [0,0,0,0,1,1][0,0,0,0,1,1][0,0,2,2,3,3][0,0,2,2,3,3][1,1,0,1,0,1][1,1,1,0,1,0]
679 [0,0,0,0,1,1][0,0,0,0,1,1][0,0,2,3,2,3][0,0,2,3,2,3][1,1,0,0,0,0][1,1,1,1,1,1]
680 [0,0,0,0,1,1][0,0,0,0,1,1][0,0,2,3,2,3][0,0,2,3,2,3][1,1,0,0,1,1][1,1,1,1,0,0]
681 [0,0,0,0,1,1][0,0,0,0,1,1][0,0,2,3,2,3][0,0,2,3,2,3][1,1,0,1,0,1][1,1,1,0,1,0]
682 [0,0,0,0,1,1][0,0,0,0,1,1][0,0,2,3,2,3][0,0,2,3,2,3][1,1,0,1,1,0][1,1,1,0,0,1]
721 [0,0,0,0,1,1][0,0,0,0,1,1][0,0,3,3,0,1][0,0,3,3,1,0][0,1,2,2,0,0][0,1,2,2,1,1]
722 [0,0,0,0,1,1][0,0,0,0,1,1][0,0,3,3,0,1][0,0,3,3,1,0][0,1,3,3,0,0][0,1,3,3,1,1]
725 [0,0,0,0,1,1][0,0,0,0,1,1][0,0,3,3,0,1][0,0,3,3,1,0][1,1,2,2,0,1][1,1,2,2,1,0]
726 [0,0,0,0,1,1][0,0,0,0,1,1][0,0,3,3,0,1][0,0,3,3,1,0][1,1,3,3,0,1][1,1,3,3,1,0]
727 [0,0,0,0,1,1][0,0,0,0,1,1][0,0,3,3,0,1][0,1,2,2,0,0][1,0,2,2,0,0][1,1,3,3,0,1]
728 [0,0,0,0,1,1][0,0,0,0,1,1][0,0,3,3,0,1][0,1,2,2,0,0][1,0,2,2,1,1][1,1,3,3,1,0]
729 [0,0,0,0,1,1][0,0,0,0,1,1][0,0,3,3,0,1][0,1,2,2,0,0][1,0,3,3,0,0][1,1,2,2,0,1]
730 [0,0,0,0,1,1][0,0,0,0,1,1][0,0,3,3,0,1][0,1,2,2,0,0][1,0,3,3,1,1][1,1,2,2,1,0]
731 [0,0,0,0,1,1][0,0,0,0,1,1][0,0,3,3,0,1][0,1,2,2,1,1][1,0,2,2,1,1][1,1,3,3,0,1]
732 [0,0,0,0,1,1][0,0,0,0,1,1][0,0,3,3,0,1][0,1,2,2,1,1][1,0,3,3,0,0][1,1,2,2,1,0]
733 [0,0,0,0,1,1][0,0,0,0,1,1][0,0,3,3,0,1][0,1,2,2,1,1][1,0,3,3,1,1][1,1,2,2,0,1]
734 [0,0,0,0,1,1][0,0,0,0,1,1][0,0,3,3,0,1][0,1,3,3,0,0][1,0,3,3,0,0][1,1,3,3,0,1]
735 [0,0,0,0,1,1][0,0,0,0,1,1][0,0,3,3,0,1][0,1,3,3,0,0][1,0,3,3,1,1][1,1,3,3,1,0]
736 [0,0,0,0,1,1][0,0,0,0,1,1][0,0,3,3,0,1][0,1,3,3,1,1][1,0,3,3,1,1][1,1,3,3,0,1]
743 [0,0,0,0,1,1][0,0,0,0,1,1][0,0,3,3,2,2][0,0,3,3,2,2][1,1,0,0,0,0][1,1,1,1,1,1]
744 [0,0,0,0,1,1][0,0,0,0,1,1][0,0,3,3,2,2][0,0,3,3,2,2][1,1,0,0,1,1][1,1,1,1,0,0]
745 [0,0,0,0,1,1][0,0,0,0,1,1][0,0,3,3,2,2][0,0,3,3,2,2][1,1,0,1,0,1][1,1,1,0,1,0]
765 [0,0,0,0,1,1][0,0,0,0,1,1][0,0,3,3,3,3][0,0,3,3,3,3][1,1,0,0,0,0][1,1,1,1,1,1]
766 [0,0,0,0,1,1][0,0,0,0,1,1][0,0,3,3,3,3][0,0,3,3,3,3][1,1,0,0,1,1][1,1,1,1,0,0]
767 [0,0,0,0,1,1][0,0,0,0,1,1][0,0,3,3,3,3][0,0,3,3,3,3][1,1,0,1,0,1][1,1,1,0,1,0]
780 [0,0,0,0,1,1][0,0,0,0,1,1][0,1,1,1,0,1][1,0,1,1,1,0][2,2,1,1,2,2][2,2,1,1,2,2]
781 [0,0,0,0,1,1][0,0,0,0,1,1][0,1,1,1,0,1][1,0,1,1,1,0][2,2,1,1,3,3][2,2,1,1,3,3]
782 [0,0,0,0,1,1][0,0,0,0,1,1][0,1,1,1,0,1][1,0,1,1,1,0][2,3,1,1,2,3][2,3,1,1,2,3]
783 [0,0,0,0,1,1][0,0,0,0,1,1][0,1,1,1,0,1][1,0,1,1,1,0][2,3,1,1,3,2][2,3,1,1,3,2]
784 [0,0,0,0,1,1][0,0,0,0,1,1][0,1,1,1,0,1][1,0,1,1,1,0][3,3,1,1,2,2][3,3,1,1,2,2]
785 [0,0,0,0,1,1][0,0,0,0,1,1][0,1,1,1,0,1][1,0,1,1,1,0][3,3,1,1,3,3][3,3,1,1,3,3]
786 [0,0,0,0,1,1][0,0,0,0,1,1][0,1,1,1,2,2][0,1,1,1,2,2][0,1,1,1,2,2][0,1,1,1,2,2]
787 [0,0,0,0,1,1][0,0,0,0,1,1][0,1,1,1,2,2][0,1,1,1,2,2][0,1,1,1,3,3][0,1,1,1,3,3]
788 [0,0,0,0,1,1][0,0,0,0,1,1][0,1,1,1,2,2][0,1,1,1,2,2][1,0,1,1,2,2][1,0,1,1,2,2]
789 [0,0,0,0,1,1][0,0,0,0,1,1][0,1,1,1,2,2][0,1,1,1,2,2][1,0,1,1,3,3][1,0,1,1,3,3]
791 [0,0,0,0,1,1][0,0,0,0,1,1][0,1,1,1,2,2][0,1,1,1,3,3][1,0,1,1,2,2][1,0,1,1,3,3]
795 [0,0,0,0,1,1][0,0,0,0,1,1][0,1,1,1,3,3][0,1,1,1,3,3][0,1,1,1,3,3][0,1,1,1,3,3]
796 [0,0,0,0,1,1][0,0,0,0,1,1][0,1,1,1,3,3][0,1,1,1,3,3][1,0,1,1,3,3][1,0,1,1,3,3]
801 [0,0,0,0,1,1][0,0,0,0,1,1][0,1,2,2,0,0][0,1,2,2,0,0][1,0,2,2,1,1][1,0,2,2,1,1]
802 [0,0,0,0,1,1][0,0,0,0,1,1][0,1,2,2,0,0][0,1,2,2,0,0][1,0,3,3,1,1][1,0,3,3,1,1]
803 [0,0,0,0,1,1][0,0,0,0,1,1][0,1,2,2,0,0][0,1,2,2,1,1][1,0,2,2,0,0][1,0,2,2,1,1]
804 [0,0,0,0,1,1][0,0,0,0,1,1][0,1,2,2,0,0][0,1,2,2,1,1][1,0,3,3,0,0][1,0,3,3,1,1]
805 [0,0,0,0,1,1][0,0,0,0,1,1][0,1,2,2,0,0][0,1,2,2,1,1][1,1,2,2,0,1][1,1,2,2,1,0]
806 [0,0,0,0,1,1][0,0,0,0,1,1][0,1,2,2,0,0][0,1,2,2,1,1][1,1,3,3,0,1][1,1,3,3,1,0]
807 [0,0,0,0,1,1][0,0,0,0,1,1][0,1,2,2,0,0][0,1,3,3,0,0][1,0,2,2,1,1][1,0,3,3,1,1]
808 [0,0,0,0,1,1][0,0,0,0,1,1][0,1,2,2,0,0][0,1,3,3,1,1][1,0,2,2,0,0][1,0,3,3,1,1]
809 [0,0,0,0,1,1][0,0,0,0,1,1][0,1,2,2,0,0][0,1,3,3,1,1][1,0,2,2,1,1][1,0,3,3,0,0]
810 [0,0,0,0,1,1][0,0,0,0,1,1][0,1,2,2,0,0][0,1,3,3,1,1][1,1,2,2,0,1][1,1,3,3,1,0]
815 [0,0,0,0,1,1][0,0,0,0,1,1][0,1,2,2,1,1][0,1,2,2,1,1][0,1,2,2,1,1][0,1,2,2,1,1]
816 [0,0,0,0,1,1][0,0,0,0,1,1][0,1,2,2,1,1][0,1,2,2,1,1][0,1,3,3,1,1][0,1,3,3,1,1]
817 [0,0,0,0,1,1][0,0,0,0,1,1][0,1,2,2,1,1][0,1,2,2,1,1][1,0,2,2,1,1][1,0,2,2,1,1]
818 [0,0,0,0,1,1][0,0,0,0,1,1][0,1,2,2,1,1][0,1,2,2,1,1][1,0,3,3,0,0][1,0,3,3,0,0]
819 [0,0,0,0,1,1][0,0,0,0,1,1][0,1,2,2,1,1][0,1,2,2,1,1][1,0,3,3,1,1][1,0,3,3,1,1]
822 [0,0,0,0,1,1][0,0,0,0,1,1][0,1,2,2,1,1][0,1,2,2,1,1][1,1,2,2,0,1][1,1,2,2,0,1]
823 [0,0,0,0,1,1][0,0,0,0,1,1][0,1,2,2,1,1][0,1,2,2,1,1][1,1,3,3,0,1][1,1,3,3,0,1]
824 [0,0,0,0,1,1][0,0,0,0,1,1][0,1,2,2,1,1][0,1,3,3,0,0][1,0,2,2,1,1][1,0,3,3,0,0]
825 [0,0,0,0,1,1][0,0,0,0,1,1][0,1,2,2,1,1][0,1,3,3,0,0][1,1,2,2,0,1][1,1,3,3,1,0]
828 [0,0,0,0,1,1][0,0,0,0,1,1][0,1,2,2,1,1][0,1,3,3,1,1][1,0,2,2,1,1][1,0,3,3,1,1]
829 [0,0,0,0,1,1][0,0,0,0,1,1][0,1,2,2,1,1][0,1,3,3,1,1][1,1,2,2,0,1][1,1,3,3,0,1]
833 [0,0,0,0,1,1][0,0,0,0,1,1][0,1,3,3,0,0][0,1,3,3,0,0][1,0,3,3,1,1][1,0,3,3,1,1]
834 [0,0,0,0,1,1][0,0,0,0,1,1][0,1,3,3,0,0][0,1,3,3,1,1][1,0,3,3,0,0][1,0,3,3,1,1]
835 [0,0,0,0,1,1][0,0,0,0,1,1][0,1,3,3,0,0][0,1,3,3,1,1][1,1,2,2,0,1][1,1,2,2,1,0]
836 [0,0,0,0,1,1][0,0,0,0,1,1][0,1,3,3,0,0][0,1,3,3,1,1][1,1,3,3,0,1][1,1,3,3,1,0]
840 [0,0,0,0,1,1][0,0,0,0,1,1][0,1,3,3,1,1][0,1,3,3,1,1][0,1,3,3,1,1][0,1,3,3,1,1]
841 [0,0,0,0,1,1][0,0,0,0,1,1][0,1,3,3,1,1][0,1,3,3,1,1][1,0,3,3,1,1][1,0,3,3,1,1]
844 [0,0,0,0,1,1][0,0,0,0,1,1][0,1,3,3,1,1][0,1,3,3,1,1][1,1,2,2,0,1][1,1,2,2,0,1]
845 [0,0,0,0,1,1][0,0,0,0,1,1][0,1,3,3,1,1][0,1,3,3,1,1][1,1,3,3,0,1][1,1,3,3,0,1]
851 [0,0,0,0,1,1][0,0,0,0,1,1][1,1,2,2,0,1][1,1,2,2,0,1][1,1,2,2,1,0][1,1,2,2,1,0]
852 [0,0,0,0,1,1][0,0,0,0,1,1][1,1,2,2,0,1][1,1,2,2,0,1][1,1,3,3,1,0][1,1,3,3,1,0]
853 [0,0,0,0,1,1][0,0,0,0,1,1][1,1,2,2,0,1][1,1,2,2,1,0][1,1,3,3,0,1][1,1,3,3,1,0]
879 [0,0,0,0,1,1][0,0,0,0,1,1][1,1,3,3,0,1][1,1,3,3,0,1][1,1,3,3,1,0][1,1,3,3,1,0]
895 [0,0,0,0,1,1][0,0,0,1,0,1][0,0,0,1,1,0][0,0,1,1,1,1][0,0,2,2,2,2][0,0,2,2,2,2]
896 [0,0,0,0,1,1][0,0,0,1,0,1][0,0,0,1,1,0][0,0,1,1,1,1][0,0,2,2,3,3][0,0,2,2,3,3]
897 [0,0,0,0,1,1][0,0,0,1,0,1][0,0,0,1,1,0][0,0,1,1,1,1][0,0,3,2,2,3][0,0,3,2,2,3]
898 [0,0,0,0,1,1][0,0,0,1,0,1][0,0,0,1,1,0][0,0,1,1,1,1][0,0,3,3,3,3][0,0,3,3,3,3]
899 [0,0,0,0,1,1][0,0,0,1,0,1][0,0,0,1,1,0][0,0,1,1,1,1][1,1,2,2,2,2][1,1,2,2,2,2]
900 [0,0,0,0,1,1][0,0,0,1,0,1][0,0,0,1,1,0][0,0,1,1,1,1][1,1,2,2,3,3][1,1,2,2,3,3]
901 [0,0,0,0,1,1][0,0,0,1,0,1][0,0,0,1,1,0][0,0,1,1,1,1][1,1,3,2,2,3][1,1,3,2,2,3]
902 [0,0,0,0,1,1][0,0,0,1,0,1][0,0,0,1,1,0][0,0,1,1,1,1][1,1,3,3,3,3][1,1,3,3,3,3]
911 [0,0,0,0,1,1][0,0,0,1,0,1][0,0,2,2,2,2][0,0,2,2,2,2][1,1,0,0,0,0][1,1,1,0,0,1]
912 [0,0,0,0,1,1][0,0,0,1,0,1][0,0,2,2,2,2][0,0,2,2,2,2][1,1,0,0,1,1][1,1,1,0,1,0]
913 [0,0,0,0,1,1][0,0,0,1,0,1][0,0,2,2,2,2][0,0,2,2,2,2][1,1,0,1,1,0][1,1,1,1,1,1]
914 [0,0,0,0,1,1][0,0,0,1,0,1][0,0,2,2,3,3][0,0,2,2,3,3][1,1,0,0,0,0][1,1,1,0,0,1]
915 [0,0,0,0,1,1][0,0,0,1,0,1][0,0,2,2,3,3][0,0,2,2,3,3][1,1,0,0,1,1][1,1,1,0,1,0]
916 [0,0,0,0,1,1][0,0,0,1,0,1][0,0,2,2,3,3][0,0,2,2,3,3][1,1,0,1,0,1][1,1,1,1,0,0]
917 [0,0,0,0,1,1][0,0,0,1,0,1][0,0,2,2,3,3][0,0,2,2,3,3][1,1,0,1,1,0][1,1,1,1,1,1]
918 [0,0,0,0,1,1][0,0,0,1,0,1][0,0,2,3,3,2][0,0,2,3,3,2][1,1,0,0,0,0][1,1,1,0,0,1]
919 [0,0,0,0,1,1][0,0,0,1,0,1][0,0,2,3,3,2][0,0,2,3,3,2][1,1,0,0,1,1][1,1,1,0,1,0]
920 [0,0,0,0,1,1][0,0,0,1,0,1][0,0,2,3,3,2][0,0,2,3,3,2][1,1,0,1,1,0][1,1,1,1,1,1]
921 [0,0,0,0,1,1][0,0,0,1,0,1][0,0,3,2,2,3][0,0,3,2,2,3][1,1,0,0,0,0][1,1,1,0,0,1]
922 [0,0,0,0,1,1][0,0,0,1,0,1][0,0,3,2,2,3][0,0,3,2,2,3][1,1,0,0,1,1][1,1,1,0,1,0]
923 [0,0,0,0,1,1][0,0,0,1,0,1][0,0,3,2,2,3][0,0,3,2,2,3][1,1,0,1,1,0][1,1,1,1,1,1]
924 [0,0,0,0,1,1][0,0,0,1,0,1][0,0,3,2,3,2][0,0,3,2,3,2][1,1,0,0,0,0][1,1,1,0,0,1]
925 [0,0,0,0,1,1][0,0,0,1,0,1][0,0,3,2,3,2][0,0,3,2,3,2][1,1,0,0,1,1][1,1,1,0,1,0]
926 [0,0,0,0,1,1][0,0,0,1,0,1][0,0,3,2,3,2][0,0,3,2,3,2][1,1,0,1,0,1][1,1,1,1,0,0]
927 [0,0,0,0,1,1][0,0,0,1,0,1][0,0,3,2,3,2][0,0,3,2,3,2][1,1,0,1,1,0][1,1,1,1,1,1]
928 [0,0,0,0,1,1][0,0,0,1,0,1][0,0,3,3,3,3][0,0,3,3,3,3][1,1,0,0,0,0][1,1,1,0,0,1]
929 [0,0,0,0,1,1][0,0,0,1,0,1][0,0,3,3,3,3][0,0,3,3,3,3][1,1,0,0,1,1][1,1,1,0,1,0]
930 [0,0,0,0,1,1][0,0,0,1,0,1][0,0,3,3,3,3][0,0,3,3,3,3][1,1,0,1,1,0][1,1,1,1,1,1]
931 [0,0,0,0,1,1][0,0,0,1,0,1][0,1,1,1,1,0][1,1,1,1,1,1][2,1,1,2,2,2][2,1,1,2,2,2]
932 [0,0,0,0,1,1][0,0,0,1,0,1][0,1,1,1,1,0][1,1,1,1,1,1][2,1,1,2,3,3][2,1,1,2,3,3]
933 [0,0,0,0,1,1][0,0,0,1,0,1][0,1,1,1,1,0][1,1,1,1,1,1][2,1,1,3,3,2][2,1,1,3,3,2]
934 [0,0,0,0,1,1][0,0,0,1,0,1][0,1,1,1,1,0][1,1,1,1,1,1][3,1,1,2,2,3][3,1,1,2,2,3]
935 [0,0,0,0,1,1][0,0,0,1,0,1][0,1,1,1,1,0][1,1,1,1,1,1][3,1,1,2,3,2][3,1,1,2,3,2]
936 [0,0,0,0,1,1][0,0,0,1,0,1][0,1,1,1,1,0][1,1,1,1,1,1][3,1,1,3,3,3][3,1,1,3,3,3]
998 [0,0,0,0,1,1][0,0,1,1,0,0][0,0,1,1,1,1][0,0,1,1,1,1][0,0,2,2,2,2][0,0,2,2,2,2]
999 [0,0,0,0,1,1][0,0,1,1,0,0][0,0,1,1,1,1][0,0,1,1,1,1][0,0,2,2,3,3][0,0,2,2,3,3]
1000 [0,0,0,0,1,1][0,0,1,1,0,0][0,0,1,1,1,1][0,0,1,1,1,1][0,0,2,3,2,3][0,0,2,3,2,3]
1001 [0,0,0,0,1,1][0,0,1,1,0,0][0,0,1,1,1,1][0,0,1,1,1,1][0,0,3,3,3,3][0,0,3,3,3,3]
1002 [0,0,0,0,1,1][0,0,1,1,0,0][0,0,1,1,1,1][0,0,1,1,1,1][1,1,2,2,2,2][1,1,2,2,2,2]
1003 [0,0,0,0,1,1][0,0,1,1,0,0][0,0,1,1,1,1][0,0,1,1,1,1][1,1,2,2,3,3][1,1,2,2,3,3]
1004 [0,0,0,0,1,1][0,0,1,1,0,0][0,0,1,1,1,1][0,0,1,1,1,1][1,1,2,3,2,3][1,1,2,3,2,3]
1005 [0,0,0,0,1,1][0,0,1,1,0,0][0,0,1,1,1,1][0,0,1,1,1,1][1,1,3,3,3,3][1,1,3,3,3,3]
1006 [0,0,0,0,1,1][0,0,1,1,0,0][0,0,1,1,1,1][1,1,0,0,1,1][2,2,1,1,2,2][2,2,1,1,2,2]
1007 [0,0,0,0,1,1][0,0,1,1,0,0][0,0,1,1,1,1][1,1,0,0,1,1][2,2,1,1,3,3][2,2,1,1,3,3]
1008 [0,0,0,0,1,1][0,0,1,1,0,0][0,0,1,1,1,1][1,1,0,0,1,1][2,3,1,1,2,3][2,3,1,1,2,3]
1009 [0,0,0,0,1,1][0,0,1,1,0,0][0,0,1,1,1,1][1,1,0,0,1,1][3,3,1,1,2,2][3,3,1,1,2,2]
1010 [0,0,0,0,1,1][0,0,1,1,0,0][0,0,1,1,1,1][1,1,0,0,1,1][3,3,1,1,3,3][3,3,1,1,3,3]
1011 [0,0,0,0,1,1][0,0,1,1,0,0][0,0,2,2,2,2][0,0,2,2,2,2][1,1,0,0,0,0][1,1,0,0,0,0]
1012 [0,0,0,0,1,1][0,0,1,1,0,0][0,0,2,2,2,2][0,0,2,2,2,2][1,1,0,0,1,1][1,1,0,0,1,1]
1013 [0,0,0,0,1,1][0,0,1,1,0,0][0,0,2,2,2,2][0,0,2,2,2,2][1,1,0,1,0,1][1,1,0,1,0,1]
1014 [0,0,0,0,1,1][0,0,1,1,0,0][0,0,2,2,2,2][0,0,2,2,2,2][1,1,1,1,1,1][1,1,1,1,1,1]
1015 [0,0,0,0,1,1][0,0,1,1,0,0][0,0,2,2,3,3][0,0,2,2,3,3][1,1,0,0,0,0][1,1,0,0,0,0]
1016 [0,0,0,0,1,1][0,0,1,1,0,0][0,0,2,2,3,3][0,0,2,2,3,3][1,1,0,0,1,1][1,1,0,0,1,1]
1017 [0,0,0,0,1,1][0,0,1,1,0,0][0,0,2,2,3,3][0,0,2,2,3,3][1,1,0,1,0,1][1,1,0,1,0,1]
1018 [0,0,0,0,1,1][0,0,1,1,0,0][0,0,2,2,3,3][0,0,2,2,3,3][1,1,1,1,0,0][1,1,1,1,0,0]
1019 [0,0,0,0,1,1][0,0,1,1,0,0][0,0,2,2,3,3][0,0,2,2,3,3][1,1,1,1,1,1][1,1,1,1,1,1]
1020 [0,0,0,0,1,1][0,0,1,1,0,0][0,0,2,3,2,3][0,0,2,3,2,3][1,1,0,0,0,0][1,1,0,0,0,0]
1021 [0,0,0,0,1,1][0,0,1,1,0,0][0,0,2,3,2,3][0,0,2,3,2,3][1,1,0,0,1,1][1,1,0,0,1,1]
1022 [0,0,0,0,1,1][0,0,1,1,0,0][0,0,2,3,2,3][0,0,2,3,2,3][1,1,0,1,0,1][1,1,0,1,0,1]
1023 [0,0,0,0,1,1][0,0,1,1,0,0][0,0,2,3,2,3][0,0,2,3,2,3][1,1,0,1,1,0][1,1,0,1,1,0]
1024 [0,0,0,0,1,1][0,0,1,1,0,0][0,0,2,3,2,3][0,0,2,3,2,3][1,1,1,0,1,0][1,1,1,0,1,0]
1025 [0,0,0,0,1,1][0,0,1,1,0,0][0,0,2,3,2,3][0,0,2,3,2,3][1,1,1,1,1,1][1,1,1,1,1,1]
1026 [0,0,0,0,1,1][0,0,1,1,0,0][0,0,3,3,3,3][0,0,3,3,3,3][1,1,0,0,0,0][1,1,0,0,0,0]
1027 [0,0,0,0,1,1][0,0,1,1,0,0][0,0,3,3,3,3][0,0,3,3,3,3][1,1,0,0,1,1][1,1,0,0,1,1]
1028 [0,0,0,0,1,1][0,0,1,1,0,0][0,0,3,3,3,3][0,0,3,3,3,3][1,1,0,1,0,1][1,1,0,1,0,1]
1029 [0,0,0,0,1,1][0,0,1,1,0,0][0,0,3,3,3,3][0,0,3,3,3,3][1,1,1,1,1,1][1,1,1,1,1,1]
1030 [0,0,0,0,1,1][0,0,1,1,0,0][0,1,0,1,0,0][1,0,0,1,1,1][2,2,2,2,1,1][2,2,2,2,1,1]
1031 [0,0,0,0,1,1][0,0,1,1,0,0][0,1,0,1,0,0][1,0,0,1,1,1][2,2,3,3,1,1][2,2,3,3,1,1]
1032 [0,0,0,0,1,1][0,0,1,1,0,0][0,1,0,1,0,0][1,0,0,1,1,1][2,3,3,2,1,1][2,3,3,2,1,1]
1033 [0,0,0,0,1,1][0,0,1,1,0,0][0,1,0,1,0,0][1,0,0,1,1,1][3,3,3,3,1,1][3,3,3,3,1,1]
1038 [0,0,0,0,1,1][0,0,1,1,0,0][0,1,0,1,1,1][1,0,0,1,0,0][2,3,3,2,1,1][2,3,3,2,1,1]
1049 [0,0,0,0,1,1][0,0,1,1,0,0][1,1,1,1,1,1][1,1,1,1,1,1][1,1,2,2,2,2][1,1,2,2,2,2]
1050 [0,0,0,0,1,1][0,0,1,1,0,0][1,1,1,1,1,1][1,1,1,1,1,1][1,1,2,2,3,3][1,1,2,2,3,3]
1051 [0,0,0,0,1,1][0,0,1,1,0,0][1,1,1,1,1,1][1,1,1,1,1,1][1,1,2,3,2,3][1,1,2,3,2,3]
1052 [0,0,0,0,1,1][0,0,1,1,0,0][1,1,1,1,1,1][1,1,1,1,1,1][1,1,3,3,3,3][1,1,3,3,3,3]
1071 [0,0,0,0,1,1][0,0,1,1,1,1][0,0,1,1,1,1][1,1,0,0,0,0][2,2,1,1,2,2][2,2,1,1,2,2]
1072 [0,0,0,0,1,1][0,0,1,1,1,1][0,0,1,1,1,1][1,1,0,0,0,0][2,2,1,1,3,3][2,2,1,1,3,3]
1073 [0,0,0,0,1,1][0,0,1,1,1,1][0,0,1,1,1,1][1,1,0,0,0,0][2,3,1,1,2,3][2,3,1,1,2,3]
1074 [0,0,0,0,1,1][0,0,1,1,1,1][0,0,1,1,1,1][1,1,0,0,0,0][3,3,1,1,2,2][3,3,1,1,2,2]
1075 [0,0,0,0,1,1][0,0,1,1,1,1][0,0,1,1,1,1][1,1,0,0,0,0][3,3,1,1,3,3][3,3,1,1,3,3]
1078 [0,0,0,0,1,1][0,0,1,1,1,1][0,0,1,1,1,1][1,1,1,1,1,1][2,2,2,2,0,0][2,2,2,2,0,0]
1079 [0,0,0,0,1,1][0,0,1,1,1,1][0,0,1,1,1,1][1,1,1,1,1,1][2,2,2,2,1,1][2,2,2,2,1,1]
1080 [0,0,0,0,1,1][0,0,1,1,1,1][0,0,1,1,1,1][1,1,1,1,1,1][2,2,3,3,0,0][2,2,3,3,0,0]
1081 [0,0,0,0,1,1][0,0,1,1,1,1][0,0,1,1,1,1][1,1,1,1,1,1][2,2,3,3,1,1][2,2,3,3,1,1]
1082 [0,0,0,0,1,1][0,0,1,1,1,1][0,0,1,1,1,1][1,1,1,1,1,1][2,3,2,3,0,0][2,3,2,3,0,0]
1083 [0,0,0,0,1,1][0,0,1,1,1,1][0,0,1,1,1,1][1,1,1,1,1,1][2,3,2,3,1,1][2,3,2,3,1,1]
1084 [0,0,0,0,1,1][0,0,1,1,1,1][0,0,1,1,1,1][1,1,1,1,1,1][3,3,2,2,0,0][3,3,2,2,0,0]
1085 [0,0,0,0,1,1][0,0,1,1,1,1][0,0,1,1,1,1][1,1,1,1,1,1][3,3,2,2,1,1][3,3,2,2,1,1]
1086 [0,0,0,0,1,1][0,0,1,1,1,1][0,0,1,1,1,1][1,1,1,1,1,1][3,3,3,3,0,0][3,3,3,3,0,0]
1087 [0,0,0,0,1,1][0,0,1,1,1,1][0,0,1,1,1,1][1,1,1,1,1,1][3,3,3,3,1,1][3,3,3,3,1,1]
1092 [0,0,0,0,1,1][0,0,1,1,1,1][0,0,2,2,2,2][0,0,2,2,2,2][1,1,0,0,0,0][1,1,0,0,1,1]
1093 [0,0,0,0,1,1][0,0,1,1,1,1][0,0,2,2,2,2][0,0,2,2,2,2][1,1,0,1,0,1][1,1,0,1,1,0]
1094 [0,0,0,0,1,1][0,0,1,1,1,1][0,0,2,2,2,2][0,0,2,2,2,2][1,1,1,1,0,0][1,1,1,1,1,1]
1099 [0,0,0,0,1,1][0,0,1,1,1,1][0,0,2,2,3,3][0,0,2,2,3,3][1,1,0,0,0,0][1,1,0,0,1,1]
1100 [0,0,0,0,1,1][0,0,1,1,1,1][0,0,2,2,3,3][0,0,2,2,3,3][1,1,0,1,0,1][1,1,0,1,1,0]
1101 [0,0,0,0,1,1][0,0,1,1,1,1][0,0,2,2,3,3][0,0,2,2,3,3][1,1,1,1,0,0][1,1,1,1,1,1]
1102 [0,0,0,0,1,1][0,0,1,1,1,1][0,0,2,3,2,3][0,0,2,3,2,3][1,1,0,0,0,0][1,1,0,0,1,1]
1103 [0,0,0,0,1,1][0,0,1,1,1,1][0,0,2,3,2,3][0,0,2,3,2,3][1,1,0,1,0,1][1,1,0,1,1,0]
1106 [0,0,0,0,1,1][0,0,1,1,1,1][0,0,2,3,2,3][0,0,2,3,2,3][1,1,1,0,0,1][1,1,1,0,1,0]
1109 [0,0,0,0,1,1][0,0,1,1,1,1][0,0,2,3,2,3][0,0,2,3,2,3][1,1,1,1,0,0][1,1,1,1,1,1]
1114 [0,0,0,0,1,1][0,0,1,1,1,1][0,0,3,3,2,2][0,0,3,3,2,2][1,1,0,0,0,0][1,1,0,0,1,1]
1115 [0,0,0,0,1,1][0,0,1,1,1,1][0,0,3,3,2,2][0,0,3,3,2,2][1,1,0,1,0,1][1,1,0,1,1,0]
1116 [0,0,0,0,1,1][0,0,1,1,1,1][0,0,3,3,2,2][0,0,3,3,2,2][1,1,1,1,0,0][1,1,1,1,1,1]
1121 [0,0,0,0,1,1][0,0,1,1,1,1][0,0,3,3,3,3][0,0,3,3,3,3][1,1,0,0,0,0][1,1,0,0,1,1]
1122 [0,0,0,0,1,1][0,0,1,1,1,1][0,0,3,3,3,3][0,0,3,3,3,3][1,1,0,1,0,1][1,1,0,1,1,0]
1123 [0,0,0,0,1,1][0,0,1,1,1,1][0,0,3,3,3,3][0,0,3,3,3,3][1,1,1,1,0,0][1,1,1,1,1,1]
1124 [0,0,0,0,1,1][0,0,1,1,1,1][0,1,0,0,0,1][1,0,1,1,1,0][2,2,1,1,2,2][2,2,1,1,2,2]
1125 [0,0,0,0,1,1][0,0,1,1,1,1][0,1,0,0,0,1][1,0,1,1,1,0][2,2,1,1,3,3][2,2,1,1,3,3]
1126 [0,0,0,0,1,1][0,0,1,1,1,1][0,1,0,0,0,1][1,0,1,1,1,0][2,3,1,1,2,3][2,3,1,1,2,3]
1127 [0,0,0,0,1,1][0,0,1,1,1,1][0,1,0,0,0,1][1,0,1,1,1,0][2,3,1,1,3,2][2,3,1,1,3,2]
1128 [0,0,0,0,1,1][0,0,1,1,1,1][0,1,0,0,0,1][1,0,1,1,1,0][3,3,1,1,2,2][3,3,1,1,2,2]
1129 [0,0,0,0,1,1][0,0,1,1,1,1][0,1,0,0,0,1][1,0,1,1,1,0][3,3,1,1,3,3][3,3,1,1,3,3]
1132 [0,0,0,0,1,1][0,0,1,1,1,1][0,1,0,1,0,0][1,0,0,1,0,0][2,2,3,3,1,1][2,2,3,3,1,1]
1133 [0,0,0,0,1,1][0,0,1,1,1,1][0,1,0,1,1,1][1,0,0,1,1,1][2,2,2,2,0,0][2,2,2,2,0,0]
1134 [0,0,0,0,1,1][0,0,1,1,1,1][0,1,0,1,1,1][1,0,0,1,1,1][2,2,2,2,1,1][2,2,2,2,1,1]
1135 [0,0,0,0,1,1][0,0,1,1,1,1][0,1,0,1,1,1][1,0,0,1,1,1][2,2,3,3,0,0][2,2,3,3,0,0]
1136 [0,0,0,0,1,1][0,0,1,1,1,1][0,1,0,1,1,1][1,0,0,1,1,1][2,2,3,3,1,1][2,2,3,3,1,1]
1137 [0,0,0,0,1,1][0,0,1,1,1,1][0,1,0,1,1,1][1,0,0,1,1,1][2,3,3,2,0,0][2,3,3,2,0,0]
1138 [0,0,0,0,1,1][0,0,1,1,1,1][0,1,0,1,1,1][1,0,0,1,1,1][2,3,3,2,1,1][2,3,3,2,1,1]
1139 [0,0,0,0,1,1][0,0,1,1,1,1][0,1,0,1,1,1][1,0,0,1,1,1][3,3,3,3,0,0][3,3,3,3,0,0]
1140 [0,0,0,0,1,1][0,0,1,1,1,1][0,1,0,1,1,1][1,0,0,1,1,1][3,3,3,3,1,1][3,3,3,3,1,1]
1147 [0,0,0,0,1,1][0,0,1,1,1,1][0,1,1,1,0,1][1,0,0,0,1,0][2,3,1,1,2,3][2,3,1,1,2,3]
1148 [0,0,0,0,1,1][0,0,1,1,1,1][0,1,1,1,0,1][1,0,0,0,1,0][2,3,1,1,3,2][2,3,1,1,3,2]
1169 [0,0,0,0,1,1][0,0,1,1,1,1][1,1,1,1,0,0][1,1,1,1,1,1][1,1,2,2,2,2][1,1,2,2,2,2]
1170 [0,0,0,0,1,1][0,0,1,1,1,1][1,1,1,1,0,0][1,1,1,1,1,1][1,1,2,2,3,3][1,1,2,2,3,3]
1171 [0,0,0,0,1,1][0,0,1,1,1,1][1,1,1,1,0,0][1,1,1,1,1,1][1,1,2,3,2,3][1,1,2,3,2,3]
1172 [0,0,0,0,1,1][0,0,1,1,1,1][1,1,1,1,0,0][1,1,1,1,1,1][1,1,3,3,2,2][1,1,3,3,2,2]
1173 [0,0,0,0,1,1][0,0,1,1,1,1][1,1,1,1,0,0][1,1,1,1,1,1][1,1,3,3,3,3][1,1,3,3,3,3]
1236 [0,0,0,0,1,1][0,1,1,1,0,1][0,1,1,1,1,0][1,0,0,1,1,1][2,1,1,2,2,2][2,1,1,2,2,2]
1237 [0,0,0,0,1,1][0,1,1,1,0,1][0,1,1,1,1,0][1,0,0,1,1,1][2,1,1,2,3,3][2,1,1,2,3,3]
1238 [0,0,0,0,1,1][0,1,1,1,0,1][0,1,1,1,1,0][1,0,0,1,1,1][2,1,1,3,2,3][2,1,1,3,2,3]
1239 [0,0,0,0,1,1][0,1,1,1,0,1][0,1,1,1,1,0][1,0,0,1,1,1][3,1,1,2,2,3][3,1,1,2,2,3]
1240 [0,0,0,0,1,1][0,1,1,1,0,1][0,1,1,1,1,0][1,0,0,1,1,1][3,1,1,3,2,2][3,1,1,3,2,2]
1241 [0,0,0,0,1,1][0,1,1,1,0,1][0,1,1,1,1,0][1,0,0,1,1,1][3,1,1,3,3,3][3,1,1,3,3,3]
1271 [0,0,0,0,1,1][1,1,1,1,1,1][1,1,1,1,1,1][1,1,1,1,1,1][2,2,2,2,1,1][2,2,2,2,1,1]
1272 [0,0,0,0,1,1][1,1,1,1,1,1][1,1,1,1,1,1][1,1,1,1,1,1][2,2,3,3,1,1][2,2,3,3,1,1]
1273 [0,0,0,0,1,1][1,1,1,1,1,1][1,1,1,1,1,1][1,1,1,1,1,1][3,3,3,3,1,1][3,3,3,3,1,1]
1289 [0,0,0,1,2,2][0,0,0,1,2,2][0,0,0,1,2,2][0,0,0,1,2,2][0,0,1,1,0,0][0,0,1,1,0,0]
1290 [0,0,0,1,2,2][0,0,0,1,2,2][0,0,0,1,2,2][0,0,0,1,2,2][0,0,1,1,1,1][0,0,1,1,1,1]
1291 [0,0,0,1,2,2][0,0,0,1,2,2][0,0,0,1,2,2][0,0,0,1,2,2][0,1,1,0,0,0][0,1,1,0,0,0]
1292 [0,0,0,1,2,2][0,0,0,1,2,2][0,0,0,1,2,2][0,0,0,1,2,2][0,1,1,0,1,1][0,1,1,0,1,1]
1293 [0,0,0,1,2,2][0,0,0,1,2,2][0,0,0,1,2,2][0,0,0,1,2,2][1,1,1,1,0,0][1,1,1,1,0,0]
1294 [0,0,0,1,2,2][0,0,0,1,2,2][0,0,0,1,2,2][0,0,0,1,2,2][1,1,1,1,1,1][1,1,1,1,1,1]
1295 [0,0,0,1,2,2][0,0,0,1,2,2][0,0,0,1,3,3][0,0,0,1,3,3][0,0,1,1,0,0][0,0,1,1,0,0]
1296 [0,0,0,1,2,2][0,0,0,1,2,2][0,0,0,1,3,3][0,0,0,1,3,3][0,0,1,1,1,1][0,0,1,1,1,1]
1297 [0,0,0,1,2,2][0,0,0,1,2,2][0,0,0,1,3,3][0,0,0,1,3,3][0,1,1,0,0,0][0,1,1,0,0,0]
1298 [0,0,0,1,2,2][0,0,0,1,2,2][0,0,0,1,3,3][0,0,0,1,3,3][0,1,1,0,1,1][0,1,1,0,1,1]
1299 [0,0,0,1,2,2][0,0,0,1,2,2][0,0,0,1,3,3][0,0,0,1,3,3][1,1,1,1,0,0][1,1,1,1,0,0]
1300 [0,0,0,1,2,2][0,0,0,1,2,2][0,0,0,1,3,3][0,0,0,1,3,3][1,1,1,1,1,1][1,1,1,1,1,1]
1301 [0,0,0,1,2,2][0,0,0,1,2,2][0,0,1,0,2,2][0,0,1,0,2,2][0,0,1,1,0,0][0,0,1,1,0,0]
1302 [0,0,0,1,2,2][0,0,0,1,2,2][0,0,1,0,2,2][0,0,1,0,2,2][0,0,1,1,1,1][0,0,1,1,1,1]
1303 [0,0,0,1,2,2][0,0,0,1,2,2][0,0,1,0,2,2][0,0,1,0,2,2][0,1,0,1,0,0][0,1,0,1,0,0]
1304 [0,0,0,1,2,2][0,0,0,1,2,2][0,0,1,0,2,2][0,0,1,0,2,2][0,1,0,1,1,1][0,1,0,1,1,1]
1305 [0,0,0,1,2,2][0,0,0,1,2,2][0,0,1,0,2,2][0,0,1,0,2,2][1,1,0,0,0,0][1,1,0,0,0,0]
1306 [0,0,0,1,2,2][0,0,0,1,2,2][0,0,1,0,2,2][0,0,1,0,2,2][1,1,0,0,1,1][1,1,0,0,1,1]
1307 [0,0,0,1,2,2][0,0,0,1,2,2][0,0,1,0,2,2][0,0,1,0,2,2][1,1,1,1,0,0][1,1,1,1,0,0]
1308 [0,0,0,1,2,2][0,0,0,1,2,2][0,0,1,0,2,2][0,0,1,0,2,2][1,1,1,1,1,1][1,1,1,1,1,1]
1309 [0,0,0,1,2,2][0,0,0,1,2,2][0,0,1,0,3,3][0,0,1,0,3,3][0,0,1,1,0,0][0,0,1,1,0,0]
1310 [0,0,0,1,2,2][0,0,0,1,2,2][0,0,1,0,3,3][0,0,1,0,3,3][0,0,1,1,1,1][0,0,1,1,1,1]
1311 [0,0,0,1,2,2][0,0,0,1,2,2][0,0,1,0,3,3][0,0,1,0,3,3][0,1,0,1,0,0][0,1,0,1,0,0]
1312 [0,0,0,1,2,2][0,0,0,1,2,2][0,0,1,0,3,3][0,0,1,0,3,3][0,1,0,1,1,1][0,1,0,1,1,1]
1313 [0,0,0,1,2,2][0,0,0,1,2,2][0,0,1,0,3,3][0,0,1,0,3,3][1,1,0,0,0,0][1,1,0,0,0,0]
1314 [0,0,0,1,2,2][0,0,0,1,2,2][0,0,1,0,3,3][0,0,1,0,3,3][1,1,0,0,1,1][1,1,0,0,1,1]
1315 [0,0,0,1,2,2][0,0,0,1,2,2][0,0,1,0,3,3][0,0,1,0,3,3][1,1,1,1,0,0][1,1,1,1,0,0]
1316 [0,0,0,1,2,2][0,0,0,1,2,2][0,0,1,0,3,3][0,0,1,0,3,3][1,1,1,1,1,1][1,1,1,1,1,1]
1319 [0,0,0,1,2,2][0,0,0,1,2,2][0,0,1,1,0,0][0,0,1,1,0,0][0,1,1,1,2,2][0,1,1,1,2,2]
1320 [0,0,0,1,2,2][0,0,0,1,2,2][0,0,1,1,0,0][0,0,1,1,0,0][0,1,1,1,3,3][0,1,1,1,3,3]
1322 [0,0,0,1,2,2][0,0,0,1,2,2][0,0,1,1,0,0][0,0,1,1,0,0][1,1,0,1,2,2][1,1,0,1,2,2]
1323 [0,0,0,1,2,2][0,0,0,1,2,2][0,0,1,1,0,0][0,0,1,1,0,0][1,1,0,1,3,3][1,1,0,1,3,3]
1324 [0,0,0,1,2,2][0,0,0,1,2,2][0,0,1,1,0,0][0,0,1,1,0,0][1,1,1,0,2,2][1,1,1,0,2,2]
1325 [0,0,0,1,2,2][0,0,0,1,2,2][0,0,1,1,0,0][0,0,1,1,0,0][1,1,1,0,3,3][1,1,1,0,3,3]
1352 [0,0,0,1,2,2][0,0,0,1,2,2][0,0,1,1,1,1][0,0,1,1,1,1][0,1,1,1,2,2][0,1,1,1,2,2]
1353 [0,0,0,1,2,2][0,0,0,1,2,2][0,0,1,1,1,1][0,0,1,1,1,1][0,1,1,1,3,3][0,1,1,1,3,3]
1355 [0,0,0,1,2,2][0,0,0,1,2,2][0,0,1,1,1,1][0,0,1,1,1,1][1,1,0,1,2,2][1,1,0,1,2,2]
1356 [0,0,0,1,2,2][0,0,0,1,2,2][0,0,1,1,1,1][0,0,1,1,1,1][1,1,0,1,3,3][1,1,0,1,3,3]
1357 [0,0,0,1,2,2][0,0,0,1,2,2][0,0,1,1,1,1][0,0,1,1,1,1][1,1,1,0,2,2][1,1,1,0,2,2]
1358 [0,0,0,1,2,2][0,0,0,1,2,2][0,0,1,1,1,1][0,0,1,1,1,1][1,1,1,0,3,3][1,1,1,0,3,3]
1392 [0,0,0,1,2,2][0,0,0,1,2,2][0,1,1,0,0,0][0,1,1,0,0,0][0,1,1,1,2,2][0,1,1,1,2,2]
1393 [0,0,0,1,2,2][0,0,0,1,2,2][0,1,1,0,0,0][0,1,1,0,0,0][0,1,1,1,3,3][0,1,1,1,3,3]
1394 [0,0,0,1,2,2][0,0,0,1,2,2][0,1,1,0,0,0][0,1,1,0,0,0][1,0,1,1,2,2][1,0,1,1,2,2]
1395 [0,0,0,1,2,2][0,0,0,1,2,2][0,1,1,0,0,0][0,1,1,0,0,0][1,0,1,1,3,3][1,0,1,1,3,3]
1403 [0,0,0,1,2,2][0,0,0,1,2,2][0,1,1,0,1,1][0,1,1,0,1,1][0,1,1,1,2,2][0,1,1,1,2,2]
1404 [0,0,0,1,2,2][0,0,0,1,2,2][0,1,1,0,1,1][0,1,1,0,1,1][0,1,1,1,3,3][0,1,1,1,3,3]
1405 [0,0,0,1,2,2][0,0,0,1,2,2][0,1,1,0,1,1][0,1,1,0,1,1][1,0,1,1,2,2][1,0,1,1,2,2]
1406 [0,0,0,1,2,2][0,0,0,1,2,2][0,1,1,0,1,1][0,1,1,0,1,1][1,0,1,1,3,3][1,0,1,1,3,3]
1411 [0,0,0,1,2,2][0,0,0,1,2,2][0,1,1,1,2,2][0,1,1,1,2,2][1,1,1,1,0,0][1,1,1,1,0,0]
1412 [0,0,0,1,2,2][0,0,0,1,2,2][0,1,1,1,2,2][0,1,1,1,2,2][1,1,1,1,1,1][1,1,1,1,1,1]
1413 [0,0,0,1,2,2][0,0,0,1,2,2][0,1,1,1,3,3][0,1,1,1,3,3][1,1,1,1,0,0][1,1,1,1,0,0]
1414 [0,0,0,1,2,2][0,0,0,1,2,2][0,1,1,1,3,3][0,1,1,1,3,3][1,1,1,1,1,1][1,1,1,1,1,1]
1432 [0,0,0,1,2,2][0,0,0,1,2,2][1,1,1,0,2,2][1,1,1,0,2,2][1,1,1,1,0,0][1,1,1,1,0,0]
1433 [0,0,0,1,2,2][0,0,0,1,2,2][1,1,1,0,2,2][1,1,1,0,2,2][1,1,1,1,1,1][1,1,1,1,1,1]
1434 [0,0,0,1,2,2][0,0,0,1,2,2][1,1,1,0,3,3][1,1,1,0,3,3][1,1,1,1,0,0][1,1,1,1,0,0]
1435 [0,0,0,1,2,2][0,0,0,1,2,2][1,1,1,0,3,3][1,1,1,0,3,3][1,1,1,1,1,1][1,1,1,1,1,1]
1456 [0,0,0,1,2,2][0,0,0,1,3,3][0,0,1,0,2,2][0,0,1,0,3,3][0,0,1,1,0,0][0,0,1,1,0,0]
1457 [0,0,0,1,2,2][0,0,0,1,3,3][0,0,1,0,2,2][0,0,1,0,3,3][0,0,1,1,1,1][0,0,1,1,1,1]
1458 [0,0,0,1,2,2][0,0,0,1,3,3][0,0,1,0,2,2][0,0,1,0,3,3][0,1,0,1,0,0][0,1,0,1,0,0]
1459 [0,0,0,1,2,2][0,0,0,1,3,3][0,0,1,0,2,2][0,0,1,0,3,3][0,1,0,1,1,1][0,1,0,1,1,1]
1460 [0,0,0,1,2,2][0,0,0,1,3,3][0,0,1,0,2,2][0,0,1,0,3,3][1,1,0,0,0,0][1,1,0,0,0,0]
1461 [0,0,0,1,2,2][0,0,0,1,3,3][0,0,1,0,2,2][0,0,1,0,3,3][1,1,0,0,1,1][1,1,0,0,1,1]
1462 [0,0,0,1,2,2][0,0,0,1,3,3][0,0,1,0,2,2][0,0,1,0,3,3][1,1,1,1,0,0][1,1,1,1,0,0]
1463 [0,0,0,1,2,2][0,0,0,1,3,3][0,0,1,0,2,2][0,0,1,0,3,3][1,1,1,1,1,1][1,1,1,1,1,1]
1464 [0,0,0,1,2,2][0,0,0,1,3,3][0,0,1,1,0,0][0,0,1,1,0,0][0,1,1,1,2,2][0,1,1,1,3,3]
1465 [0,0,0,1,2,2][0,0,0,1,3,3][0,0,1,1,0,0][0,0,1,1,0,0][1,1,0,1,2,2][1,1,0,1,3,3]
1466 [0,0,0,1,2,2][0,0,0,1,3,3][0,0,1,1,0,0][0,0,1,1,0,0][1,1,1,0,2,2][1,1,1,0,3,3]
1467 [0,0,0,1,2,2][0,0,0,1,3,3][0,0,1,1,1,1][0,0,1,1,1,1][0,1,1,1,2,2][0,1,1,1,3,3]
1468 [0,0,0,1,2,2][0,0,0,1,3,3][0,0,1,1,1,1][0,0,1,1,1,1][1,1,0,1,2,2][1,1,0,1,3,3]
1469 [0,0,0,1,2,2][0,0,0,1,3,3][0,0,1,1,1,1][0,0,1,1,1,1][1,1,1,0,2,2][1,1,1,0,3,3]
1476 [0,0,0,1,2,2][0,0,0,1,3,3][0,1,1,0,0,0][0,1,1,0,0,0][0,1,1,1,2,2][0,1,1,1,3,3]
1477 [0,0,0,1,2,2][0,0,0,1,3,3][0,1,1,0,0,0][0,1,1,0,0,0][1,0,1,1,2,2][1,0,1,1,3,3]
1478 [0,0,0,1,2,2][0,0,0,1,3,3][0,1,1,0,1,1][0,1,1,0,1,1][0,1,1,1,2,2][0,1,1,1,3,3]
1479 [0,0,0,1,2,2][0,0,0,1,3,3][0,1,1,0,1,1][0,1,1,0,1,1][1,0,1,1,2,2][1,0,1,1,3,3]
1480 [0,0,0,1,2,2][0,0,0,1,3,3][0,1,1,1,2,2][0,1,1,1,3,3][1,1,1,1,0,0][1,1,1,1,0,0]
1481 [0,0,0,1,2,2][0,0,0,1,3,3][0,1,1,1,2,2][0,1,1,1,3,3][1,1,1,1,1,1][1,1,1,1,1,1]
1486 [0,0,0,1,2,2][0,0,0,1,3,3][1,1,1,0,2,2][1,1,1,0,3,3][1,1,1,1,0,0][1,1,1,1,0,0]
1487 [0,0,0,1,2,2][0,0,0,1,3,3][1,1,1,0,2,2][1,1,1,0,3,3][1,1,1,1,1,1][1,1,1,1,1,1]
1495 [0,0,0,1,2,2][0,0,1,0,2,2][0,0,1,1,1,1][0,0,1,1,1,1][0,1,0,0,2,2][0,1,1,1,2,2]
1496 [0,0,0,1,2,2][0,0,1,0,2,2][0,0,1,1,1,1][0,0,1,1,1,1][0,1,0,0,3,3][0,1,1,1,3,3]
1497 [0,0,0,1,2,2][0,0,1,0,2,2][0,0,1,1,1,1][0,0,1,1,1,1][1,1,0,1,2,2][1,1,1,0,2,2]
1498 [0,0,0,1,2,2][0,0,1,0,2,2][0,0,1,1,1,1][0,0,1,1,1,1][1,1,0,1,3,3][1,1,1,0,3,3]
1504 [0,0,0,1,2,2][0,0,1,0,2,2][0,1,0,0,2,2][0,1,1,1,2,2][1,1,1,1,0,0][1,1,1,1,0,0]
1505 [0,0,0,1,2,2][0,0,1,0,2,2][0,1,0,0,2,2][0,1,1,1,2,2][1,1,1,1,1,1][1,1,1,1,1,1]
1506 [0,0,0,1,2,2][0,0,1,0,2,2][0,1,0,0,3,3][0,1,1,1,3,3][1,1,1,1,0,0][1,1,1,1,0,0]
1507 [0,0,0,1,2,2][0,0,1,0,2,2][0,1,0,0,3,3][0,1,1,1,3,3][1,1,1,1,1,1][1,1,1,1,1,1]
1508 [0,0,0,1,2,2][0,0,1,0,2,2][1,1,0,1,2,2][1,1,1,0,2,2][1,1,1,1,0,0][1,1,1,1,0,0]
1509 [0,0,0,1,2,2][0,0,1,0,2,2][1,1,0,1,2,2][1,1,1,0,2,2][1,1,1,1,1,1][1,1,1,1,1,1]
1510 [0,0,0,1,2,2][0,0,1,0,2,2][1,1,0,1,3,3][1,1,1,0,3,3][1,1,1,1,0,0][1,1,1,1,0,0]
1511 [0,0,0,1,2,2][0,0,1,0,2,2][1,1,0,1,3,3][1,1,1,0,3,3][1,1,1,1,1,1][1,1,1,1,1,1]
1515 [0,0,0,1,2,2][0,0,1,0,3,3][0,0,1,1,1,1][0,0,1,1,1,1][0,1,0,0,2,2][0,1,1,1,3,3]
1516 [0,0,0,1,2,2][0,0,1,0,3,3][0,0,1,1,1,1][0,0,1,1,1,1][0,1,0,0,3,3][0,1,1,1,2,2]
1517 [0,0,0,1,2,2][0,0,1,0,3,3][0,0,1,1,1,1][0,0,1,1,1,1][1,1,0,1,2,2][1,1,1,0,3,3]
1518 [0,0,0,1,2,2][0,0,1,0,3,3][0,0,1,1,1,1][0,0,1,1,1,1][1,1,0,1,3,3][1,1,1,0,2,2]
1524 [0,0,0,1,2,2][0,0,1,0,3,3][0,1,0,0,3,3][0,1,1,1,2,2][1,1,1,1,0,0][1,1,1,1,0,0]
1525 [0,0,0,1,2,2][0,0,1,0,3,3][0,1,0,0,3,3][0,1,1,1,2,2][1,1,1,1,1,1][1,1,1,1,1,1]
1526 [0,0,0,1,2,2][0,0,1,0,3,3][1,1,0,1,2,2][1,1,1,0,3,3][1,1,1,1,0,0][1,1,1,1,0,0]
1527 [0,0,0,1,2,2][0,0,1,0,3,3][1,1,0,1,2,2][1,1,1,0,3,3][1,1,1,1,1,1][1,1,1,1,1,1]
1528 [0,0,0,1,2,2][0,0,1,0,3,3][1,1,0,1,3,3][1,1,1,0,2,2][1,1,1,1,0,0][1,1,1,1,0,0]
1529 [0,0,0,1,2,2][0,0,1,0,3,3][1,1,0,1,3,3][1,1,1,0,2,2][1,1,1,1,1,1][1,1,1,1,1,1]
1532 [0,0,0,1,2,2][0,0,1,1,1,1][0,0,1,1,1,1][0,1,0,0,2,2][1,0,0,0,2,2][1,1,0,1,2,2]
1533 [0,0,0,1,2,2][0,0,1,1,1,1][0,0,1,1,1,1][0,1,0,0,2,2][1,0,0,0,3,3][1,1,0,1,3,3]
1534 [0,0,0,1,2,2][0,0,1,1,1,1][0,0,1,1,1,1][0,1,0,0,2,2][1,0,1,1,2,2][1,1,1,0,2,2]
1535 [0,0,0,1,2,2][0,0,1,1,1,1][0,0,1,1,1,1][0,1,0,0,2,2][1,0,1,1,3,3][1,1,1,0,3,3]
1536 [0,0,0,1,2,2][0,0,1,1,1,1][0,0,1,1,1,1][0,1,0,0,3,3][1,0,0,0,3,3][1,1,0,1,2,2]
1537 [0,0,0,1,2,2][0,0,1,1,1,1][0,0,1,1,1,1][0,1,0,0,3,3][1,0,1,1,2,2][1,1,1,0,3,3]
1538 [0,0,0,1,2,2][0,0,1,1,1,1][0,0,1,1,1,1][0,1,0,0,3,3][1,0,1,1,3,3][1,1,1,0,2,2]
1539 [0,0,0,1,2,2][0,0,1,1,1,1][0,0,1,1,1,1][0,1,1,1,2,2][1,0,1,1,2,2][1,1,0,1,2,2]
1540 [0,0,0,1,2,2][0,0,1,1,1,1][0,0,1,1,1,1][0,1,1,1,2,2][1,0,1,1,3,3][1,1,0,1,3,3]
1541 [0,0,0,1,2,2][0,0,1,1,1,1][0,0,1,1,1,1][0,1,1,1,3,3][1,0,1,1,3,3][1,1,0,1,2,2]
1549 [0,0,0,1,2,2][0,1,1,1,2,2][1,0,1,1,2,2][1,1,0,1,2,2][1,1,1,1,0,0][1,1,1,1,0,0]
1550 [0,0,0,1,2,2][0,1,1,1,2,2][1,0,1,1,2,2][1,1,0,1,2,2][1,1,1,1,1,1][1,1,1,1,1,1]
1551 [0,0,0,1,2,2][0,1,1,1,2,2][1,0,1,1,3,3][1,1,0,1,3,3][1,1,1,1,0,0][1,1,1,1,0,0]
1552 [0,0,0,1,2,2][0,1,1,1,2,2][1,0,1,1,3,3][1,1,0,1,3,3][1,1,1,1,1,1][1,1,1,1,1,1]
1558 [0,0,0,1,3,3][0,0,0,1,3,3][0,0,0,1,3,3][0,0,0,1,3,3][0,0,1,1,0,0][0,0,1,1,0,0]
1559 [0,0,0,1,3,3][0,0,0,1,3,3][0,0,0,1,3,3][0,0,0,1,3,3][0,0,1,1,1,1][0,0,1,1,1,1]
1560 [0,0,0,1,3,3][0,0,0,1,3,3][0,0,0,1,3,3][0,0,0,1,3,3][0,1,1,0,0,0][0,1,1,0,0,0]
1561 [0,0,0,1,3,3][0,0,0,1,3,3][0,0,0,1,3,3][0,0,0,1,3,3][0,1,1,0,1,1][0,1,1,0,1,1]
1562 [0,0,0,1,3,3][0,0,0,1,3,3][0,0,0,1,3,3][0,0,0,1,3,3][1,1,1,1,0,0][1,1,1,1,0,0]
1563 [0,0,0,1,3,3][0,0,0,1,3,3][0,0,0,1,3,3][0,0,0,1,3,3][1,1,1,1,1,1][1,1,1,1,1,1]
1564 [0,0,0,1,3,3][0,0,0,1,3,3][0,0,1,0,2,2][0,0,1,0,2,2][0,1,0,1,0,0][0,1,0,1,0,0]
1565 [0,0,0,1,3,3][0,0,0,1,3,3][0,0,1,0,2,2][0,0,1,0,2,2][0,1,0,1,1,1][0,1,0,1,1,1]
1566 [0,0,0,1,3,3][0,0,0,1,3,3][0,0,1,0,3,3][0,0,1,0,3,3][0,0,1,1,0,0][0,0,1,1,0,0]
1567 [0,0,0,1,3,3][0,0,0,1,3,3][0,0,1,0,3,3][0,0,1,0,3,3][0,0,1,1,1,1][0,0,1,1,1,1]
1568 [0,0,0,1,3,3][0,0,0,1,3,3][0,0,1,0,3,3][0,0,1,0,3,3][0,1,0,1,0,0][0,1,0,1,0,0]
1569 [0,0,0,1,3,3][0,0,0,1,3,3][0,0,1,0,3,3][0,0,1,0,3,3][0,1,0,1,1,1][0,1,0,1,1,1]
1570 [0,0,0,1,3,3][0,0,0,1,3,3][0,0,1,0,3,3][0,0,1,0,3,3][1,1,0,0,0,0][1,1,0,0,0,0]
1571 [0,0,0,1,3,3][0,0,0,1,3,3][0,0,1,0,3,3][0,0,1,0,3,3][1,1,0,0,1,1][1,1,0,0,1,1]
1572 [0,0,0,1,3,3][0,0,0,1,3,3][0,0,1,0,3,3][0,0,1,0,3,3][1,1,1,1,0,0][1,1,1,1,0,0]
1573 [0,0,0,1,3,3][0,0,0,1,3,3][0,0,1,0,3,3][0,0,1,0,3,3][1,1,1,1,1,1][1,1,1,1,1,1]
1576 [0,0,0,1,3,3][0,0,0,1,3,3][0,0,1,1,0,0][0,0,1,1,0,0][0,1,1,1,2,2][0,1,1,1,2,2]
1577 [0,0,0,1,3,3][0,0,0,1,3,3][0,0,1,1,0,0][0,0,1,1,0,0][0,1,1,1,3,3][0,1,1,1,3,3]
1579 [0,0,0,1,3,3][0,0,0,1,3,3][0,0,1,1,0,0][0,0,1,1,0,0][1,1,0,1,2,2][1,1,0,1,2,2]
1580 [0,0,0,1,3,3][0,0,0,1,3,3][0,0,1,1,0,0][0,0,1,1,0,0][1,1,0,1,3,3][1,1,0,1,3,3]
1581 [0,0,0,1,3,3][0,0,0,1,3,3][0,0,1,1,0,0][0,0,1,1,0,0][1,1,1,0,2,2][1,1,1,0,2,2]
1582 [0,0,0,1,3,3][0,0,0,1,3,3][0,0,1,1,0,0][0,0,1,1,0,0][1,1,1,0,3,3][1,1,1,0,3,3]
1610 [0,0,0,1,3,3][0,0,0,1,3,3][0,0,1,1,1,1][0,0,1,1,1,1][0,1,1,1,2,2][0,1,1,1,2,2]
1611 [0,0,0,1,3,3][0,0,0,1,3,3][0,0,1,1,1,1][0,0,1,1,1,1][0,1,1,1,3,3][0,1,1,1,3,3]
1613 [0,0,0,1,3,3][0,0,0,1,3,3][0,0,1,1,1,1][0,0,1,1,1,1][1,1,0,1,2,2][1,1,0,1,2,2]
1614 [0,0,0,1,3,3][0,0,0,1,3,3][0,0,1,1,1,1][0,0,1,1,1,1][1,1,0,1,3,3][1,1,0,1,3,3]
1615 [0,0,0,1,3,3][0,0,0,1,3,3][0,0,1,1,1,1][0,0,1,1,1,1][1,1,1,0,2,2][1,1,1,0,2,2]
1616 [0,0,0,1,3,3][0,0,0,1,3,3][0,0,1,1,1,1][0,0,1,1,1,1][1,1,1,0,3,3][1,1,1,0,3,3]
1661 [0,0,0,1,3,3][0,0,0,1,3,3][0,1,1,0,0,0][0,1,1,0,0,0][0,1,1,1,2,2][0,1,1,1,2,2]
1662 [0,0,0,1,3,3][0,0,0,1,3,3][0,1,1,0,0,0][0,1,1,0,0,0][0,1,1,1,3,3][0,1,1,1,3,3]
1663 [0,0,0,1,3,3][0,0,0,1,3,3][0,1,1,0,0,0][0,1,1,0,0,0][1,0,1,1,2,2][1,0,1,1,2,2]
1664 [0,0,0,1,3,3][0,0,0,1,3,3][0,1,1,0,0,0][0,1,1,0,0,0][1,0,1,1,3,3][1,0,1,1,3,3]
1673 [0,0,0,1,3,3][0,0,0,1,3,3][0,1,1,0,1,1][0,1,1,0,1,1][0,1,1,1,2,2][0,1,1,1,2,2]
1674 [0,0,0,1,3,3][0,0,0,1,3,3][0,1,1,0,1,1][0,1,1,0,1,1][0,1,1,1,3,3][0,1,1,1,3,3]
1675 [0,0,0,1,3,3][0,0,0,1,3,3][0,1,1,0,1,1][0,1,1,0,1,1][1,0,1,1,2,2][1,0,1,1,2,2]
1676 [0,0,0,1,3,3][0,0,0,1,3,3][0,1,1,0,1,1][0,1,1,0,1,1][1,0,1,1,3,3][1,0,1,1,3,3]
1682 [0,0,0,1,3,3][0,0,0,1,3,3][0,1,1,1,2,2][0,1,1,1,2,2][1,1,1,1,0,0][1,1,1,1,0,0]
1683 [0,0,0,1,3,3][0,0,0,1,3,3][0,1,1,1,2,2][0,1,1,1,2,2][1,1,1,1,1,1][1,1,1,1,1,1]
1684 [0,0,0,1,3,3][0,0,0,1,3,3][0,1,1,1,3,3][0,1,1,1,3,3][1,1,1,1,0,0][1,1,1,1,0,0]
1685 [0,0,0,1,3,3][0,0,0,1,3,3][0,1,1,1,3,3][0,1,1,1,3,3][1,1,1,1,1,1][1,1,1,1,1,1]
1709 [0,0,0,1,3,3][0,0,0,1,3,3][1,1,1,0,2,2][1,1,1,0,2,2][1,1,1,1,0,0][1,1,1,1,0,0]
1710 [0,0,0,1,3,3][0,0,0,1,3,3][1,1,1,0,2,2][1,1,1,0,2,2][1,1,1,1,1,1][1,1,1,1,1,1]
1711 [0,0,0,1,3,3][0,0,0,1,3,3][1,1,1,0,3,3][1,1,1,0,3,3][1,1,1,1,0,0][1,1,1,1,0,0]
1712 [0,0,0,1,3,3][0,0,0,1,3,3][1,1,1,0,3,3][1,1,1,0,3,3][1,1,1,1,1,1][1,1,1,1,1,1]
1747 [0,0,0,1,3,3][0,0,1,0,3,3][0,0,1,1,1,1][0,0,1,1,1,1][0,1,0,0,2,2][0,1,1,1,2,2]
1748 [0,0,0,1,3,3][0,0,1,0,3,3][0,0,1,1,1,1][0,0,1,1,1,1][0,1,0,0,3,3][0,1,1,1,3,3]
1749 [0,0,0,1,3,3][0,0,1,0,3,3][0,0,1,1,1,1][0,0,1,1,1,1][1,1,0,1,2,2][1,1,1,0,2,2]
1750 [0,0,0,1,3,3][0,0,1,0,3,3][0,0,1,1,1,1][0,0,1,1,1,1][1,1,0,1,3,3][1,1,1,0,3,3]
1760 [0,0,0,1,3,3][0,0,1,0,3,3][0,1,0,0,3,3][0,1,1,1,3,3][1,1,1,1,0,0][1,1,1,1,0,0]
1761 [0,0,0,1,3,3][0,0,1,0,3,3][0,1,0,0,3,3][0,1,1,1,3,3][1,1,1,1,1,1][1,1,1,1,1,1]
1762 [0,0,0,1,3,3][0,0,1,0,3,3][1,1,0,1,2,2][1,1,1,0,2,2][1,1,1,1,0,0][1,1,1,1,0,0]
1763 [0,0,0,1,3,3][0,0,1,0,3,3][1,1,0,1,2,2][1,1,1,0,2,2][1,1,1,1,1,1][1,1,1,1,1,1]
1764 [0,0,0,1,3,3][0,0,1,0,3,3][1,1,0,1,3,3][1,1,1,0,3,3][1,1,1,1,0,0][1,1,1,1,0,0]
1765 [0,0,0,1,3,3][0,0,1,0,3,3][1,1,0,1,3,3][1,1,1,0,3,3][1,1,1,1,1,1][1,1,1,1,1,1]
1768 [0,0,0,1,3,3][0,0,1,1,1,1][0,0,1,1,1,1][0,1,0,0,2,2][1,0,0,0,2,2][1,1,0,1,3,3]
1769 [0,0,0,1,3,3][0,0,1,1,1,1][0,0,1,1,1,1][0,1,0,0,2,2][1,0,0,0,3,3][1,1,0,1,2,2]
1770 [0,0,0,1,3,3][0,0,1,1,1,1][0,0,1,1,1,1][0,1,0,0,2,2][1,0,1,1,2,2][1,1,1,0,3,3]
1771 [0,0,0,1,3,3][0,0,1,1,1,1][0,0,1,1,1,1][0,1,0,0,2,2][1,0,1,1,3,3][1,1,1,0,2,2]
1772 [0,0,0,1,3,3][0,0,1,1,1,1][0,0,1,1,1,1][0,1,0,0,3,3][1,0,0,0,3,3][1,1,0,1,3,3]
1773 [0,0,0,1,3,3][0,0,1,1,1,1][0,0,1,1,1,1][0,1,0,0,3,3][1,0,1,1,2,2][1,1,1,0,2,2]
1774 [0,0,0,1,3,3][0,0,1,1,1,1][0,0,1,1,1,1][0,1,0,0,3,3][1,0,1,1,3,3][1,1,1,0,3,3]
1775 [0,0,0,1,3,3][0,0,1,1,1,1][0,0,1,1,1,1][0,1,1,1,2,2][1,0,1,1,2,2][1,1,0,1,3,3]
1776 [0,0,0,1,3,3][0,0,1,1,1,1][0,0,1,1,1,1][0,1,1,1,2,2][1,0,1,1,3,3][1,1,0,1,2,2]
1777 [0,0,0,1,3,3][0,0,1,1,1,1][0,0,1,1,1,1][0,1,1,1,3,3][1,0,1,1,3,3][1,1,0,1,3,3]
1782 [0,0,0,1,3,3][0,1,1,1,2,2][1,0,1,1,2,2][1,1,0,1,3,3][1,1,1,1,0,0][1,1,1,1,0,0]
1783 [0,0,0,1,3,3][0,1,1,1,2,2][1,0,1,1,2,2][1,1,0,1,3,3][1,1,1,1,1,1][1,1,1,1,1,1]
1795 [0,0,0,1,3,3][0,1,1,1,3,3][1,0,1,1,3,3][1,1,0,1,3,3][1,1,1,1,0,0][1,1,1,1,0,0]
1796 [0,0,0,1,3,3][0,1,1,1,3,3][1,0,1,1,3,3][1,1,0,1,3,3][1,1,1,1,1,1][1,1,1,1,1,1]
1799 [0,0,1,1,1,1][0,0,1,1,1,1][0,0,1,1,1,1][1,1,0,0,1,1][2,2,2,2,0,0][2,2,2,2,0,0]
1800 [0,0,1,1,1,1][0,0,1,1,1,1][0,0,1,1,1,1][1,1,0,0,1,1][2,2,2,2,1,1][2,2,2,2,1,1]
1801 [0,0,1,1,1,1][0,0,1,1,1,1][0,0,1,1,1,1][1,1,0,0,1,1][2,2,3,3,0,0][2,2,3,3,0,0]
1802 [0,0,1,1,1,1][0,0,1,1,1,1][0,0,1,1,1,1][1,1,0,0,1,1][2,2,3,3,1,1][2,2,3,3,1,1]
1803 [0,0,1,1,1,1][0,0,1,1,1,1][0,0,1,1,1,1][1,1,0,0,1,1][2,3,2,3,0,0][2,3,2,3,0,0]
1804 [0,0,1,1,1,1][0,0,1,1,1,1][0,0,1,1,1,1][1,1,0,0,1,1][2,3,2,3,1,1][2,3,2,3,1,1]
1805 [0,0,1,1,1,1][0,0,1,1,1,1][0,0,1,1,1,1][1,1,0,0,1,1][3,3,2,2,0,0][3,3,2,2,0,0]
1806 [0,0,1,1,1,1][0,0,1,1,1,1][0,0,1,1,1,1][1,1,0,0,1,1][3,3,2,2,1,1][3,3,2,2,1,1]
1807 [0,0,1,1,1,1][0,0,1,1,1,1][0,0,1,1,1,1][1,1,0,0,1,1][3,3,3,3,0,0][3,3,3,3,0,0]
1808 [0,0,1,1,1,1][0,0,1,1,1,1][0,0,1,1,1,1][1,1,0,0,1,1][3,3,3,3,1,1][3,3,3,3,1,1]
1816 [0,0,1,1,1,1][0,0,1,1,1,1][0,0,2,2,2,2][0,0,2,2,2,2][1,1,0,0,0,0][1,1,1,1,1,1]
1817 [0,0,1,1,1,1][0,0,1,1,1,1][0,0,2,2,2,2][0,0,2,2,2,2][1,1,0,0,1,1][1,1,1,1,0,0]
1838 [0,0,1,1,1,1][0,0,1,1,1,1][0,0,2,2,3,3][0,0,2,2,3,3][1,1,0,0,0,0][1,1,1,1,1,1]
1839 [0,0,1,1,1,1][0,0,1,1,1,1][0,0,2,2,3,3][0,0,2,2,3,3][1,1,0,0,1,1][1,1,1,1,0,0]
1840 [0,0,1,1,1,1][0,0,1,1,1,1][0,0,2,2,3,3][0,0,2,2,3,3][1,1,0,1,0,1][1,1,1,0,1,0]
1873 [0,0,1,1,1,1][0,0,1,1,1,1][0,0,3,3,3,3][0,0,3,3,3,3][1,1,0,0,0,0][1,1,1,1,1,1]
1874 [0,0,1,1,1,1][0,0,1,1,1,1][0,0,3,3,3,3][0,0,3,3,3,3][1,1,0,0,1,1][1,1,1,1,0,0]
1884 [0,0,1,1,1,1][0,0,1,1,1,1][0,1,0,0,0,1][1,0,0,0,1,0][2,2,1,1,2,2][2,2,1,1,2,2]
1885 [0,0,1,1,1,1][0,0,1,1,1,1][0,1,0,0,0,1][1,0,0,0,1,0][2,2,1,1,3,3][2,2,1,1,3,3]
1886 [0,0,1,1,1,1][0,0,1,1,1,1][0,1,0,0,0,1][1,0,0,0,1,0][2,3,1,1,2,3][2,3,1,1,2,3]
1887 [0,0,1,1,1,1][0,0,1,1,1,1][0,1,0,0,0,1][1,0,0,0,1,0][2,3,1,1,3,2][2,3,1,1,3,2]
1888 [0,0,1,1,1,1][0,0,1,1,1,1][0,1,0,0,0,1][1,0,0,0,1,0][3,3,1,1,2,2][3,3,1,1,2,2]
1889 [0,0,1,1,1,1][0,0,1,1,1,1][0,1,0,0,0,1][1,0,0,0,1,0][3,3,1,1,3,3][3,3,1,1,3,3]
1890 [0,0,1,1,1,1][0,0,1,1,1,1][0,1,0,0,2,2][0,1,0,0,2,2][1,0,1,1,2,2][1,0,1,1,2,2]
1891 [0,0,1,1,1,1][0,0,1,1,1,1][0,1,0,0,2,2][0,1,0,0,2,2][1,0,1,1,3,3][1,0,1,1,3,3]
1892 [0,0,1,1,1,1][0,0,1,1,1,1][0,1,0,0,2,2][0,1,0,0,3,3][1,0,1,1,2,2][1,0,1,1,3,3]
1894 [0,0,1,1,1,1][0,0,1,1,1,1][0,1,0,0,2,2][0,1,1,1,2,2][1,0,0,0,2,2][1,0,1,1,2,2]
1895 [0,0,1,1,1,1][0,0,1,1,1,1][0,1,0,0,2,2][0,1,1,1,2,2][1,0,0,0,3,3][1,0,1,1,3,3]
1897 [0,0,1,1,1,1][0,0,1,1,1,1][0,1,0,0,2,2][0,1,1,1,2,2][1,1,0,1,2,2][1,1,1,0,2,2]
1898 [0,0,1,1,1,1][0,0,1,1,1,1][0,1,0,0,2,2][0,1,1,1,2,2][1,1,0,1,3,3][1,1,1,0,3,3]
1899 [0,0,1,1,1,1][0,0,1,1,1,1][0,1,0,0,2,2][0,1,1,1,3,3][1,0,0,0,2,2][1,0,1,1,3,3]
1900 [0,0,1,1,1,1][0,0,1,1,1,1][0,1,0,0,2,2][0,1,1,1,3,3][1,0,0,0,3,3][1,0,1,1,2,2]
1901 [0,0,1,1,1,1][0,0,1,1,1,1][0,1,0,0,2,2][0,1,1,1,3,3][1,1,0,1,2,2][1,1,1,0,3,3]
1907 [0,0,1,1,1,1][0,0,1,1,1,1][0,1,0,0,3,3][0,1,0,0,3,3][1,0,1,1,2,2][1,0,1,1,2,2]
1908 [0,0,1,1,1,1][0,0,1,1,1,1][0,1,0,0,3,3][0,1,0,0,3,3][1,0,1,1,3,3][1,0,1,1,3,3]
1909 [0,0,1,1,1,1][0,0,1,1,1,1][0,1,0,0,3,3][0,1,1,1,2,2][1,0,0,0,3,3][1,0,1,1,2,2]
1910 [0,0,1,1,1,1][0,0,1,1,1,1][0,1,0,0,3,3][0,1,1,1,2,2][1,1,0,1,2,2][1,1,1,0,3,3]
1915 [0,0,1,1,1,1][0,0,1,1,1,1][0,1,0,0,3,3][0,1,1,1,3,3][1,0,0,0,3,3][1,0,1,1,3,3]
1918 [0,0,1,1,1,1][0,0,1,1,1,1][0,1,0,0,3,3][0,1,1,1,3,3][1,1,0,1,2,2][1,1,1,0,2,2]
1919 [0,0,1,1,1,1][0,0,1,1,1,1][0,1,0,0,3,3][0,1,1,1,3,3][1,1,0,1,3,3][1,1,1,0,3,3]
1923 [0,0,1,1,1,1][0,0,1,1,1,1][0,1,0,1,1,1][1,0,1,0,1,1][2,2,2,2,0,0][2,2,2,2,0,0]
1924 [0,0,1,1,1,1][0,0,1,1,1,1][0,1,0,1,1,1][1,0,1,0,1,1][2,2,2,2,1,1][2,2,2,2,1,1]
1925 [0,0,1,1,1,1][0,0,1,1,1,1][0,1,0,1,1,1][1,0,1,0,1,1][2,2,3,3,0,0][2,2,3,3,0,0]
1926 [0,0,1,1,1,1][0,0,1,1,1,1][0,1,0,1,1,1][1,0,1,0,1,1][2,2,3,3,1,1][2,2,3,3,1,1]
1927 [0,0,1,1,1,1][0,0,1,1,1,1][0,1,0,1,1,1][1,0,1,0,1,1][2,3,2,3,0,0][2,3,2,3,0,0]
1928 [0,0,1,1,1,1][0,0,1,1,1,1][0,1,0,1,1,1][1,0,1,0,1,1][2,3,2,3,1,1][2,3,2,3,1,1]
1929 [0,0,1,1,1,1][0,0,1,1,1,1][0,1,0,1,1,1][1,0,1,0,1,1][2,3,3,2,0,0][2,3,3,2,0,0]
1930 [0,0,1,1,1,1][0,0,1,1,1,1][0,1,0,1,1,1][1,0,1,0,1,1][2,3,3,2,1,1][2,3,3,2,1,1]
1931 [0,0,1,1,1,1][0,0,1,1,1,1][0,1,0,1,1,1][1,0,1,0,1,1][3,3,2,2,0,0][3,3,2,2,0,0]
1932 [0,0,1,1,1,1][0,0,1,1,1,1][0,1,0,1,1,1][1,0,1,0,1,1][3,3,2,2,1,1][3,3,2,2,1,1]
1933 [0,0,1,1,1,1][0,0,1,1,1,1][0,1,0,1,1,1][1,0,1,0,1,1][3,3,3,3,0,0][3,3,3,3,0,0]
1934 [0,0,1,1,1,1][0,0,1,1,1,1][0,1,0,1,1,1][1,0,1,0,1,1][3,3,3,3,1,1][3,3,3,3,1,1]
1935 [0,0,1,1,1,1][0,0,1,1,1,1][0,1,1,1,2,2][0,1,1,1,2,2][0,1,1,1,2,2][0,1,1,1,2,2]
1936 [0,0,1,1,1,1][0,0,1,1,1,1][0,1,1,1,2,2][0,1,1,1,2,2][0,1,1,1,3,3][0,1,1,1,3,3]
1937 [0,0,1,1,1,1][0,0,1,1,1,1][0,1,1,1,2,2][0,1,1,1,2,2][1,0,1,1,2,2][1,0,1,1,2,2]
1938 [0,0,1,1,1,1][0,0,1,1,1,1][0,1,1,1,2,2][0,1,1,1,2,2][1,0,1,1,3,3][1,0,1,1,3,3]
1940 [0,0,1,1,1,1][0,0,1,1,1,1][0,1,1,1,2,2][0,1,1,1,2,2][1,1,0,1,2,2][1,1,0,1,2,2]
1941 [0,0,1,1,1,1][0,0,1,1,1,1][0,1,1,1,2,2][0,1,1,1,2,2][1,1,0,1,3,3][1,1,0,1,3,3]
1943 [0,0,1,1,1,1][0,0,1,1,1,1][0,1,1,1,2,2][0,1,1,1,3,3][1,0,1,1,2,2][1,0,1,1,3,3]
1944 [0,0,1,1,1,1][0,0,1,1,1,1][0,1,1,1,2,2][0,1,1,1,3,3][1,1,0,1,2,2][1,1,0,1,3,3]
1951 [0,0,1,1,1,1][0,0,1,1,1,1][0,1,1,1,3,3][0,1,1,1,3,3][0,1,1,1,3,3][0,1,1,1,3,3]
1952 [0,0,1,1,1,1][0,0,1,1,1,1][0,1,1,1,3,3][0,1,1,1,3,3][1,0,1,1,3,3][1,0,1,1,3,3]
1954 [0,0,1,1,1,1][0,0,1,1,1,1][0,1,1,1,3,3][0,1,1,1,3,3][1,1,0,1,2,2][1,1,0,1,2,2]
1955 [0,0,1,1,1,1][0,0,1,1,1,1][0,1,1,1,3,3][0,1,1,1,3,3][1,1,0,1,3,3][1,1,0,1,3,3]
1963 [0,0,1,1,1,1][0,0,1,1,1,1][1,1,0,0,0,0][1,1,1,1,1,1][1,1,2,2,2,2][1,1,2,2,2,2]
1964 [0,0,1,1,1,1][0,0,1,1,1,1][1,1,0,0,0,0][1,1,1,1,1,1][1,1,2,2,3,3][1,1,2,2,3,3]
1965 [0,0,1,1,1,1][0,0,1,1,1,1][1,1,0,0,0,0][1,1,1,1,1,1][1,1,3,3,3,3][1,1,3,3,3,3]
1966 [0,0,1,1,1,1][0,0,1,1,1,1][1,1,0,0,1,1][1,1,1,1,0,0][1,1,2,2,2,2][1,1,2,2,2,2]
1967 [0,0,1,1,1,1][0,0,1,1,1,1][1,1,0,0,1,1][1,1,1,1,0,0][1,1,2,2,3,3][1,1,2,2,3,3]
1968 [0,0,1,1,1,1][0,0,1,1,1,1][1,1,0,0,1,1][1,1,1,1,0,0][1,1,2,3,2,3][1,1,2,3,2,3]
1969 [0,0,1,1,1,1][0,0,1,1,1,1][1,1,0,0,1,1][1,1,1,1,0,0][1,1,3,3,3,3][1,1,3,3,3,3]
1970 [0,0,1,1,1,1][0,0,1,1,1,1][1,1,0,1,2,2][1,1,0,1,2,2][1,1,1,0,2,2][1,1,1,0,2,2]
1971 [0,0,1,1,1,1][0,0,1,1,1,1][1,1,0,1,2,2][1,1,0,1,2,2][1,1,1,0,3,3][1,1,1,0,3,3]
1973 [0,0,1,1,1,1][0,0,1,1,1,1][1,1,0,1,2,2][1,1,0,1,3,3][1,1,1,0,2,2][1,1,1,0,3,3]
1976 [0,0,1,1,1,1][0,0,1,1,1,1][1,1,0,1,3,3][1,1,0,1,3,3][1,1,1,0,3,3][1,1,1,0,3,3]
2063 [0,0,1,1,1,1][0,1,0,1,1,1][0,1,1,0,1,1][1,1,1,1,1,1][2,2,2,2,0,0][2,2,2,2,0,0]
2064 [0,0,1,1,1,1][0,1,0,1,1,1][0,1,1,0,1,1][1,1,1,1,1,1][2,2,2,2,1,1][2,2,2,2,1,1]
2065 [0,0,1,1,1,1][0,1,0,1,1,1][0,1,1,0,1,1][1,1,1,1,1,1][2,2,3,3,0,0][2,2,3,3,0,0]
2066 [0,0,1,1,1,1][0,1,0,1,1,1][0,1,1,0,1,1][1,1,1,1,1,1][2,2,3,3,1,1][2,2,3,3,1,1]
2067 [0,0,1,1,1,1][0,1,0,1,1,1][0,1,1,0,1,1][1,1,1,1,1,1][3,2,2,3,0,0][3,2,2,3,0,0]
2068 [0,0,1,1,1,1][0,1,0,1,1,1][0,1,1,0,1,1][1,1,1,1,1,1][3,2,2,3,1,1][3,2,2,3,1,1]
2069 [0,0,1,1,1,1][0,1,0,1,1,1][0,1,1,0,1,1][1,1,1,1,1,1][3,3,3,3,0,0][3,3,3,3,0,0]
2070 [0,0,1,1,1,1][0,1,0,1,1,1][0,1,1,0,1,1][1,1,1,1,1,1][3,3,3,3,1,1][3,3,3,3,1,1]
2091 [0,0,1,1,1,1][1,1,0,0,1,1][1,1,1,1,1,1][1,1,1,1,1,1][2,2,2,2,1,1][2,2,2,2,1,1]
2092 [0,0,1,1,1,1][1,1,0,0,1,1][1,1,1,1,1,1][1,1,1,1,1,1][2,2,3,3,1,1][2,2,3,3,1,1]
2093 [0,0,1,1,1,1][1,1,0,0,1,1][1,1,1,1,1,1][1,1,1,1,1,1][2,3,2,3,1,1][2,3,2,3,1,1]
2094 [0,0,1,1,1,1][1,1,0,0,1,1][1,1,1,1,1,1][1,1,1,1,1,1][3,3,3,3,1,1][3,3,3,3,1,1]
2149 [0,0,2,2,2,2][0,0,2,2,2,2][1,1,0,0,0,0][1,1,1,1,1,1][1,1,1,1,1,1][1,1,1,1,1,1]
2155 [0,0,2,2,2,2][0,0,2,2,2,2][1,1,0,0,1,1][1,1,1,1,0,0][1,1,1,1,1,1][1,1,1,1,1,1]
2310 [0,0,2,2,3,3][0,0,2,2,3,3][1,1,0,0,0,0][1,1,1,1,1,1][1,1,1,1,1,1][1,1,1,1,1,1]
2316 [0,0,2,2,3,3][0,0,2,2,3,3][1,1,0,0,1,1][1,1,1,1,0,0][1,1,1,1,1,1][1,1,1,1,1,1]
2325 [0,0,2,2,3,3][0,0,2,2,3,3][1,1,0,1,0,1][1,1,1,0,1,0][1,1,1,1,1,1][1,1,1,1,1,1]
2537 [0,0,3,3,3,3][0,0,3,3,3,3][1,1,0,0,0,0][1,1,1,1,1,1][1,1,1,1,1,1][1,1,1,1,1,1]
2543 [0,0,3,3,3,3][0,0,3,3,3,3][1,1,0,0,1,1][1,1,1,1,0,0][1,1,1,1,1,1][1,1,1,1,1,1]
2576 [0,1,1,1,2,2][0,1,1,1,2,2][0,1,1,1,2,2][0,1,1,1,2,2][1,0,0,1,0,0][1,0,0,1,0,0]
2577 [0,1,1,1,2,2][0,1,1,1,2,2][0,1,1,1,2,2][0,1,1,1,2,2][1,0,0,1,1,1][1,0,0,1,1,1]
2578 [0,1,1,1,2,2][0,1,1,1,2,2][0,1,1,1,2,2][0,1,1,1,2,2][1,1,1,1,0,0][1,1,1,1,0,0]
2579 [0,1,1,1,2,2][0,1,1,1,2,2][0,1,1,1,2,2][0,1,1,1,2,2][1,1,1,1,1,1][1,1,1,1,1,1]
2580 [0,1,1,1,2,2][0,1,1,1,2,2][0,1,1,1,3,3][0,1,1,1,3,3][1,0,0,1,0,0][1,0,0,1,0,0]
2581 [0,1,1,1,2,2][0,1,1,1,2,2][0,1,1,1,3,3][0,1,1,1,3,3][1,0,0,1,1,1][1,0,0,1,1,1]
2582 [0,1,1,1,2,2][0,1,1,1,2,2][0,1,1,1,3,3][0,1,1,1,3,3][1,1,1,1,0,0][1,1,1,1,0,0]
2583 [0,1,1,1,2,2][0,1,1,1,2,2][0,1,1,1,3,3][0,1,1,1,3,3][1,1,1,1,1,1][1,1,1,1,1,1]
2597 [0,1,1,1,2,2][0,1,1,1,2,2][1,0,1,1,2,2][1,0,1,1,2,2][1,1,1,1,0,0][1,1,1,1,0,0]
2598 [0,1,1,1,2,2][0,1,1,1,2,2][1,0,1,1,2,2][1,0,1,1,2,2][1,1,1,1,1,1][1,1,1,1,1,1]
2599 [0,1,1,1,2,2][0,1,1,1,2,2][1,0,1,1,3,3][1,0,1,1,3,3][1,1,1,1,0,0][1,1,1,1,0,0]
2600 [0,1,1,1,2,2][0,1,1,1,2,2][1,0,1,1,3,3][1,0,1,1,3,3][1,1,1,1,1,1][1,1,1,1,1,1]
2612 [0,1,1,1,2,2][0,1,1,1,3,3][1,0,1,1,2,2][1,0,1,1,3,3][1,1,1,1,0,0][1,1,1,1,0,0]
2613 [0,1,1,1,2,2][0,1,1,1,3,3][1,0,1,1,2,2][1,0,1,1,3,3][1,1,1,1,1,1][1,1,1,1,1,1]
2620 [0,1,1,1,3,3][0,1,1,1,3,3][0,1,1,1,3,3][0,1,1,1,3,3][1,0,0,1,0,0][1,0,0,1,0,0]
2621 [0,1,1,1,3,3][0,1,1,1,3,3][0,1,1,1,3,3][0,1,1,1,3,3][1,0,0,1,1,1][1,0,0,1,1,1]
2622 [0,1,1,1,3,3][0,1,1,1,3,3][0,1,1,1,3,3][0,1,1,1,3,3][1,1,1,1,0,0][1,1,1,1,0,0]
2623 [0,1,1,1,3,3][0,1,1,1,3,3][0,1,1,1,3,3][0,1,1,1,3,3][1,1,1,1,1,1][1,1,1,1,1,1]
2643 [0,1,1,1,3,3][0,1,1,1,3,3][1,0,1,1,3,3][1,0,1,1,3,3][1,1,1,1,0,0][1,1,1,1,0,0]
2644 [0,1,1,1,3,3][0,1,1,1,3,3][1,0,1,1,3,3][1,0,1,1,3,3][1,1,1,1,1,1][1,1,1,1,1,1]
