40 [0,0,0,0,0,0][0,0,0,0,0,0][0,0,0,1,2,2][0,0,1,0,2,2][0,0,2,2,0,1][0,0,2,2,1,0]
45 [0,0,0,0,0,0][0,0,0,0,0,0][0,0,0,1,2,2][0,0,1,0,2,2][1,1,2,2,0,1][1,1,2,2,1,0]
46 [0,0,0,0,0,0][0,0,0,0,0,0][0,0,0,1,2,2][0,0,1,0,2,2][1,1,3,3,0,1][1,1,3,3,1,0]
52 [0,0,0,0,0,0][0,0,0,0,0,0][0,0,0,1,2,2][0,1,1,1,2,2][0,2,2,1,0,0][0,2,2,1,1,1]
55 [0,0,0,0,0,0][0,0,0,0,0,0][0,0,0,1,2,2][0,1,1,1,2,2][1,2,2,0,0,0][1,2,2,0,1,1]
69 [0,0,0,0,0,0][0,0,0,0,0,0][0,0,0,1,3,3][0,0,1,0,3,3][0,0,2,2,0,1][0,0,2,2,1,0]
70 [0,0,0,0,0,0][0,0,0,0,0,0][0,0,0,1,3,3][0,0,1,0,3,3][0,0,3,3,0,1][0,0,3,3,1,0]
74 [0,0,0,0,0,0][0,0,0,0,0,0][0,0,0,1,3,3][0,0,1,0,3,3][1,1,2,2,0,1][1,1,2,2,1,0]
75 [0,0,0,0,0,0][0,0,0,0,0,0][0,0,0,1,3,3][0,0,1,0,3,3][1,1,3,3,0,1][1,1,3,3,1,0]
79 [0,0,0,0,0,0][0,0,0,0,0,0][0,0,0,1,3,3][0,1,1,1,3,3][0,2,2,1,0,0][0,2,2,1,1,1]
80 [0,0,0,0,0,0][0,0,0,0,0,0][0,0,0,1,3,3][0,1,1,1,3,3][0,3,3,1,0,0][0,3,3,1,1,1]
82 [0,0,0,0,0,0][0,0,0,0,0,0][0,0,0,1,3,3][0,1,1,1,3,3][1,2,2,0,0,0][1,2,2,0,1,1]
83 [0,0,0,0,0,0][0,0,0,0,0,0][0,0,0,1,3,3][0,1,1,1,3,3][1,3,3,0,0,0][1,3,3,0,1,1]
157 [0,0,0,0,0,0][0,0,0,0,0,0][0,1,1,1,2,2][1,0,1,1,2,2][2,2,1,1,0,1][2,2,1,1,1,0]
163 [0,0,0,0,0,0][0,0,0,0,0,0][0,1,1,1,3,3][1,0,1,1,3,3][2,2,1,1,0,1][2,2,1,1,1,0]
164 [0,0,0,0,0,0][0,0,0,0,0,0][0,1,1,1,3,3][1,0,1,1,3,3][3,3,1,1,0,1][3,3,1,1,1,0]
302 [0,0,0,0,0,0][0,0,0,1,2,2][0,0,0,1,2,2][0,0,1,1,1,1][0,0,2,2,0,1][0,0,2,2,0,1]
306 [0,0,0,0,0,0][0,0,0,1,2,2][0,0,0,1,2,2][0,0,1,1,1,1][1,1,2,2,0,1][1,1,2,2,0,1]
307 [0,0,0,0,0,0][0,0,0,1,2,2][0,0,0,1,2,2][0,0,1,1,1,1][1,1,3,3,0,1][1,1,3,3,0,1]
313 [0,0,0,0,0,0][0,0,0,1,2,2][0,0,0,1,2,2][0,1,1,0,1,1][0,2,2,1,0,0][0,2,2,1,0,0]
314 [0,0,0,0,0,0][0,0,0,1,2,2][0,0,0,1,2,2][0,1,1,0,1,1][0,2,2,1,1,1][0,2,2,1,1,1]
315 [0,0,0,0,0,0][0,0,0,1,2,2][0,0,0,1,2,2][0,1,1,0,1,1][0,3,3,1,1,1][0,3,3,1,1,1]
317 [0,0,0,0,0,0][0,0,0,1,2,2][0,0,0,1,2,2][0,1,1,0,1,1][1,2,2,0,0,0][1,2,2,0,0,0]
318 [0,0,0,0,0,0][0,0,0,1,2,2][0,0,0,1,2,2][0,1,1,0,1,1][1,2,2,0,1,1][1,2,2,0,1,1]
319 [0,0,0,0,0,0][0,0,0,1,2,2][0,0,0,1,2,2][0,1,1,0,1,1][1,3,3,0,1,1][1,3,3,0,1,1]
328 [0,0,0,0,0,0][0,0,0,1,3,3][0,0,0,1,3,3][0,0,1,1,1,1][0,0,2,2,0,1][0,0,2,2,0,1]
329 [0,0,0,0,0,0][0,0,0,1,3,3][0,0,0,1,3,3][0,0,1,1,1,1][0,0,3,3,0,1][0,0,3,3,0,1]
333 [0,0,0,0,0,0][0,0,0,1,3,3][0,0,0,1,3,3][0,0,1,1,1,1][1,1,2,2,0,1][1,1,2,2,0,1]
334 [0,0,0,0,0,0][0,0,0,1,3,3][0,0,0,1,3,3][0,0,1,1,1,1][1,1,3,3,0,1][1,1,3,3,0,1]
340 [0,0,0,0,0,0][0,0,0,1,3,3][0,0,0,1,3,3][0,1,1,0,1,1][0,2,2,1,0,0][0,2,2,1,0,0]
341 [0,0,0,0,0,0][0,0,0,1,3,3][0,0,0,1,3,3][0,1,1,0,1,1][0,2,2,1,1,1][0,2,2,1,1,1]
342 [0,0,0,0,0,0][0,0,0,1,3,3][0,0,0,1,3,3][0,1,1,0,1,1][0,3,3,1,0,0][0,3,3,1,0,0]
343 [0,0,0,0,0,0][0,0,0,1,3,3][0,0,0,1,3,3][0,1,1,0,1,1][0,3,3,1,1,1][0,3,3,1,1,1]
345 [0,0,0,0,0,0][0,0,0,1,3,3][0,0,0,1,3,3][0,1,1,0,1,1][1,2,2,0,0,0][1,2,2,0,0,0]
346 [0,0,0,0,0,0][0,0,0,1,3,3][0,0,0,1,3,3][0,1,1,0,1,1][1,2,2,0,1,1][1,2,2,0,1,1]
347 [0,0,0,0,0,0][0,0,0,1,3,3][0,0,0,1,3,3][0,1,1,0,1,1][1,3,3,0,0,0][1,3,3,0,0,0]
348 [0,0,0,0,0,0][0,0,0,1,3,3][0,0,0,1,3,3][0,1,1,0,1,1][1,3,3,0,1,1][1,3,3,0,1,1]
377 [0,0,0,0,0,0][0,0,1,1,1,1][0,1,1,1,2,2][0,1,1,1,2,2][0,1,2,2,1,1][0,1,2,2,1,1]
378 [0,0,0,0,0,0][0,0,1,1,1,1][0,1,1,1,2,2][0,1,1,1,2,2][1,0,2,2,1,1][1,0,2,2,1,1]
381 [0,0,0,0,0,0][0,0,1,1,1,1][0,1,1,1,3,3][0,1,1,1,3,3][0,1,2,2,1,1][0,1,2,2,1,1]
382 [0,0,0,0,0,0][0,0,1,1,1,1][0,1,1,1,3,3][0,1,1,1,3,3][0,1,3,3,1,1][0,1,3,3,1,1]
383 [0,0,0,0,0,0][0,0,1,1,1,1][0,1,1,1,3,3][0,1,1,1,3,3][1,0,2,2,1,1][1,0,2,2,1,1]
384 [0,0,0,0,0,0][0,0,1,1,1,1][0,1,1,1,3,3][0,1,1,1,3,3][1,0,3,3,1,1][1,0,3,3,1,1]
434 [0,0,0,0,0,0][0,1,1,1,2,2][0,1,1,1,2,2][1,0,0,1,1,1][2,1,1,2,0,1][2,1,1,2,0,1]
437 [0,0,0,0,0,0][0,1,1,1,3,3][0,1,1,1,3,3][1,0,0,1,1,1][2,1,1,2,0,1][2,1,1,2,0,1]
438 [0,0,0,0,0,0][0,1,1,1,3,3][0,1,1,1,3,3][1,0,0,1,1,1][3,1,1,3,0,1][3,1,1,3,0,1]
500 [0,0,0,0,1,1][0,0,0,0,1,1][0,0,0,1,2,2][0,0,1,0,2,2][0,0,2,2,0,1][0,0,2,2,1,0]
501 [0,0,0,0,1,1][0,0,0,0,1,1][0,0,0,1,2,2][0,0,1,0,2,2][0,0,3,3,0,1][0,0,3,3,1,0]
506 [0,0,0,0,1,1][0,0,0,0,1,1][0,0,0,1,2,2][0,0,1,0,2,2][1,1,2,2,0,1][1,1,2,2,1,0]
507 [0,0,0,0,1,1][0,0,0,0,1,1][0,0,0,1,2,2][0,0,1,0,2,2][1,1,3,3,0,1][1,1,3,3,1,0]
513 [0,0,0,0,1,1][0,0,0,0,1,1][0,0,0,1,2,2][0,1,1,1,2,2][0,2,2,1,0,0][0,2,2,1,1,1]
514 [0,0,0,0,1,1][0,0,0,0,1,1][0,0,0,1,2,2][0,1,1,1,2,2][0,3,3,1,0,0][0,3,3,1,1,1]
517 [0,0,0,0,1,1][0,0,0,0,1,1][0,0,0,1,2,2][0,1,1,1,2,2][1,2,2,0,0,0][1,2,2,0,1,1]
518 [0,0,0,0,1,1][0,0,0,0,1,1][0,0,0,1,2,2][0,1,1,1,2,2][1,3,3,0,0,0][1,3,3,0,1,1]
532 [0,0,0,0,1,1][0,0,0,0,1,1][0,0,0,1,3,3][0,0,1,0,3,3][0,0,2,2,0,1][0,0,2,2,1,0]
533 [0,0,0,0,1,1][0,0,0,0,1,1][0,0,0,1,3,3][0,0,1,0,3,3][0,0,3,3,0,1][0,0,3,3,1,0]
537 [0,0,0,0,1,1][0,0,0,0,1,1][0,0,0,1,3,3][0,0,1,0,3,3][1,1,2,2,0,1][1,1,2,2,1,0]
538 [0,0,0,0,1,1][0,0,0,0,1,1][0,0,0,1,3,3][0,0,1,0,3,3][1,1,3,3,0,1][1,1,3,3,1,0]
542 [0,0,0,0,1,1][0,0,0,0,1,1][0,0,0,1,3,3][0,1,1,1,3,3][0,2,2,1,0,0][0,2,2,1,1,1]
543 [0,0,0,0,1,1][0,0,0,0,1,1][0,0,0,1,3,3][0,1,1,1,3,3][0,3,3,1,0,0][0,3,3,1,1,1]
545 [0,0,0,0,1,1][0,0,0,0,1,1][0,0,0,1,3,3][0,1,1,1,3,3][1,2,2,0,0,0][1,2,2,0,1,1]
546 [0,0,0,0,1,1][0,0,0,0,1,1][0,0,0,1,3,3][0,1,1,1,3,3][1,3,3,0,0,0][1,3,3,0,1,1]
577 [0,0,0,0,1,1][0,0,0,0,1,1][0,0,2,2,0,1][0,0,2,2,1,0][1,1,0,1,2,2][1,1,1,0,2,2]
578 [0,0,0,0,1,1][0,0,0,0,1,1][0,0,2,2,0,1][0,0,2,2,1,0][1,1,0,1,3,3][1,1,1,0,3,3]
599 [0,0,0,0,1,1][0,0,0,0,1,1][0,0,2,2,0,1][1,1,2,2,0,1][2,2,0,0,1,0][2,2,1,1,1,0]
723 [0,0,0,0,1,1][0,0,0,0,1,1][0,0,3,3,0,1][0,0,3,3,1,0][1,1,0,1,2,2][1,1,1,0,2,2]
724 [0,0,0,0,1,1][0,0,0,0,1,1][0,0,3,3,0,1][0,0,3,3,1,0][1,1,0,1,3,3][1,1,1,0,3,3]
739 [0,0,0,0,1,1][0,0,0,0,1,1][0,0,3,3,0,1][1,1,3,3,0,1][2,2,0,0,1,0][2,2,1,1,1,0]
740 [0,0,0,0,1,1][0,0,0,0,1,1][0,0,3,3,0,1][1,1,3,3,0,1][3,3,0,0,1,0][3,3,1,1,1,0]
792 [0,0,0,0,1,1][0,0,0,0,1,1][0,1,1,1,2,2][1,0,1,1,2,2][2,2,1,1,0,1][2,2,1,1,1,0]
793 [0,0,0,0,1,1][0,0,0,0,1,1][0,1,1,1,2,2][1,0,1,1,2,2][3,3,1,1,0,1][3,3,1,1,1,0]
799 [0,0,0,0,1,1][0,0,0,0,1,1][0,1,1,1,3,3][1,0,1,1,3,3][2,2,1,1,0,1][2,2,1,1,1,0]
800 [0,0,0,0,1,1][0,0,0,0,1,1][0,1,1,1,3,3][1,0,1,1,3,3][3,3,1,1,0,1][3,3,1,1,1,0]
813 [0,0,0,0,1,1][0,0,0,0,1,1][0,1,2,2,0,0][1,0,2,2,0,0][2,2,0,1,1,1][2,2,1,0,1,1]
830 [0,0,0,0,1,1][0,0,0,0,1,1][0,1,2,2,1,1][1,0,2,2,1,1][2,2,0,1,1,1][2,2,1,0,1,1]
838 [0,0,0,0,1,1][0,0,0,0,1,1][0,1,3,3,0,0][1,0,3,3,0,0][2,2,0,1,1,1][2,2,1,0,1,1]
839 [0,0,0,0,1,1][0,0,0,0,1,1][0,1,3,3,0,0][1,0,3,3,0,0][3,3,0,1,1,1][3,3,1,0,1,1]
848 [0,0,0,0,1,1][0,0,0,0,1,1][0,1,3,3,1,1][1,0,3,3,1,1][2,2,0,1,0,0][2,2,1,0,0,0]
849 [0,0,0,0,1,1][0,0,0,0,1,1][0,1,3,3,1,1][1,0,3,3,1,1][2,2,0,1,1,1][2,2,1,0,1,1]
850 [0,0,0,0,1,1][0,0,0,0,1,1][0,1,3,3,1,1][1,0,3,3,1,1][3,3,0,1,1,1][3,3,1,0,1,1]
943 [0,0,0,0,1,1][0,0,0,1,2,2][0,0,0,1,2,2][0,0,1,1,0,0][0,0,2,2,0,1][0,0,2,2,0,1]
948 [0,0,0,0,1,1][0,0,0,1,2,2][0,0,0,1,2,2][0,0,1,1,0,0][1,1,2,2,0,1][1,1,2,2,0,1]
949 [0,0,0,0,1,1][0,0,0,1,2,2][0,0,0,1,2,2][0,0,1,1,0,0][1,1,3,3,0,1][1,1,3,3,0,1]
957 [0,0,0,0,1,1][0,0,0,1,2,2][0,0,0,1,2,2][0,1,1,0,0,0][0,2,2,1,0,0][0,2,2,1,0,0]
958 [0,0,0,0,1,1][0,0,0,1,2,2][0,0,0,1,2,2][0,1,1,0,0,0][0,2,2,1,1,1][0,2,2,1,1,1]
959 [0,0,0,0,1,1][0,0,0,1,2,2][0,0,0,1,2,2][0,1,1,0,0,0][0,3,3,1,1,1][0,3,3,1,1,1]
962 [0,0,0,0,1,1][0,0,0,1,2,2][0,0,0,1,2,2][0,1,1,0,0,0][1,2,2,0,0,0][1,2,2,0,0,0]
963 [0,0,0,0,1,1][0,0,0,1,2,2][0,0,0,1,2,2][0,1,1,0,0,0][1,2,2,0,1,1][1,2,2,0,1,1]
964 [0,0,0,0,1,1][0,0,0,1,2,2][0,0,0,1,2,2][0,1,1,0,0,0][1,3,3,0,1,1][1,3,3,0,1,1]
969 [0,0,0,0,1,1][0,0,0,1,3,3][0,0,0,1,3,3][0,0,1,1,0,0][0,0,2,2,0,1][0,0,2,2,0,1]
970 [0,0,0,0,1,1][0,0,0,1,3,3][0,0,0,1,3,3][0,0,1,1,0,0][0,0,3,3,0,1][0,0,3,3,0,1]
975 [0,0,0,0,1,1][0,0,0,1,3,3][0,0,0,1,3,3][0,0,1,1,0,0][1,1,2,2,0,1][1,1,2,2,0,1]
976 [0,0,0,0,1,1][0,0,0,1,3,3][0,0,0,1,3,3][0,0,1,1,0,0][1,1,3,3,0,1][1,1,3,3,0,1]
984 [0,0,0,0,1,1][0,0,0,1,3,3][0,0,0,1,3,3][0,1,1,0,0,0][0,2,2,1,0,0][0,2,2,1,0,0]
985 [0,0,0,0,1,1][0,0,0,1,3,3][0,0,0,1,3,3][0,1,1,0,0,0][0,2,2,1,1,1][0,2,2,1,1,1]
986 [0,0,0,0,1,1][0,0,0,1,3,3][0,0,0,1,3,3][0,1,1,0,0,0][0,3,3,1,0,0][0,3,3,1,0,0]
987 [0,0,0,0,1,1][0,0,0,1,3,3][0,0,0,1,3,3][0,1,1,0,0,0][0,3,3,1,1,1][0,3,3,1,1,1]
990 [0,0,0,0,1,1][0,0,0,1,3,3][0,0,0,1,3,3][0,1,1,0,0,0][1,2,2,0,0,0][1,2,2,0,0,0]
991 [0,0,0,0,1,1][0,0,0,1,3,3][0,0,0,1,3,3][0,1,1,0,0,0][1,2,2,0,1,1][1,2,2,0,1,1]
992 [0,0,0,0,1,1][0,0,0,1,3,3][0,0,0,1,3,3][0,1,1,0,0,0][1,3,3,0,0,0][1,3,3,0,0,0]
993 [0,0,0,0,1,1][0,0,0,1,3,3][0,0,0,1,3,3][0,1,1,0,0,0][1,3,3,0,1,1][1,3,3,0,1,1]
1039 [0,0,0,0,1,1][0,0,1,1,0,0][0,1,1,1,2,2][0,1,1,1,2,2][0,1,2,2,1,1][0,1,2,2,1,1]
1040 [0,0,0,0,1,1][0,0,1,1,0,0][0,1,1,1,2,2][0,1,1,1,2,2][1,0,2,2,1,1][1,0,2,2,1,1]
1043 [0,0,0,0,1,1][0,0,1,1,0,0][0,1,1,1,3,3][0,1,1,1,3,3][0,1,2,2,1,1][0,1,2,2,1,1]
1044 [0,0,0,0,1,1][0,0,1,1,0,0][0,1,1,1,3,3][0,1,1,1,3,3][0,1,3,3,1,1][0,1,3,3,1,1]
1045 [0,0,0,0,1,1][0,0,1,1,0,0][0,1,1,1,3,3][0,1,1,1,3,3][1,0,2,2,1,1][1,0,2,2,1,1]
1046 [0,0,0,0,1,1][0,0,1,1,0,0][0,1,1,1,3,3][0,1,1,1,3,3][1,0,3,3,1,1][1,0,3,3,1,1]
1252 [0,0,0,0,1,1][0,1,1,1,2,2][0,1,1,1,2,2][1,0,0,1,0,0][2,1,1,2,0,1][2,1,1,2,0,1]
1255 [0,0,0,0,1,1][0,1,1,1,3,3][0,1,1,1,3,3][1,0,0,1,0,0][2,1,1,2,0,1][2,1,1,2,0,1]
1256 [0,0,0,0,1,1][0,1,1,1,3,3][0,1,1,1,3,3][1,0,0,1,0,0][3,1,1,3,0,1][3,1,1,3,0,1]
1263 [0,0,0,0,1,1][0,1,2,2,1,1][0,1,2,2,1,1][1,1,1,1,1,1][2,2,0,1,1,1][2,2,0,1,1,1]
1268 [0,0,0,0,1,1][0,1,3,3,1,1][0,1,3,3,1,1][1,1,1,1,1,1][2,2,0,1,0,0][2,2,0,1,0,0]
1269 [0,0,0,0,1,1][0,1,3,3,1,1][0,1,3,3,1,1][1,1,1,1,1,1][2,2,0,1,1,1][2,2,0,1,1,1]
1270 [0,0,0,0,1,1][0,1,3,3,1,1][0,1,3,3,1,1][1,1,1,1,1,1][3,3,0,1,1,1][3,3,0,1,1,1]
1287 [0,0,0,0,2,2][0,0,0,0,2,2][0,0,2,2,0,0][0,0,2,2,0,0][0,1,0,0,0,0][1,0,0,0,0,0]
1348 [0,0,0,1,2,2][0,0,0,1,2,2][0,0,1,1,0,0][1,1,1,1,1,1][2,2,1,0,0,0][2,2,1,0,0,0]
1349 [0,0,0,1,2,2][0,0,0,1,2,2][0,0,1,1,0,0][1,1,1,1,1,1][2,2,1,0,1,1][2,2,1,0,1,1]
1350 [0,0,0,1,2,2][0,0,0,1,2,2][0,0,1,1,0,0][1,1,1,1,1,1][3,3,1,0,1,1][3,3,1,0,1,1]
1365 [0,0,0,1,2,2][0,0,0,1,2,2][0,0,1,1,1,1][1,1,1,1,0,0][2,2,1,0,0,0][2,2,1,0,0,0]
1366 [0,0,0,1,2,2][0,0,0,1,2,2][0,0,1,1,1,1][1,1,1,1,0,0][2,2,1,0,1,1][2,2,1,0,1,1]
1367 [0,0,0,1,2,2][0,0,0,1,2,2][0,0,1,1,1,1][1,1,1,1,0,0][3,3,1,0,1,1][3,3,1,0,1,1]
1375 [0,0,0,1,2,2][0,0,0,1,2,2][0,0,2,2,0,1][0,0,2,2,0,1][1,1,0,0,0,0][1,1,1,1,1,1]
1376 [0,0,0,1,2,2][0,0,0,1,2,2][0,0,2,2,0,1][0,0,2,2,0,1][1,1,0,0,1,1][1,1,1,1,0,0]
1402 [0,0,0,1,2,2][0,0,0,1,2,2][0,1,1,0,0,0][1,1,1,1,1,1][2,1,1,2,0,1][2,1,1,2,0,1]
1408 [0,0,0,1,2,2][0,0,0,1,2,2][0,1,1,0,1,1][1,1,1,1,0,0][2,1,1,2,0,1][2,1,1,2,0,1]
1415 [0,0,0,1,2,2][0,0,0,1,2,2][0,2,2,1,0,0][0,2,2,1,0,0][1,0,0,1,0,0][1,1,1,1,1,1]
1416 [0,0,0,1,2,2][0,0,0,1,2,2][0,2,2,1,0,0][0,2,2,1,0,0][1,0,0,1,1,1][1,1,1,1,0,0]
1420 [0,0,0,1,2,2][0,0,0,1,2,2][0,2,2,1,1,1][0,2,2,1,1,1][1,0,0,1,0,0][1,1,1,1,1,1]
1421 [0,0,0,1,2,2][0,0,0,1,2,2][0,2,2,1,1,1][0,2,2,1,1,1][1,0,0,1,1,1][1,1,1,1,0,0]
1426 [0,0,0,1,2,2][0,0,0,1,2,2][0,3,3,1,1,1][0,3,3,1,1,1][1,0,0,1,0,0][1,1,1,1,1,1]
1427 [0,0,0,1,2,2][0,0,0,1,2,2][0,3,3,1,1,1][0,3,3,1,1,1][1,0,0,1,1,1][1,1,1,1,0,0]
1494 [0,0,0,1,2,2][0,0,1,0,2,2][0,0,1,1,1,1][0,0,1,1,1,1][0,0,2,2,0,1][0,0,2,2,1,0]
1499 [0,0,0,1,2,2][0,0,1,0,2,2][0,0,1,1,1,1][0,0,1,1,1,1][1,1,2,2,0,1][1,1,2,2,1,0]
1500 [0,0,0,1,2,2][0,0,1,0,2,2][0,0,1,1,1,1][0,0,1,1,1,1][1,1,3,3,0,1][1,1,3,3,1,0]
1501 [0,0,0,1,2,2][0,0,1,0,2,2][0,0,2,2,0,1][0,0,2,2,1,0][1,1,0,0,0,0][1,1,0,0,0,0]
1502 [0,0,0,1,2,2][0,0,1,0,2,2][0,0,2,2,0,1][0,0,2,2,1,0][1,1,0,0,1,1][1,1,0,0,1,1]
1503 [0,0,0,1,2,2][0,0,1,0,2,2][0,0,2,2,0,1][0,0,2,2,1,0][1,1,1,1,1,1][1,1,1,1,1,1]
1512 [0,0,0,1,2,2][0,0,1,0,2,2][1,1,1,1,1,1][1,1,1,1,1,1][1,1,2,2,0,1][1,1,2,2,1,0]
1513 [0,0,0,1,2,2][0,0,1,0,2,2][1,1,1,1,1,1][1,1,1,1,1,1][1,1,3,3,0,1][1,1,3,3,1,0]
1542 [0,0,0,1,2,2][0,0,1,1,1,1][0,0,1,1,1,1][1,1,0,1,2,2][2,2,1,0,0,0][2,2,1,0,1,1]
1543 [0,0,0,1,2,2][0,0,1,1,1,1][0,0,1,1,1,1][1,1,0,1,2,2][3,3,1,0,0,0][3,3,1,0,1,1]
1546 [0,0,0,1,2,2][0,1,1,1,2,2][0,2,2,1,0,0][0,2,2,1,1,1][1,0,0,1,0,0][1,0,0,1,0,0]
1547 [0,0,0,1,2,2][0,1,1,1,2,2][0,2,2,1,0,0][0,2,2,1,1,1][1,0,0,1,1,1][1,0,0,1,1,1]
1548 [0,0,0,1,2,2][0,1,1,1,2,2][0,2,2,1,0,0][0,2,2,1,1,1][1,1,1,1,1,1][1,1,1,1,1,1]
1553 [0,0,0,1,2,2][0,1,1,1,2,2][1,1,1,1,1,1][1,1,1,1,1,1][1,2,2,0,0,0][1,2,2,0,1,1]
1605 [0,0,0,1,3,3][0,0,0,1,3,3][0,0,1,1,0,0][1,1,1,1,1,1][2,2,1,0,0,0][2,2,1,0,0,0]
1606 [0,0,0,1,3,3][0,0,0,1,3,3][0,0,1,1,0,0][1,1,1,1,1,1][2,2,1,0,1,1][2,2,1,0,1,1]
1607 [0,0,0,1,3,3][0,0,0,1,3,3][0,0,1,1,0,0][1,1,1,1,1,1][3,3,1,0,0,0][3,3,1,0,0,0]
1608 [0,0,0,1,3,3][0,0,0,1,3,3][0,0,1,1,0,0][1,1,1,1,1,1][3,3,1,0,1,1][3,3,1,0,1,1]
1623 [0,0,0,1,3,3][0,0,0,1,3,3][0,0,1,1,1,1][1,1,1,1,0,0][2,2,1,0,0,0][2,2,1,0,0,0]
1624 [0,0,0,1,3,3][0,0,0,1,3,3][0,0,1,1,1,1][1,1,1,1,0,0][2,2,1,0,1,1][2,2,1,0,1,1]
1625 [0,0,0,1,3,3][0,0,0,1,3,3][0,0,1,1,1,1][1,1,1,1,0,0][3,3,1,0,0,0][3,3,1,0,0,0]
1626 [0,0,0,1,3,3][0,0,0,1,3,3][0,0,1,1,1,1][1,1,1,1,0,0][3,3,1,0,1,1][3,3,1,0,1,1]
1635 [0,0,0,1,3,3][0,0,0,1,3,3][0,0,2,2,0,1][0,0,2,2,0,1][1,1,0,0,0,0][1,1,1,1,1,1]
1636 [0,0,0,1,3,3][0,0,0,1,3,3][0,0,2,2,0,1][0,0,2,2,0,1][1,1,0,0,1,1][1,1,1,1,0,0]
1656 [0,0,0,1,3,3][0,0,0,1,3,3][0,0,3,3,0,1][0,0,3,3,0,1][1,1,0,0,0,0][1,1,1,1,1,1]
1657 [0,0,0,1,3,3][0,0,0,1,3,3][0,0,3,3,0,1][0,0,3,3,0,1][1,1,0,0,1,1][1,1,1,1,0,0]
1671 [0,0,0,1,3,3][0,0,0,1,3,3][0,1,1,0,0,0][1,1,1,1,1,1][2,1,1,2,0,1][2,1,1,2,0,1]
1672 [0,0,0,1,3,3][0,0,0,1,3,3][0,1,1,0,0,0][1,1,1,1,1,1][3,1,1,3,0,1][3,1,1,3,0,1]
1678 [0,0,0,1,3,3][0,0,0,1,3,3][0,1,1,0,1,1][1,1,1,1,0,0][2,1,1,2,0,1][2,1,1,2,0,1]
1679 [0,0,0,1,3,3][0,0,0,1,3,3][0,1,1,0,1,1][1,1,1,1,0,0][3,1,1,3,0,1][3,1,1,3,0,1]
1686 [0,0,0,1,3,3][0,0,0,1,3,3][0,2,2,1,0,0][0,2,2,1,0,0][1,0,0,1,0,0][1,1,1,1,1,1]
1687 [0,0,0,1,3,3][0,0,0,1,3,3][0,2,2,1,0,0][0,2,2,1,0,0][1,0,0,1,1,1][1,1,1,1,0,0]
1692 [0,0,0,1,3,3][0,0,0,1,3,3][0,2,2,1,1,1][0,2,2,1,1,1][1,0,0,1,0,0][1,1,1,1,1,1]
1693 [0,0,0,1,3,3][0,0,0,1,3,3][0,2,2,1,1,1][0,2,2,1,1,1][1,0,0,1,1,1][1,1,1,1,0,0]
1698 [0,0,0,1,3,3][0,0,0,1,3,3][0,3,3,1,0,0][0,3,3,1,0,0][1,0,0,1,0,0][1,1,1,1,1,1]
1699 [0,0,0,1,3,3][0,0,0,1,3,3][0,3,3,1,0,0][0,3,3,1,0,0][1,0,0,1,1,1][1,1,1,1,0,0]
1703 [0,0,0,1,3,3][0,0,0,1,3,3][0,3,3,1,1,1][0,3,3,1,1,1][1,0,0,1,0,0][1,1,1,1,1,1]
1704 [0,0,0,1,3,3][0,0,0,1,3,3][0,3,3,1,1,1][0,3,3,1,1,1][1,0,0,1,1,1][1,1,1,1,0,0]
1745 [0,0,0,1,3,3][0,0,1,0,3,3][0,0,1,1,1,1][0,0,1,1,1,1][0,0,2,2,0,1][0,0,2,2,1,0]
1746 [0,0,0,1,3,3][0,0,1,0,3,3][0,0,1,1,1,1][0,0,1,1,1,1][0,0,3,3,0,1][0,0,3,3,1,0]
1751 [0,0,0,1,3,3][0,0,1,0,3,3][0,0,1,1,1,1][0,0,1,1,1,1][1,1,2,2,0,1][1,1,2,2,1,0]
1752 [0,0,0,1,3,3][0,0,1,0,3,3][0,0,1,1,1,1][0,0,1,1,1,1][1,1,3,3,0,1][1,1,3,3,1,0]
1753 [0,0,0,1,3,3][0,0,1,0,3,3][0,0,2,2,0,1][0,0,2,2,1,0][1,1,0,0,0,0][1,1,0,0,0,0]
1754 [0,0,0,1,3,3][0,0,1,0,3,3][0,0,2,2,0,1][0,0,2,2,1,0][1,1,0,0,1,1][1,1,0,0,1,1]
1755 [0,0,0,1,3,3][0,0,1,0,3,3][0,0,2,2,0,1][0,0,2,2,1,0][1,1,1,1,0,0][1,1,1,1,0,0]
1756 [0,0,0,1,3,3][0,0,1,0,3,3][0,0,2,2,0,1][0,0,2,2,1,0][1,1,1,1,1,1][1,1,1,1,1,1]
1757 [0,0,0,1,3,3][0,0,1,0,3,3][0,0,3,3,0,1][0,0,3,3,1,0][1,1,0,0,0,0][1,1,0,0,0,0]
1758 [0,0,0,1,3,3][0,0,1,0,3,3][0,0,3,3,0,1][0,0,3,3,1,0][1,1,0,0,1,1][1,1,0,0,1,1]
1759 [0,0,0,1,3,3][0,0,1,0,3,3][0,0,3,3,0,1][0,0,3,3,1,0][1,1,1,1,1,1][1,1,1,1,1,1]
1766 [0,0,0,1,3,3][0,0,1,0,3,3][1,1,1,1,1,1][1,1,1,1,1,1][1,1,2,2,0,1][1,1,2,2,1,0]
1767 [0,0,0,1,3,3][0,0,1,0,3,3][1,1,1,1,1,1][1,1,1,1,1,1][1,1,3,3,0,1][1,1,3,3,1,0]
1780 [0,0,0,1,3,3][0,0,1,1,1,1][0,0,1,1,1,1][1,1,0,1,3,3][2,2,1,0,0,0][2,2,1,0,1,1]
1781 [0,0,0,1,3,3][0,0,1,1,1,1][0,0,1,1,1,1][1,1,0,1,3,3][3,3,1,0,0,0][3,3,1,0,1,1]
1788 [0,0,0,1,3,3][0,1,1,1,3,3][0,2,2,1,0,0][0,2,2,1,1,1][1,0,0,1,0,0][1,0,0,1,0,0]
1789 [0,0,0,1,3,3][0,1,1,1,3,3][0,2,2,1,0,0][0,2,2,1,1,1][1,0,0,1,1,1][1,0,0,1,1,1]
1790 [0,0,0,1,3,3][0,1,1,1,3,3][0,2,2,1,0,0][0,2,2,1,1,1][1,1,1,1,0,0][1,1,1,1,0,0]
1791 [0,0,0,1,3,3][0,1,1,1,3,3][0,2,2,1,0,0][0,2,2,1,1,1][1,1,1,1,1,1][1,1,1,1,1,1]
1792 [0,0,0,1,3,3][0,1,1,1,3,3][0,3,3,1,0,0][0,3,3,1,1,1][1,0,0,1,0,0][1,0,0,1,0,0]
1793 [0,0,0,1,3,3][0,1,1,1,3,3][0,3,3,1,0,0][0,3,3,1,1,1][1,0,0,1,1,1][1,0,0,1,1,1]
1794 [0,0,0,1,3,3][0,1,1,1,3,3][0,3,3,1,0,0][0,3,3,1,1,1][1,1,1,1,1,1][1,1,1,1,1,1]
1797 [0,0,0,1,3,3][0,1,1,1,3,3][1,1,1,1,1,1][1,1,1,1,1,1][1,2,2,0,0,0][1,2,2,0,1,1]
1798 [0,0,0,1,3,3][0,1,1,1,3,3][1,1,1,1,1,1][1,1,1,1,1,1][1,3,3,0,0,0][1,3,3,0,1,1]
1893 [0,0,1,1,1,1][0,0,1,1,1,1][0,1,0,0,2,2][0,1,1,1,2,2][0,1,2,2,0,0][0,1,2,2,1,1]
1896 [0,0,1,1,1,1][0,0,1,1,1,1][0,1,0,0,2,2][0,1,1,1,2,2][1,0,2,2,0,0][1,0,2,2,1,1]
1904 [0,0,1,1,1,1][0,0,1,1,1,1][0,1,0,0,2,2][1,0,0,0,2,2][2,2,1,1,0,1][2,2,1,1,1,0]
1905 [0,0,1,1,1,1][0,0,1,1,1,1][0,1,0,0,2,2][1,0,0,0,2,2][3,3,1,1,0,1][3,3,1,1,1,0]
1913 [0,0,1,1,1,1][0,0,1,1,1,1][0,1,0,0,3,3][0,1,1,1,3,3][0,1,2,2,0,0][0,1,2,2,1,1]
1914 [0,0,1,1,1,1][0,0,1,1,1,1][0,1,0,0,3,3][0,1,1,1,3,3][0,1,3,3,0,0][0,1,3,3,1,1]
1916 [0,0,1,1,1,1][0,0,1,1,1,1][0,1,0,0,3,3][0,1,1,1,3,3][1,0,2,2,0,0][1,0,2,2,1,1]
1917 [0,0,1,1,1,1][0,0,1,1,1,1][0,1,0,0,3,3][0,1,1,1,3,3][1,0,3,3,0,0][1,0,3,3,1,1]
1921 [0,0,1,1,1,1][0,0,1,1,1,1][0,1,0,0,3,3][1,0,0,0,3,3][2,2,1,1,0,1][2,2,1,1,1,0]
1922 [0,0,1,1,1,1][0,0,1,1,1,1][0,1,0,0,3,3][1,0,0,0,3,3][3,3,1,1,0,1][3,3,1,1,1,0]
1945 [0,0,1,1,1,1][0,0,1,1,1,1][0,1,1,1,2,2][1,0,1,1,2,2][2,2,0,0,0,1][2,2,0,0,1,0]
1946 [0,0,1,1,1,1][0,0,1,1,1,1][0,1,1,1,2,2][1,0,1,1,2,2][2,2,1,1,0,1][2,2,1,1,1,0]
1947 [0,0,1,1,1,1][0,0,1,1,1,1][0,1,1,1,2,2][1,0,1,1,2,2][3,3,0,0,0,1][3,3,0,0,1,0]
1948 [0,0,1,1,1,1][0,0,1,1,1,1][0,1,1,1,2,2][1,0,1,1,2,2][3,3,1,1,0,1][3,3,1,1,1,0]
1959 [0,0,1,1,1,1][0,0,1,1,1,1][0,1,1,1,3,3][1,0,1,1,3,3][2,2,0,0,0,1][2,2,0,0,1,0]
1960 [0,0,1,1,1,1][0,0,1,1,1,1][0,1,1,1,3,3][1,0,1,1,3,3][2,2,1,1,0,1][2,2,1,1,1,0]
1961 [0,0,1,1,1,1][0,0,1,1,1,1][0,1,1,1,3,3][1,0,1,1,3,3][3,3,0,0,0,1][3,3,0,0,1,0]
1962 [0,0,1,1,1,1][0,0,1,1,1,1][0,1,1,1,3,3][1,0,1,1,3,3][3,3,1,1,0,1][3,3,1,1,1,0]
1974 [0,0,1,1,1,1][0,0,1,1,1,1][1,1,0,1,2,2][1,1,1,0,2,2][1,1,2,2,0,1][1,1,2,2,1,0]
1979 [0,0,1,1,1,1][0,0,1,1,1,1][1,1,0,1,3,3][1,1,1,0,3,3][1,1,2,2,0,1][1,1,2,2,1,0]
1980 [0,0,1,1,1,1][0,0,1,1,1,1][1,1,0,1,3,3][1,1,1,0,3,3][1,1,3,3,0,1][1,1,3,3,1,0]
2079 [0,0,1,1,1,1][0,1,1,1,2,2][0,1,1,1,2,2][1,1,1,1,0,0][2,2,1,1,0,1][2,2,1,1,0,1]
2084 [0,0,1,1,1,1][0,1,1,1,3,3][0,1,1,1,3,3][1,1,1,1,0,0][2,2,0,0,0,1][2,2,0,0,0,1]
2085 [0,0,1,1,1,1][0,1,1,1,3,3][0,1,1,1,3,3][1,1,1,1,0,0][2,2,1,1,0,1][2,2,1,1,0,1]
2086 [0,0,1,1,1,1][0,1,1,1,3,3][0,1,1,1,3,3][1,1,1,1,0,0][3,3,1,1,0,1][3,3,1,1,0,1]
2584 [0,1,1,1,2,2][0,1,1,1,2,2][0,1,2,2,1,1][0,1,2,2,1,1][1,1,0,0,0,0][1,1,1,1,1,1]
2585 [0,1,1,1,2,2][0,1,1,1,2,2][0,1,2,2,1,1][0,1,2,2,1,1][1,1,0,0,1,1][1,1,1,1,0,0]
2601 [0,1,1,1,2,2][0,1,1,1,2,2][1,0,2,2,1,1][1,0,2,2,1,1][1,1,0,0,0,0][1,1,1,1,1,1]
2602 [0,1,1,1,2,2][0,1,1,1,2,2][1,0,2,2,1,1][1,0,2,2,1,1][1,1,0,0,1,1][1,1,1,1,0,0]
2618 [0,1,1,1,2,2][1,0,1,1,2,2][1,1,1,1,1,1][1,1,1,1,1,1][2,2,1,1,0,1][2,2,1,1,1,0]
2624 [0,1,1,1,3,3][0,1,1,1,3,3][0,1,2,2,1,1][0,1,2,2,1,1][1,1,0,0,0,0][1,1,1,1,1,1]
2625 [0,1,1,1,3,3][0,1,1,1,3,3][0,1,2,2,1,1][0,1,2,2,1,1][1,1,0,0,1,1][1,1,1,1,0,0]
2630 [0,1,1,1,3,3][0,1,1,1,3,3][0,1,3,3,1,1][0,1,3,3,1,1][1,1,0,0,0,0][1,1,1,1,1,1]
2631 [0,1,1,1,3,3][0,1,1,1,3,3][0,1,3,3,1,1][0,1,3,3,1,1][1,1,0,0,1,1][1,1,1,1,0,0]
2645 [0,1,1,1,3,3][0,1,1,1,3,3][1,0,2,2,1,1][1,0,2,2,1,1][1,1,0,0,0,0][1,1,1,1,1,1]
2646 [0,1,1,1,3,3][0,1,1,1,3,3][1,0,2,2,1,1][1,0,2,2,1,1][1,1,0,0,1,1][1,1,1,1,0,0]
2651 [0,1,1,1,3,3][0,1,1,1,3,3][1,0,3,3,1,1][1,0,3,3,1,1][1,1,0,0,0,0][1,1,1,1,1,1]
2652 [0,1,1,1,3,3][0,1,1,1,3,3][1,0,3,3,1,1][1,0,3,3,1,1][1,1,0,0,1,1][1,1,1,1,0,0]
2665 [0,1,1,1,3,3][1,0,1,1,3,3][1,1,1,1,1,1][1,1,1,1,1,1][2,2,1,1,0,1][2,2,1,1,1,0]
2666 [0,1,1,1,3,3][1,0,1,1,3,3][1,1,1,1,1,1][1,1,1,1,1,1][3,3,1,1,0,1][3,3,1,1,1,0]
