66 [0,0,0,0,0,0][0,0,0,0,0,0][0,0,2,2,2,2][1,1,2,2,3,3][2,2,0,0,2,2][2,2,1,1,3,3]
67 [0,0,0,0,0,0][0,0,0,0,0,0][0,0,2,2,2,2][1,1,2,2,3,3][2,2,0,0,3,3][2,2,1,1,2,2]
84 [0,0,0,0,0,0][0,0,0,0,0,0][0,0,2,2,3,3][1,1,2,2,2,2][2,2,0,0,3,3][2,2,1,1,2,2]
85 [0,0,0,0,0,0][0,0,0,0,0,0][0,0,2,2,3,3][1,1,2,3,2,3][2,3,0,2,3,0][2,3,1,3,2,1]
86 [0,0,0,0,0,0][0,0,0,0,0,0][0,0,2,2,3,3][1,1,2,3,2,3][2,3,0,3,2,0][2,3,1,2,3,1]
87 [0,0,0,0,0,0][0,0,0,0,0,0][0,0,2,2,3,3][1,1,3,3,3,3][2,2,2,2,0,0][2,2,3,3,1,1]
88 [0,0,0,0,0,0][0,0,0,0,0,0][0,0,2,2,3,3][1,1,3,3,3,3][2,2,2,2,1,1][2,2,3,3,0,0]
89 [0,0,0,0,0,0][0,0,0,0,0,0][0,0,3,3,3,3][1,1,2,2,3,3][2,2,2,2,0,0][2,2,3,3,1,1]
191 [0,0,0,0,0,0][0,0,1,1,1,1][2,2,1,1,2,2][2,2,1,1,2,2][2,2,2,2,1,1][2,2,2,2,1,1]
192 [0,0,0,0,0,0][0,0,1,1,1,1][2,2,1,1,2,2][2,2,1,1,2,2][3,3,2,2,1,1][3,3,2,2,1,1]
193 [0,0,0,0,0,0][0,0,1,1,1,1][2,2,1,1,2,2][2,2,1,1,2,2][3,3,3,3,1,1][3,3,3,3,1,1]
194 [0,0,0,0,0,0][0,0,1,1,1,1][2,2,1,1,3,3][2,2,1,1,3,3][2,2,2,2,1,1][2,2,2,2,1,1]
195 [0,0,0,0,0,0][0,0,1,1,1,1][2,2,1,1,3,3][2,2,1,1,3,3][2,2,3,3,1,1][2,2,3,3,1,1]
196 [0,0,0,0,0,0][0,0,1,1,1,1][2,2,1,1,3,3][2,2,1,1,3,3][3,3,2,2,1,1][3,3,2,2,1,1]
197 [0,0,0,0,0,0][0,0,1,1,1,1][2,3,1,1,2,3][2,3,1,1,2,3][2,3,2,3,1,1][2,3,2,3,1,1]
198 [0,0,0,0,0,0][0,0,1,1,1,1][2,3,1,1,2,3][2,3,1,1,2,3][3,2,2,3,1,1][3,2,2,3,1,1]
199 [0,0,0,0,0,0][0,0,2,2,2,2][0,0,2,2,2,2][1,1,0,0,1,1][2,2,2,2,0,0][2,2,2,2,0,0]
200 [0,0,0,0,0,0][0,0,2,2,2,2][0,0,2,2,2,2][1,1,0,0,1,1][2,2,2,2,1,1][2,2,2,2,1,1]
201 [0,0,0,0,0,0][0,0,2,2,2,2][0,0,2,2,2,2][1,1,0,0,1,1][2,2,3,3,0,0][2,2,3,3,0,0]
202 [0,0,0,0,0,0][0,0,2,2,2,2][0,0,2,2,2,2][1,1,0,0,1,1][2,2,3,3,1,1][2,2,3,3,1,1]
203 [0,0,0,0,0,0][0,0,2,2,2,2][0,0,2,2,2,2][1,1,0,0,1,1][3,3,2,2,1,1][3,3,2,2,1,1]
204 [0,0,0,0,0,0][0,0,2,2,2,2][0,0,2,2,2,2][1,1,0,0,1,1][3,3,3,3,1,1][3,3,3,3,1,1]
205 [0,0,0,0,0,0][0,0,2,2,3,3][0,0,2,2,3,3][1,1,0,0,1,1][2,2,2,2,0,0][2,2,2,2,0,0]
206 [0,0,0,0,0,0][0,0,2,2,3,3][0,0,2,2,3,3][1,1,0,0,1,1][2,2,2,2,1,1][2,2,2,2,1,1]
207 [0,0,0,0,0,0][0,0,2,2,3,3][0,0,2,2,3,3][1,1,0,0,1,1][2,2,3,3,0,0][2,2,3,3,0,0]
208 [0,0,0,0,0,0][0,0,2,2,3,3][0,0,2,2,3,3][1,1,0,0,1,1][2,2,3,3,1,1][2,2,3,3,1,1]
209 [0,0,0,0,0,0][0,0,2,2,3,3][0,0,2,2,3,3][1,1,0,0,1,1][3,3,2,2,0,0][3,3,2,2,0,0]
210 [0,0,0,0,0,0][0,0,2,2,3,3][0,0,2,2,3,3][1,1,0,0,1,1][3,3,2,2,1,1][3,3,2,2,1,1]
211 [0,0,0,0,0,0][0,0,2,2,3,3][0,0,2,2,3,3][1,1,0,0,1,1][3,3,3,3,1,1][3,3,3,3,1,1]
212 [0,0,0,0,0,0][0,0,2,2,3,3][0,0,2,2,3,3][1,1,0,1,0,1][2,3,2,0,3,0][2,3,2,0,3,0]
213 [0,0,0,0,0,0][0,0,2,2,3,3][0,0,2,2,3,3][1,1,0,1,0,1][2,3,2,1,3,1][2,3,2,1,3,1]
214 [0,0,0,0,0,0][0,0,2,2,3,3][0,0,2,2,3,3][1,1,0,1,0,1][2,3,3,0,2,0][2,3,3,0,2,0]
215 [0,0,0,0,0,0][0,0,2,2,3,3][0,0,2,2,3,3][1,1,0,1,0,1][2,3,3,1,2,1][2,3,3,1,2,1]
216 [0,0,0,0,0,0][0,0,3,3,3,3][0,0,3,3,3,3][1,1,0,0,1,1][2,2,2,2,0,0][2,2,2,2,0,0]
276 [0,0,0,0,1,1][0,0,0,0,1,1][0,0,2,2,2,2][1,1,2,2,3,3][2,2,0,0,2,2][2,2,1,1,3,3]
277 [0,0,0,0,1,1][0,0,0,0,1,1][0,0,2,2,2,2][1,1,2,2,3,3][2,2,0,0,3,3][2,2,1,1,2,2]
278 [0,0,0,0,1,1][0,0,0,0,1,1][0,0,2,2,2,2][1,1,3,3,2,2][2,2,2,2,0,0][2,2,3,3,1,1]
279 [0,0,0,0,1,1][0,0,0,0,1,1][0,0,2,2,2,2][1,1,3,3,2,2][2,2,2,2,1,1][2,2,3,3,0,0]
280 [0,0,0,0,1,1][0,0,0,0,1,1][0,0,2,2,2,2][1,1,3,3,2,2][3,3,2,2,0,0][3,3,3,3,1,1]
281 [0,0,0,0,1,1][0,0,0,0,1,1][0,0,2,2,2,2][1,1,3,3,2,2][3,3,2,2,1,1][3,3,3,3,0,0]
285 [0,0,0,0,1,1][0,0,0,0,1,1][0,0,2,2,3,3][1,1,2,2,2,2][2,2,0,0,3,3][2,2,1,1,2,2]
286 [0,0,0,0,1,1][0,0,0,0,1,1][0,0,2,2,3,3][1,1,3,3,3,3][2,2,2,2,0,0][2,2,3,3,1,1]
287 [0,0,0,0,1,1][0,0,0,0,1,1][0,0,2,2,3,3][1,1,3,3,3,3][2,2,2,2,1,1][2,2,3,3,0,0]
288 [0,0,0,0,1,1][0,0,0,0,1,1][0,0,2,2,3,3][1,1,3,3,3,3][3,3,2,2,0,0][3,3,3,3,1,1]
289 [0,0,0,0,1,1][0,0,0,0,1,1][0,0,2,2,3,3][1,1,3,3,3,3][3,3,2,2,1,1][3,3,3,3,0,0]
294 [0,0,0,0,1,1][0,0,0,0,1,1][0,0,2,3,2,3][1,1,2,3,3,2][2,3,0,0,2,3][2,3,1,1,3,2]
295 [0,0,0,0,1,1][0,0,0,0,1,1][0,0,2,3,2,3][1,1,2,3,3,2][2,3,0,0,3,2][2,3,1,1,2,3]
296 [0,0,0,0,1,1][0,0,0,0,1,1][0,0,2,3,2,3][1,1,3,2,2,3][2,3,2,3,0,0][2,3,3,2,1,1]
297 [0,0,0,0,1,1][0,0,0,0,1,1][0,0,2,3,2,3][1,1,3,2,2,3][2,3,2,3,1,1][2,3,3,2,0,0]
299 [0,0,0,0,1,1][0,0,0,0,1,1][0,0,3,3,2,2][1,1,3,3,3,3][2,2,0,0,2,2][2,2,1,1,3,3]
300 [0,0,0,0,1,1][0,0,0,0,1,1][0,0,3,3,2,2][1,1,3,3,3,3][2,2,0,0,3,3][2,2,1,1,2,2]
301 [0,0,0,0,1,1][0,0,0,0,1,1][0,0,3,3,3,3][1,1,3,3,2,2][2,2,0,0,2,2][2,2,1,1,3,3]
393 [0,0,0,0,1,1][0,0,1,1,0,0][2,2,1,1,2,2][2,2,1,1,2,2][2,2,2,2,1,1][2,2,2,2,1,1]
394 [0,0,0,0,1,1][0,0,1,1,0,0][2,2,1,1,2,2][2,2,1,1,2,2][3,3,2,2,1,1][3,3,2,2,1,1]
395 [0,0,0,0,1,1][0,0,1,1,0,0][2,2,1,1,2,2][2,2,1,1,2,2][3,3,3,3,1,1][3,3,3,3,1,1]
396 [0,0,0,0,1,1][0,0,1,1,0,0][2,2,1,1,3,3][2,2,1,1,3,3][2,2,2,2,1,1][2,2,2,2,1,1]
397 [0,0,0,0,1,1][0,0,1,1,0,0][2,2,1,1,3,3][2,2,1,1,3,3][2,2,3,3,1,1][2,2,3,3,1,1]
398 [0,0,0,0,1,1][0,0,1,1,0,0][2,2,1,1,3,3][2,2,1,1,3,3][3,3,2,2,1,1][3,3,2,2,1,1]
399 [0,0,0,0,1,1][0,0,1,1,0,0][2,3,1,1,2,3][2,3,1,1,2,3][2,3,2,3,1,1][2,3,2,3,1,1]
400 [0,0,0,0,1,1][0,0,1,1,0,0][2,3,1,1,2,3][2,3,1,1,2,3][3,2,2,3,1,1][3,2,2,3,1,1]
426 [0,0,0,0,1,1][0,0,2,2,2,2][0,0,2,2,2,2][1,1,0,0,0,0][2,2,2,2,0,0][2,2,2,2,0,0]
427 [0,0,0,0,1,1][0,0,2,2,2,2][0,0,2,2,2,2][1,1,0,0,0,0][2,2,2,2,1,1][2,2,2,2,1,1]
428 [0,0,0,0,1,1][0,0,2,2,2,2][0,0,2,2,2,2][1,1,0,0,0,0][2,2,3,3,0,0][2,2,3,3,0,0]
429 [0,0,0,0,1,1][0,0,2,2,2,2][0,0,2,2,2,2][1,1,0,0,0,0][2,2,3,3,1,1][2,2,3,3,1,1]
430 [0,0,0,0,1,1][0,0,2,2,2,2][0,0,2,2,2,2][1,1,0,0,0,0][3,3,2,2,1,1][3,3,2,2,1,1]
431 [0,0,0,0,1,1][0,0,2,2,2,2][0,0,2,2,2,2][1,1,0,0,0,0][3,3,3,3,1,1][3,3,3,3,1,1]
432 [0,0,0,0,1,1][0,0,2,2,2,2][0,0,2,2,2,2][1,1,1,1,1,1][2,2,0,0,2,2][2,2,0,0,2,2]
433 [0,0,0,0,1,1][0,0,2,2,2,2][0,0,2,2,2,2][1,1,1,1,1,1][2,2,0,0,3,3][2,2,0,0,3,3]
434 [0,0,0,0,1,1][0,0,2,2,2,2][0,0,2,2,2,2][1,1,1,1,1,1][2,2,1,1,2,2][2,2,1,1,2,2]
435 [0,0,0,0,1,1][0,0,2,2,2,2][0,0,2,2,2,2][1,1,1,1,1,1][2,2,1,1,3,3][2,2,1,1,3,3]
436 [0,0,0,0,1,1][0,0,2,2,2,2][0,0,2,2,2,2][1,1,1,1,1,1][3,3,1,1,2,2][3,3,1,1,2,2]
437 [0,0,0,0,1,1][0,0,2,2,2,2][0,0,2,2,2,2][1,1,1,1,1,1][3,3,1,1,3,3][3,3,1,1,3,3]
438 [0,0,0,0,1,1][0,0,2,2,3,3][0,0,2,2,3,3][1,1,0,0,0,0][2,2,2,2,0,0][2,2,2,2,0,0]
439 [0,0,0,0,1,1][0,0,2,2,3,3][0,0,2,2,3,3][1,1,0,0,0,0][2,2,2,2,1,1][2,2,2,2,1,1]
440 [0,0,0,0,1,1][0,0,2,2,3,3][0,0,2,2,3,3][1,1,0,0,0,0][2,2,3,3,0,0][2,2,3,3,0,0]
441 [0,0,0,0,1,1][0,0,2,2,3,3][0,0,2,2,3,3][1,1,0,0,0,0][2,2,3,3,1,1][2,2,3,3,1,1]
442 [0,0,0,0,1,1][0,0,2,2,3,3][0,0,2,2,3,3][1,1,0,0,0,0][3,3,2,2,0,0][3,3,2,2,0,0]
443 [0,0,0,0,1,1][0,0,2,2,3,3][0,0,2,2,3,3][1,1,0,0,0,0][3,3,2,2,1,1][3,3,2,2,1,1]
444 [0,0,0,0,1,1][0,0,2,2,3,3][0,0,2,2,3,3][1,1,0,0,0,0][3,3,3,3,1,1][3,3,3,3,1,1]
445 [0,0,0,0,1,1][0,0,2,2,3,3][0,0,2,2,3,3][1,1,1,1,1,1][2,2,0,0,3,3][2,2,0,0,3,3]
446 [0,0,0,0,1,1][0,0,2,2,3,3][0,0,2,2,3,3][1,1,1,1,1,1][2,2,1,1,2,2][2,2,1,1,2,2]
447 [0,0,0,0,1,1][0,0,2,2,3,3][0,0,2,2,3,3][1,1,1,1,1,1][2,2,1,1,3,3][2,2,1,1,3,3]
448 [0,0,0,0,1,1][0,0,2,2,3,3][0,0,2,2,3,3][1,1,1,1,1,1][3,3,1,1,2,2][3,3,1,1,2,2]
449 [0,0,0,0,1,1][0,0,2,2,3,3][0,0,2,2,3,3][1,1,1,1,1,1][3,3,1,1,3,3][3,3,1,1,3,3]
450 [0,0,0,0,1,1][0,0,2,3,2,3][0,0,2,3,2,3][1,1,0,0,0,0][2,3,2,3,0,0][2,3,2,3,0,0]
451 [0,0,0,0,1,1][0,0,2,3,2,3][0,0,2,3,2,3][1,1,0,0,0,0][2,3,2,3,1,1][2,3,2,3,1,1]
452 [0,0,0,0,1,1][0,0,2,3,2,3][0,0,2,3,2,3][1,1,0,0,0,0][2,3,3,2,0,0][2,3,3,2,0,0]
453 [0,0,0,0,1,1][0,0,2,3,2,3][0,0,2,3,2,3][1,1,0,0,0,0][2,3,3,2,1,1][2,3,3,2,1,1]
454 [0,0,0,0,1,1][0,0,2,3,2,3][0,0,2,3,2,3][1,1,1,1,1,1][2,3,0,0,2,3][2,3,0,0,2,3]
455 [0,0,0,0,1,1][0,0,2,3,2,3][0,0,2,3,2,3][1,1,1,1,1,1][2,3,0,0,3,2][2,3,0,0,3,2]
456 [0,0,0,0,1,1][0,0,2,3,2,3][0,0,2,3,2,3][1,1,1,1,1,1][2,3,1,1,2,3][2,3,1,1,2,3]
457 [0,0,0,0,1,1][0,0,2,3,2,3][0,0,2,3,2,3][1,1,1,1,1,1][2,3,1,1,3,2][2,3,1,1,3,2]
458 [0,0,0,0,1,1][0,0,3,3,2,2][0,0,3,3,2,2][1,1,1,1,1,1][2,2,0,0,2,2][2,2,0,0,2,2]
459 [0,0,0,0,1,1][0,0,3,3,2,2][0,0,3,3,2,2][1,1,1,1,1,1][2,2,0,0,3,3][2,2,0,0,3,3]
460 [0,0,0,0,1,1][0,0,3,3,3,3][0,0,3,3,3,3][1,1,0,0,0,0][2,2,2,2,0,0][2,2,2,2,0,0]
461 [0,0,0,0,1,1][0,0,3,3,3,3][0,0,3,3,3,3][1,1,1,1,1,1][2,2,0,0,2,2][2,2,0,0,2,2]
478 [0,0,0,0,1,1][1,1,1,1,1,1][1,1,2,2,2,2][1,1,2,2,2,2][2,2,1,1,2,2][2,2,1,1,2,2]
479 [0,0,0,0,1,1][1,1,1,1,1,1][1,1,2,2,2,2][1,1,2,2,2,2][2,2,1,1,3,3][2,2,1,1,3,3]
480 [0,0,0,0,1,1][1,1,1,1,1,1][1,1,2,2,3,3][1,1,2,2,3,3][2,2,1,1,3,3][2,2,1,1,3,3]
481 [0,0,0,0,1,1][1,1,1,1,1,1][1,1,2,3,2,3][1,1,2,3,2,3][2,3,1,1,2,3][2,3,1,1,2,3]
482 [0,0,0,0,1,1][1,1,1,1,1,1][1,1,2,3,2,3][1,1,2,3,2,3][2,3,1,1,3,2][2,3,1,1,3,2]
483 [0,0,0,0,1,1][1,1,1,1,1,1][1,1,3,3,2,2][1,1,3,3,2,2][2,2,1,1,2,2][2,2,1,1,2,2]
484 [0,0,0,0,1,1][1,1,1,1,1,1][1,1,3,3,2,2][1,1,3,3,2,2][2,2,1,1,3,3][2,2,1,1,3,3]
485 [0,0,0,0,1,1][1,1,1,1,1,1][1,1,3,3,3,3][1,1,3,3,3,3][2,2,1,1,2,2][2,2,1,1,2,2]
519 [0,0,0,1,2,2][0,0,0,1,2,2][1,1,2,2,0,1][1,1,2,2,0,1][1,1,2,3,2,3][1,1,2,3,2,3]
520 [0,0,0,1,2,2][0,0,0,1,2,2][1,1,2,2,0,1][1,1,2,2,0,1][1,1,2,3,3,2][1,1,2,3,3,2]
521 [0,0,0,1,2,2][0,0,0,1,2,2][1,1,2,2,0,1][1,1,2,2,0,1][1,1,3,2,2,3][1,1,3,2,2,3]
522 [0,0,0,1,2,2][0,0,0,1,2,2][1,1,2,2,0,1][1,1,2,2,0,1][1,1,3,2,3,2][1,1,3,2,3,2]
523 [0,0,0,1,2,2][0,0,0,1,2,2][1,1,2,3,2,3][1,1,2,3,2,3][1,1,3,3,0,1][1,1,3,3,0,1]
524 [0,0,0,1,2,2][0,0,0,1,2,2][1,1,2,3,2,3][1,1,2,3,2,3][1,1,3,3,1,0][1,1,3,3,1,0]
525 [0,0,0,1,2,2][0,0,0,1,2,2][1,1,3,2,2,3][1,1,3,2,2,3][1,1,3,3,0,1][1,1,3,3,0,1]
526 [0,0,0,1,2,2][0,0,0,1,2,2][1,1,3,2,2,3][1,1,3,2,2,3][1,1,3,3,1,0][1,1,3,3,1,0]
527 [0,0,0,1,2,2][0,0,0,1,2,2][1,2,2,0,0,0][1,2,2,0,0,0][1,2,2,1,2,2][1,2,2,1,2,2]
528 [0,0,0,1,2,2][0,0,0,1,2,2][1,2,2,0,0,0][1,2,2,0,0,0][1,2,2,1,3,3][1,2,2,1,3,3]
529 [0,0,0,1,2,2][0,0,0,1,2,2][1,2,2,0,0,0][1,2,2,0,0,0][1,3,3,1,3,3][1,3,3,1,3,3]
530 [0,0,0,1,2,2][0,0,0,1,2,2][1,2,2,0,1,1][1,2,2,0,1,1][1,2,2,1,2,2][1,2,2,1,2,2]
531 [0,0,0,1,2,2][0,0,0,1,2,2][1,2,2,0,1,1][1,2,2,0,1,1][1,2,2,1,3,3][1,2,2,1,3,3]
532 [0,0,0,1,2,2][0,0,0,1,2,2][1,2,2,0,1,1][1,2,2,0,1,1][1,3,3,1,2,2][1,3,3,1,2,2]
533 [0,0,0,1,2,2][0,0,0,1,2,2][1,2,2,0,1,1][1,2,2,0,1,1][1,3,3,1,3,3][1,3,3,1,3,3]
534 [0,0,0,1,2,2][0,0,0,1,2,2][1,2,2,1,2,2][1,2,2,1,2,2][1,3,3,0,1,1][1,3,3,0,1,1]
535 [0,0,0,1,2,2][0,0,0,1,2,2][1,2,2,1,3,3][1,2,2,1,3,3][1,3,3,0,1,1][1,3,3,0,1,1]
536 [0,0,0,1,2,2][0,0,0,1,2,2][1,3,3,0,1,1][1,3,3,0,1,1][1,3,3,1,2,2][1,3,3,1,2,2]
537 [0,0,0,1,2,2][0,0,0,1,2,2][1,3,3,0,1,1][1,3,3,0,1,1][1,3,3,1,3,3][1,3,3,1,3,3]
540 [0,0,0,1,2,2][0,0,0,1,3,3][1,1,2,2,0,1][1,1,2,3,2,3][1,1,3,2,3,2][1,1,3,3,0,1]
541 [0,0,0,1,2,2][0,0,0,1,3,3][1,1,2,2,0,1][1,1,2,3,3,2][1,1,3,2,2,3][1,1,3,3,0,1]
542 [0,0,0,1,2,2][0,0,0,1,3,3][1,2,2,0,0,0][1,2,2,1,2,2][1,3,3,0,0,0][1,3,3,1,3,3]
543 [0,0,0,1,2,2][0,0,0,1,3,3][1,2,2,0,0,0][1,2,2,1,3,3][1,3,3,0,0,0][1,3,3,1,2,2]
544 [0,0,0,1,2,2][0,0,0,1,3,3][1,2,2,0,1,1][1,2,2,1,2,2][1,3,3,0,1,1][1,3,3,1,3,3]
545 [0,0,0,1,2,2][0,0,0,1,3,3][1,2,2,0,1,1][1,2,2,1,3,3][1,3,3,0,1,1][1,3,3,1,2,2]
566 [0,0,0,1,3,3][0,0,0,1,3,3][1,2,2,0,0,0][1,2,2,0,0,0][1,2,2,1,2,2][1,2,2,1,2,2]
567 [0,0,0,1,3,3][0,0,0,1,3,3][1,2,2,0,0,0][1,2,2,0,0,0][1,2,2,1,3,3][1,2,2,1,3,3]
568 [0,0,0,1,3,3][0,0,0,1,3,3][1,2,2,0,0,0][1,2,2,0,0,0][1,3,3,1,2,2][1,3,3,1,2,2]
602 [0,0,1,1,1,1][0,0,1,1,1,1][2,2,0,0,2,2][2,2,2,2,0,0][3,3,1,1,2,2][3,3,2,2,1,1]
603 [0,0,1,1,1,1][0,0,1,1,1,1][2,2,0,0,2,2][2,2,2,2,1,1][3,3,1,1,2,2][3,3,2,2,0,0]
604 [0,0,1,1,1,1][0,0,1,1,1,1][2,2,0,0,2,2][2,2,3,3,1,1][3,3,1,1,2,2][3,3,3,3,0,0]
605 [0,0,1,1,1,1][0,0,1,1,1,1][2,2,0,0,3,3][2,2,2,2,0,0][3,3,1,1,3,3][3,3,2,2,1,1]
606 [0,0,1,1,1,1][0,0,1,1,1,1][2,2,0,0,3,3][2,2,2,2,1,1][3,3,1,1,3,3][3,3,2,2,0,0]
607 [0,0,1,1,1,1][0,0,1,1,1,1][2,2,0,0,3,3][2,2,3,3,0,0][3,3,1,1,3,3][3,3,3,3,1,1]
623 [0,0,1,1,1,1][0,0,1,1,1,1][2,3,0,0,2,3][2,3,2,3,0,0][3,2,1,1,2,3][3,2,2,3,1,1]
624 [0,0,1,1,1,1][0,0,1,1,1,1][2,3,0,0,2,3][2,3,2,3,1,1][3,2,1,1,2,3][3,2,2,3,0,0]
633 [0,0,1,1,1,1][1,1,0,0,1,1][1,1,2,2,2,2][1,1,2,2,2,2][2,2,1,1,2,2][2,2,1,1,2,2]
634 [0,0,1,1,1,1][1,1,0,0,1,1][1,1,2,2,2,2][1,1,2,2,2,2][2,2,1,1,3,3][2,2,1,1,3,3]
635 [0,0,1,1,1,1][1,1,0,0,1,1][1,1,2,2,3,3][1,1,2,2,3,3][2,2,1,1,3,3][2,2,1,1,3,3]
636 [0,0,1,1,1,1][1,1,0,0,1,1][1,1,2,3,2,3][1,1,2,3,2,3][2,3,1,1,2,3][2,3,1,1,2,3]
637 [0,0,1,1,1,1][1,1,0,0,1,1][1,1,2,3,2,3][1,1,2,3,2,3][2,3,1,1,3,2][2,3,1,1,3,2]
638 [0,0,1,1,1,1][1,1,0,0,1,1][1,1,3,3,2,2][1,1,3,3,2,2][2,2,1,1,2,2][2,2,1,1,2,2]
639 [0,0,1,1,1,1][1,1,0,0,1,1][1,1,3,3,2,2][1,1,3,3,2,2][2,2,1,1,3,3][2,2,1,1,3,3]
640 [0,0,1,1,1,1][1,1,0,0,1,1][1,1,3,3,3,3][1,1,3,3,3,3][2,2,1,1,2,2][2,2,1,1,2,2]
697 [0,0,2,2,2,2][1,1,1,1,1,1][1,1,1,1,1,1][1,1,2,2,3,3][2,2,0,0,2,2][2,2,1,1,3,3]
698 [0,0,2,2,2,2][1,1,1,1,1,1][1,1,1,1,1,1][1,1,2,2,3,3][2,2,0,0,3,3][2,2,1,1,2,2]
744 [0,0,2,2,3,3][1,1,1,1,1,1][1,1,1,1,1,1][1,1,2,2,2,2][2,2,0,0,3,3][2,2,1,1,2,2]
745 [0,0,2,2,3,3][1,1,1,1,1,1][1,1,1,1,1,1][1,1,2,3,2,3][2,3,0,2,3,0][2,3,1,3,2,1]
746 [0,0,2,2,3,3][1,1,1,1,1,1][1,1,1,1,1,1][1,1,2,3,2,3][2,3,0,3,2,0][2,3,1,2,3,1]
747 [0,0,2,2,3,3][1,1,1,1,1,1][1,1,1,1,1,1][1,1,3,3,3,3][2,2,2,2,0,0][2,2,3,3,1,1]
748 [0,0,2,2,3,3][1,1,1,1,1,1][1,1,1,1,1,1][1,1,3,3,3,3][2,2,2,2,1,1][2,2,3,3,0,0]
751 [0,0,3,3,3,3][1,1,1,1,1,1][1,1,1,1,1,1][1,1,2,2,3,3][2,2,2,2,0,0][2,2,3,3,1,1]
