33 [0,0,0,0,0,0][0,0,0,0,0,0][0,0,0,1,2,2][0,0,1,0,3,3][0,0,2,3,2,3][0,0,2,3,3,2]
36 [0,0,0,0,0,0][0,0,0,0,0,0][0,0,0,1,2,2][0,0,1,0,3,3][1,1,2,3,2,3][1,1,2,3,3,2]
41 [0,0,0,0,0,0][0,0,0,0,0,0][0,0,0,1,2,2][0,1,1,1,3,3][1,2,2,1,2,2][1,2,2,1,3,3]
42 [0,0,0,0,0,0][0,0,0,0,0,0][0,0,0,1,2,2][0,1,1,1,3,3][1,3,3,1,2,2][1,3,3,1,3,3]
43 [0,0,0,0,0,0][0,0,0,0,0,0][0,0,0,1,3,3][0,0,1,0,2,2][0,0,2,3,2,3][0,0,2,3,3,2]
44 [0,0,0,0,0,0][0,0,0,0,0,0][0,0,0,1,3,3][0,0,1,0,2,2][1,1,2,3,2,3][1,1,2,3,3,2]
61 [0,0,0,0,0,0][0,0,0,0,0,0][0,0,2,2,2,2][0,0,2,2,3,3][0,1,0,0,2,2][0,1,1,1,3,3]
62 [0,0,0,0,0,0][0,0,0,0,0,0][0,0,2,2,2,2][0,0,2,2,3,3][0,1,0,0,3,3][0,1,1,1,2,2]
79 [0,0,0,0,0,0][0,0,0,0,0,0][0,0,2,2,3,3][0,0,2,3,2,3][1,1,0,2,2,1][1,1,1,3,3,0]
80 [0,0,0,0,0,0][0,0,0,0,0,0][0,0,2,2,3,3][0,0,2,3,2,3][1,1,0,3,3,1][1,1,1,2,2,0]
100 [0,0,0,0,0,0][0,0,0,0,0,0][0,1,1,1,2,2][1,0,1,1,3,3][2,3,1,1,2,3][2,3,1,1,3,2]
101 [0,0,0,0,0,0][0,0,0,0,0,0][0,1,1,1,3,3][1,0,1,1,2,2][2,3,1,1,2,3][2,3,1,1,3,2]
136 [0,0,0,0,0,0][0,0,0,0,1,1][0,0,2,2,2,2][0,0,2,2,2,2][0,1,2,2,0,0][0,1,2,2,0,0]
137 [0,0,0,0,0,0][0,0,0,0,1,1][0,0,2,2,2,2][0,0,2,2,2,2][0,1,2,2,1,1][0,1,2,2,1,1]
138 [0,0,0,0,0,0][0,0,0,0,1,1][0,0,2,2,2,2][0,0,2,2,2,2][0,1,3,3,0,0][0,1,3,3,0,0]
139 [0,0,0,0,0,0][0,0,0,0,1,1][0,0,2,2,2,2][0,0,2,2,2,2][0,1,3,3,1,1][0,1,3,3,1,1]
143 [0,0,0,0,0,0][0,0,0,0,1,1][0,0,2,2,3,3][0,0,2,2,3,3][0,1,3,3,0,0][0,1,3,3,0,0]
144 [0,0,0,0,0,0][0,0,0,0,1,1][0,0,2,2,3,3][0,0,2,2,3,3][0,1,3,3,1,1][0,1,3,3,1,1]
151 [0,0,0,0,0,0][0,0,0,0,1,1][0,0,2,3,2,3][0,0,2,3,2,3][1,1,2,2,0,1][1,1,2,2,0,1]
152 [0,0,0,0,0,0][0,0,0,0,1,1][0,0,2,3,2,3][0,0,2,3,2,3][1,1,2,2,1,0][1,1,2,2,1,0]
160 [0,0,0,0,0,0][0,0,0,0,1,1][0,1,2,2,1,1][0,1,2,2,1,1][1,1,2,2,2,2][1,1,2,2,2,2]
161 [0,0,0,0,0,0][0,0,0,0,1,1][0,1,2,2,1,1][0,1,2,2,1,1][1,1,2,2,3,3][1,1,2,2,3,3]
162 [0,0,0,0,0,0][0,0,0,0,1,1][0,1,2,2,1,1][0,1,2,2,1,1][1,1,3,3,2,2][1,1,3,3,2,2]
163 [0,0,0,0,0,0][0,0,0,0,1,1][0,1,2,2,1,1][0,1,2,2,1,1][1,1,3,3,3,3][1,1,3,3,3,3]
168 [0,0,0,0,0,0][0,0,0,1,2,2][0,0,0,1,2,2][0,0,1,1,0,0][1,1,2,3,2,3][1,1,2,3,2,3]
169 [0,0,0,0,0,0][0,0,0,1,2,2][0,0,0,1,2,2][0,0,1,1,0,0][1,1,3,2,2,3][1,1,3,2,2,3]
175 [0,0,0,0,0,0][0,0,0,1,2,2][0,0,0,1,2,2][0,1,1,0,0,0][1,2,2,1,2,2][1,2,2,1,2,2]
176 [0,0,0,0,0,0][0,0,0,1,2,2][0,0,0,1,2,2][0,1,1,0,0,0][1,2,2,1,3,3][1,2,2,1,3,3]
177 [0,0,0,0,0,0][0,0,0,1,2,2][0,0,0,1,2,2][0,1,1,0,0,0][1,3,3,1,2,2][1,3,3,1,2,2]
178 [0,0,0,0,0,0][0,0,0,1,2,2][0,0,0,1,2,2][0,1,1,0,0,0][1,3,3,1,3,3][1,3,3,1,3,3]
236 [0,0,0,0,0,0][0,1,1,1,2,2][0,1,1,1,2,2][1,0,0,1,0,0][2,1,1,3,2,3][2,1,1,3,2,3]
237 [0,0,0,0,0,0][0,1,1,1,2,2][0,1,1,1,2,2][1,0,0,1,0,0][3,1,1,2,2,3][3,1,1,2,2,3]
259 [0,0,0,0,1,1][0,0,0,0,1,1][0,0,0,1,2,2][0,0,1,0,3,3][1,1,2,3,2,3][1,1,2,3,3,2]
264 [0,0,0,0,1,1][0,0,0,0,1,1][0,0,0,1,2,2][0,1,1,1,3,3][1,2,2,1,2,2][1,2,2,1,3,3]
265 [0,0,0,0,1,1][0,0,0,0,1,1][0,0,0,1,2,2][0,1,1,1,3,3][1,3,3,1,2,2][1,3,3,1,3,3]
266 [0,0,0,0,1,1][0,0,0,0,1,1][0,0,0,1,3,3][0,0,1,0,2,2][1,1,2,3,2,3][1,1,2,3,3,2]
290 [0,0,0,0,1,1][0,0,0,0,1,1][0,0,2,2,0,1][0,0,3,3,1,0][1,1,2,3,2,3][1,1,3,2,2,3]
291 [0,0,0,0,1,1][0,0,0,0,1,1][0,0,2,2,0,1][0,0,3,3,1,0][1,1,2,3,3,2][1,1,3,2,3,2]
303 [0,0,0,0,1,1][0,0,0,0,1,1][0,0,2,2,0,1][1,1,3,3,0,1][2,2,2,2,1,1][2,2,3,3,1,1]
304 [0,0,0,0,1,1][0,0,0,0,1,1][0,0,2,2,0,1][1,1,3,3,0,1][3,3,2,2,1,1][3,3,3,3,1,1]
346 [0,0,0,0,1,1][0,0,0,0,1,1][0,0,2,3,2,3][0,0,3,2,2,3][1,1,2,2,0,1][1,1,3,3,1,0]
347 [0,0,0,0,1,1][0,0,0,0,1,1][0,0,2,3,2,3][0,0,3,2,2,3][1,1,2,2,1,0][1,1,3,3,0,1]
371 [0,0,0,0,1,1][0,0,0,0,1,1][0,1,1,1,2,2][1,0,1,1,3,3][2,3,1,1,2,3][2,3,1,1,3,2]
372 [0,0,0,0,1,1][0,0,0,0,1,1][0,1,1,1,3,3][1,0,1,1,2,2][2,3,1,1,2,3][2,3,1,1,3,2]
383 [0,0,0,0,1,1][0,0,0,0,1,1][0,1,2,2,0,0][0,1,3,3,1,1][1,1,2,2,2,2][1,1,3,3,2,2]
384 [0,0,0,0,1,1][0,0,0,0,1,1][0,1,2,2,0,0][0,1,3,3,1,1][1,1,2,2,3,3][1,1,3,3,3,3]
386 [0,0,0,0,1,1][0,0,0,0,1,1][0,1,2,2,0,0][1,0,3,3,0,0][2,3,2,3,1,1][2,3,3,2,1,1]
396 [0,0,0,0,1,1][0,0,0,0,1,1][0,1,2,2,1,1][1,0,3,3,1,1][2,3,2,3,0,0][2,3,3,2,0,0]
397 [0,0,0,0,1,1][0,0,0,0,1,1][0,1,2,2,1,1][1,0,3,3,1,1][2,3,2,3,1,1][2,3,3,2,1,1]
398 [0,0,0,0,1,1][0,0,0,0,1,1][0,1,3,3,0,0][1,0,2,2,0,0][2,3,2,3,1,1][2,3,3,2,1,1]
400 [0,0,0,0,1,1][0,0,0,0,1,1][0,1,3,3,1,1][1,0,2,2,1,1][2,3,2,3,0,0][2,3,3,2,0,0]
401 [0,0,0,0,1,1][0,0,0,0,1,1][0,1,3,3,1,1][1,0,2,2,1,1][2,3,2,3,1,1][2,3,3,2,1,1]
406 [0,0,0,0,1,1][0,0,0,0,1,1][1,1,2,2,0,1][1,1,2,3,2,3][1,1,3,2,2,3][1,1,3,3,1,0]
407 [0,0,0,0,1,1][0,0,0,0,1,1][1,1,2,2,0,1][1,1,2,3,3,2][1,1,3,2,3,2][1,1,3,3,1,0]
448 [0,0,0,0,1,1][0,0,0,1,2,2][0,0,0,1,2,2][0,1,1,0,1,1][1,2,2,1,2,2][1,2,2,1,2,2]
449 [0,0,0,0,1,1][0,0,0,1,2,2][0,0,0,1,2,2][0,1,1,0,1,1][1,2,2,1,3,3][1,2,2,1,3,3]
450 [0,0,0,0,1,1][0,0,0,1,2,2][0,0,0,1,2,2][0,1,1,0,1,1][1,3,3,1,2,2][1,3,3,1,2,2]
501 [0,0,0,0,1,1][0,0,1,1,1,1][0,1,1,1,2,2][0,1,1,1,2,2][1,1,2,2,2,2][1,1,2,2,2,2]
502 [0,0,0,0,1,1][0,0,1,1,1,1][0,1,1,1,2,2][0,1,1,1,2,2][1,1,2,2,3,3][1,1,2,2,3,3]
503 [0,0,0,0,1,1][0,0,1,1,1,1][0,1,1,1,2,2][0,1,1,1,2,2][1,1,3,3,2,2][1,1,3,3,2,2]
557 [0,0,0,0,1,1][0,1,1,1,2,2][0,1,1,1,2,2][1,0,0,1,1,1][2,1,1,3,2,3][2,1,1,3,2,3]
558 [0,0,0,0,1,1][0,1,1,1,2,2][0,1,1,1,2,2][1,0,0,1,1,1][3,1,1,2,2,3][3,1,1,2,2,3]
560 [0,0,0,0,1,1][0,1,2,2,1,1][0,1,2,2,1,1][1,1,0,0,1,1][2,3,2,3,0,0][2,3,2,3,0,0]
561 [0,0,0,0,1,1][0,1,2,2,1,1][0,1,2,2,1,1][1,1,0,0,1,1][2,3,2,3,1,1][2,3,2,3,1,1]
562 [0,0,0,0,1,1][0,1,2,2,1,1][0,1,2,2,1,1][1,1,0,0,1,1][3,2,2,3,0,0][3,2,2,3,0,0]
563 [0,0,0,0,1,1][0,1,2,2,1,1][0,1,2,2,1,1][1,1,0,0,1,1][3,2,2,3,1,1][3,2,2,3,1,1]
589 [0,0,0,1,2,2][0,0,0,1,2,2][0,0,1,1,0,0][1,1,1,1,0,0][2,2,1,1,2,2][2,2,1,1,2,2]
590 [0,0,0,1,2,2][0,0,0,1,2,2][0,0,1,1,0,0][1,1,1,1,0,0][2,2,1,1,3,3][2,2,1,1,3,3]
591 [0,0,0,1,2,2][0,0,0,1,2,2][0,0,1,1,0,0][1,1,1,1,0,0][3,3,1,1,2,2][3,3,1,1,2,2]
592 [0,0,0,1,2,2][0,0,0,1,2,2][0,0,1,1,0,0][1,1,1,1,0,0][3,3,1,1,3,3][3,3,1,1,3,3]
600 [0,0,0,1,2,2][0,0,0,1,2,2][0,0,1,1,1,1][1,1,1,1,1,1][2,2,1,1,2,2][2,2,1,1,2,2]
601 [0,0,0,1,2,2][0,0,0,1,2,2][0,0,1,1,1,1][1,1,1,1,1,1][2,2,1,1,3,3][2,2,1,1,3,3]
602 [0,0,0,1,2,2][0,0,0,1,2,2][0,0,1,1,1,1][1,1,1,1,1,1][3,3,1,1,2,2][3,3,1,1,2,2]
604 [0,0,0,1,2,2][0,0,0,1,2,2][0,0,2,3,2,3][0,0,2,3,2,3][1,1,0,0,0,0][1,1,1,1,0,0]
605 [0,0,0,1,2,2][0,0,0,1,2,2][0,0,3,2,2,3][0,0,3,2,2,3][1,1,0,0,0,0][1,1,1,1,0,0]
607 [0,0,0,1,2,2][0,0,0,1,2,2][0,1,1,0,0,0][1,1,1,1,0,0][2,1,1,3,2,3][2,1,1,3,2,3]
608 [0,0,0,1,2,2][0,0,0,1,2,2][0,1,1,0,0,0][1,1,1,1,0,0][3,1,1,2,2,3][3,1,1,2,2,3]
611 [0,0,0,1,2,2][0,0,0,1,2,2][0,1,1,0,1,1][1,1,1,1,1,1][2,1,1,3,2,3][2,1,1,3,2,3]
612 [0,0,0,1,2,2][0,0,0,1,2,2][0,1,1,0,1,1][1,1,1,1,1,1][3,1,1,2,2,3][3,1,1,2,2,3]
655 [0,0,0,1,2,2][0,0,1,0,3,3][0,0,2,3,2,3][0,0,2,3,3,2][1,1,0,0,0,0][1,1,0,0,0,0]
660 [0,0,0,1,2,2][0,0,1,0,3,3][1,1,1,1,0,0][1,1,1,1,0,0][1,1,2,3,2,3][1,1,2,3,3,2]
661 [0,0,0,1,2,2][0,0,1,0,3,3][1,1,1,1,1,1][1,1,1,1,1,1][1,1,2,3,2,3][1,1,2,3,3,2]
668 [0,0,0,1,2,2][0,1,1,1,3,3][1,1,1,1,0,0][1,1,1,1,0,0][1,2,2,1,2,2][1,2,2,1,3,3]
669 [0,0,0,1,2,2][0,1,1,1,3,3][1,1,1,1,0,0][1,1,1,1,0,0][1,3,3,1,2,2][1,3,3,1,3,3]
670 [0,0,0,1,2,2][0,1,1,1,3,3][1,1,1,1,1,1][1,1,1,1,1,1][1,2,2,1,2,2][1,2,2,1,3,3]
671 [0,0,0,1,2,2][0,1,1,1,3,3][1,1,1,1,1,1][1,1,1,1,1,1][1,3,3,1,2,2][1,3,3,1,3,3]
679 [0,0,0,1,3,3][0,0,1,0,2,2][0,0,2,3,2,3][0,0,2,3,3,2][1,1,0,0,0,0][1,1,0,0,0,0]
680 [0,0,0,1,3,3][0,0,1,0,2,2][1,1,1,1,0,0][1,1,1,1,0,0][1,1,2,3,2,3][1,1,2,3,3,2]
681 [0,0,0,1,3,3][0,0,1,0,2,2][1,1,1,1,1,1][1,1,1,1,1,1][1,1,2,3,2,3][1,1,2,3,3,2]
693 [0,0,1,1,1,1][0,0,1,1,1,1][0,1,0,0,2,2][1,0,0,0,3,3][2,3,1,1,2,3][2,3,1,1,3,2]
694 [0,0,1,1,1,1][0,0,1,1,1,1][0,1,0,0,3,3][1,0,0,0,2,2][2,3,1,1,2,3][2,3,1,1,3,2]
705 [0,0,1,1,1,1][0,0,1,1,1,1][1,1,0,1,2,2][1,1,1,0,3,3][1,1,2,3,2,3][1,1,2,3,3,2]
706 [0,0,1,1,1,1][0,0,1,1,1,1][1,1,0,1,3,3][1,1,1,0,2,2][1,1,2,3,2,3][1,1,2,3,3,2]
721 [0,0,1,1,1,1][0,0,1,1,1,1][2,2,0,1,1,1][2,3,2,1,1,3][3,2,2,1,1,3][3,3,1,1,1,0]
722 [0,0,1,1,1,1][0,0,1,1,1,1][2,2,0,1,1,1][2,3,3,1,1,2][3,2,3,1,1,2][3,3,1,1,1,0]
765 [0,0,2,2,2,2][0,0,2,2,2,2][0,1,0,0,2,2][0,1,0,0,2,2][1,1,0,0,0,0][1,1,1,1,0,0]
766 [0,0,2,2,2,2][0,0,2,2,2,2][0,1,0,0,3,3][0,1,0,0,3,3][1,1,0,0,0,0][1,1,1,1,0,0]
767 [0,0,2,2,2,2][0,0,2,2,2,2][0,1,1,1,2,2][0,1,1,1,2,2][1,1,0,0,0,0][1,1,1,1,0,0]
768 [0,0,2,2,2,2][0,0,2,2,2,2][0,1,1,1,2,2][0,1,1,1,2,2][1,1,0,0,1,1][1,1,1,1,1,1]
769 [0,0,2,2,2,2][0,0,2,2,2,2][0,1,1,1,3,3][0,1,1,1,3,3][1,1,0,0,0,0][1,1,1,1,0,0]
770 [0,0,2,2,2,2][0,0,2,2,2,2][0,1,1,1,3,3][0,1,1,1,3,3][1,1,0,0,1,1][1,1,1,1,1,1]
835 [0,0,2,2,3,3][0,0,2,2,3,3][0,1,0,0,2,2][0,1,0,0,2,2][1,1,0,0,0,0][1,1,1,1,0,0]
836 [0,0,2,2,3,3][0,0,2,2,3,3][0,1,1,1,2,2][0,1,1,1,2,2][1,1,0,0,0,0][1,1,1,1,0,0]
837 [0,0,2,2,3,3][0,0,2,2,3,3][0,1,1,1,2,2][0,1,1,1,2,2][1,1,0,0,1,1][1,1,1,1,1,1]
838 [0,0,2,2,3,3][0,0,2,2,3,3][0,1,1,1,3,3][0,1,1,1,3,3][1,1,0,0,1,1][1,1,1,1,1,1]
873 [0,0,2,2,3,3][0,0,2,3,2,3][1,1,0,2,2,1][1,1,1,0,0,1][1,1,1,0,0,1][1,1,1,3,3,0]
874 [0,0,2,2,3,3][0,0,2,3,2,3][1,1,0,3,3,1][1,1,1,0,0,1][1,1,1,0,0,1][1,1,1,2,2,0]
896 [0,1,1,1,2,2][0,1,1,1,2,2][1,0,0,1,1,1][1,1,1,1,1,1][1,2,2,1,2,2][1,2,2,1,2,2]
897 [0,1,1,1,2,2][0,1,1,1,2,2][1,0,0,1,1,1][1,1,1,1,1,1][1,2,2,1,3,3][1,2,2,1,3,3]
898 [0,1,1,1,2,2][0,1,1,1,2,2][1,0,0,1,1,1][1,1,1,1,1,1][1,3,3,1,2,2][1,3,3,1,2,2]
902 [0,1,1,1,2,2][1,0,1,1,3,3][1,1,1,1,1,1][1,1,1,1,1,1][2,3,1,1,2,3][2,3,1,1,3,2]
906 [0,1,1,1,3,3][1,0,1,1,2,2][1,1,1,1,1,1][1,1,1,1,1,1][2,3,1,1,2,3][2,3,1,1,3,2]
