2159 [0,0,2,2,2,2][0,0,2,2,2,2][2,2,0,0,2,2][2,2,0,0,2,2][2,2,2,2,0,0][2,2,2,2,0,0]
2160 [0,0,2,2,2,2][0,0,2,2,2,2][2,2,0,0,2,2][2,2,0,0,2,2][2,2,2,2,1,1][2,2,2,2,1,1]
2161 [0,0,2,2,2,2][0,0,2,2,2,2][2,2,0,0,2,2][2,2,0,0,2,2][2,2,3,3,1,1][2,2,3,3,1,1]
2162 [0,0,2,2,2,2][0,0,2,2,2,2][2,2,0,0,2,2][2,2,0,0,2,2][3,3,3,3,1,1][3,3,3,3,1,1]
2163 [0,0,2,2,2,2][0,0,2,2,2,2][2,2,0,0,3,3][2,2,0,0,3,3][2,2,2,2,0,0][2,2,2,2,0,0]
2164 [0,0,2,2,2,2][0,0,2,2,2,2][2,2,0,0,3,3][2,2,0,0,3,3][2,2,2,2,1,1][2,2,2,2,1,1]
2165 [0,0,2,2,2,2][0,0,2,2,2,2][2,2,0,0,3,3][2,2,0,0,3,3][2,2,3,3,0,0][2,2,3,3,0,0]
2166 [0,0,2,2,2,2][0,0,2,2,2,2][2,2,0,0,3,3][2,2,0,0,3,3][2,2,3,3,1,1][2,2,3,3,1,1]
2167 [0,0,2,2,2,2][0,0,2,2,2,2][2,2,0,0,3,3][2,2,0,0,3,3][3,3,3,3,0,0][3,3,3,3,0,0]
2168 [0,0,2,2,2,2][0,0,2,2,2,2][2,2,0,0,3,3][2,2,0,0,3,3][3,3,3,3,1,1][3,3,3,3,1,1]
2169 [0,0,2,2,2,2][0,0,2,2,2,2][2,2,1,1,2,2][2,2,1,1,2,2][2,2,2,2,1,1][2,2,2,2,1,1]
2170 [0,0,2,2,2,2][0,0,2,2,2,2][2,2,1,1,2,2][2,2,1,1,2,2][3,3,2,2,1,1][3,3,2,2,1,1]
2171 [0,0,2,2,2,2][0,0,2,2,2,2][2,2,1,1,2,2][2,2,1,1,2,2][3,3,3,3,1,1][3,3,3,3,1,1]
2172 [0,0,2,2,2,2][0,0,2,2,2,2][2,2,1,1,3,3][2,2,1,1,3,3][2,2,2,2,1,1][2,2,2,2,1,1]
2173 [0,0,2,2,2,2][0,0,2,2,2,2][2,2,1,1,3,3][2,2,1,1,3,3][2,2,3,3,1,1][2,2,3,3,1,1]
2174 [0,0,2,2,2,2][0,0,2,2,2,2][2,2,1,1,3,3][2,2,1,1,3,3][3,3,2,2,0,0][3,3,2,2,0,0]
2175 [0,0,2,2,2,2][0,0,2,2,2,2][2,2,1,1,3,3][2,2,1,1,3,3][3,3,2,2,1,1][3,3,2,2,1,1]
2176 [0,0,2,2,2,2][0,0,2,2,2,2][2,2,1,1,3,3][2,2,1,1,3,3][3,3,3,3,0,0][3,3,3,3,0,0]
2177 [0,0,2,2,2,2][0,0,2,2,2,2][2,2,1,1,3,3][2,2,1,1,3,3][3,3,3,3,1,1][3,3,3,3,1,1]
2178 [0,0,2,2,2,2][0,0,2,2,2,2][3,3,1,1,2,2][3,3,1,1,2,2][3,3,2,2,1,1][3,3,2,2,1,1]
2179 [0,0,2,2,2,2][0,0,2,2,2,2][3,3,1,1,3,3][3,3,1,1,3,3][3,3,2,2,1,1][3,3,2,2,1,1]
2180 [0,0,2,2,2,2][0,0,2,2,2,2][3,3,1,1,3,3][3,3,1,1,3,3][3,3,3,3,1,1][3,3,3,3,1,1]
2226 [0,0,2,2,2,2][0,0,3,3,3,3][2,2,0,0,2,2][2,2,2,2,0,0][3,3,0,0,3,3][3,3,3,3,0,0]
2227 [0,0,2,2,2,2][0,0,3,3,3,3][2,2,0,0,2,2][2,2,2,2,1,1][3,3,0,0,3,3][3,3,3,3,1,1]
2228 [0,0,2,2,2,2][0,0,3,3,3,3][2,2,0,0,2,2][2,2,3,3,1,1][3,3,0,0,3,3][3,3,2,2,1,1]
2229 [0,0,2,2,2,2][0,0,3,3,3,3][2,2,0,0,3,3][2,2,2,2,0,0][3,3,0,0,2,2][3,3,3,3,0,0]
2230 [0,0,2,2,2,2][0,0,3,3,3,3][2,2,0,0,3,3][2,2,2,2,1,1][3,3,0,0,2,2][3,3,3,3,1,1]
2231 [0,0,2,2,2,2][0,0,3,3,3,3][2,2,0,0,3,3][2,2,3,3,1,1][3,3,0,0,2,2][3,3,2,2,1,1]
2232 [0,0,2,2,2,2][0,0,3,3,3,3][2,2,1,1,2,2][2,2,2,2,1,1][3,3,1,1,3,3][3,3,3,3,1,1]
2233 [0,0,2,2,2,2][0,0,3,3,3,3][2,2,1,1,3,3][2,2,2,2,1,1][3,3,1,1,2,2][3,3,3,3,1,1]
2234 [0,0,2,2,2,2][0,0,3,3,3,3][2,2,1,1,3,3][2,2,3,3,1,1][3,3,1,1,2,2][3,3,2,2,1,1]
2346 [0,0,2,2,3,3][0,0,2,2,3,3][2,2,0,0,2,2][2,2,0,0,2,2][2,2,3,3,0,0][2,2,3,3,0,0]
2347 [0,0,2,2,3,3][0,0,2,2,3,3][2,2,0,0,2,2][2,2,0,0,2,2][2,2,3,3,1,1][2,2,3,3,1,1]
2348 [0,0,2,2,3,3][0,0,2,2,3,3][2,2,0,0,3,3][2,2,0,0,3,3][2,2,2,2,0,0][2,2,2,2,0,0]
2349 [0,0,2,2,3,3][0,0,2,2,3,3][2,2,0,0,3,3][2,2,0,0,3,3][2,2,2,2,1,1][2,2,2,2,1,1]
2350 [0,0,2,2,3,3][0,0,2,2,3,3][2,2,0,0,3,3][2,2,0,0,3,3][2,2,3,3,0,0][2,2,3,3,0,0]
2351 [0,0,2,2,3,3][0,0,2,2,3,3][2,2,0,0,3,3][2,2,0,0,3,3][2,2,3,3,1,1][2,2,3,3,1,1]
2352 [0,0,2,2,3,3][0,0,2,2,3,3][2,2,0,0,3,3][2,2,0,0,3,3][3,3,3,3,0,0][3,3,3,3,0,0]
2353 [0,0,2,2,3,3][0,0,2,2,3,3][2,2,0,0,3,3][2,2,0,0,3,3][3,3,3,3,1,1][3,3,3,3,1,1]
2354 [0,0,2,2,3,3][0,0,2,2,3,3][2,2,1,1,2,2][2,2,1,1,2,2][2,2,2,2,0,0][2,2,2,2,0,0]
2355 [0,0,2,2,3,3][0,0,2,2,3,3][2,2,1,1,2,2][2,2,1,1,2,2][2,2,2,2,1,1][2,2,2,2,1,1]
2356 [0,0,2,2,3,3][0,0,2,2,3,3][2,2,1,1,2,2][2,2,1,1,2,2][2,2,3,3,0,0][2,2,3,3,0,0]
2357 [0,0,2,2,3,3][0,0,2,2,3,3][2,2,1,1,2,2][2,2,1,1,2,2][2,2,3,3,1,1][2,2,3,3,1,1]
2358 [0,0,2,2,3,3][0,0,2,2,3,3][2,2,1,1,2,2][2,2,1,1,2,2][3,3,2,2,0,0][3,3,2,2,0,0]
2359 [0,0,2,2,3,3][0,0,2,2,3,3][2,2,1,1,2,2][2,2,1,1,2,2][3,3,2,2,1,1][3,3,2,2,1,1]
2360 [0,0,2,2,3,3][0,0,2,2,3,3][2,2,1,1,2,2][2,2,1,1,2,2][3,3,3,3,0,0][3,3,3,3,0,0]
2361 [0,0,2,2,3,3][0,0,2,2,3,3][2,2,1,1,2,2][2,2,1,1,2,2][3,3,3,3,1,1][3,3,3,3,1,1]
2362 [0,0,2,2,3,3][0,0,2,2,3,3][2,2,1,1,3,3][2,2,1,1,3,3][2,2,2,2,0,0][2,2,2,2,0,0]
2363 [0,0,2,2,3,3][0,0,2,2,3,3][2,2,1,1,3,3][2,2,1,1,3,3][2,2,2,2,1,1][2,2,2,2,1,1]
2364 [0,0,2,2,3,3][0,0,2,2,3,3][2,2,1,1,3,3][2,2,1,1,3,3][2,2,3,3,0,0][2,2,3,3,0,0]
2365 [0,0,2,2,3,3][0,0,2,2,3,3][2,2,1,1,3,3][2,2,1,1,3,3][2,2,3,3,1,1][2,2,3,3,1,1]
2366 [0,0,2,2,3,3][0,0,2,2,3,3][2,2,1,1,3,3][2,2,1,1,3,3][3,3,2,2,0,0][3,3,2,2,0,0]
2367 [0,0,2,2,3,3][0,0,2,2,3,3][2,2,1,1,3,3][2,2,1,1,3,3][3,3,2,2,1,1][3,3,2,2,1,1]
2368 [0,0,2,2,3,3][0,0,2,2,3,3][2,2,1,1,3,3][2,2,1,1,3,3][3,3,3,3,0,0][3,3,3,3,0,0]
2369 [0,0,2,2,3,3][0,0,2,2,3,3][2,2,1,1,3,3][2,2,1,1,3,3][3,3,3,3,1,1][3,3,3,3,1,1]
2370 [0,0,2,2,3,3][0,0,2,2,3,3][2,2,2,2,0,0][2,2,2,2,0,0][3,3,1,1,3,3][3,3,1,1,3,3]
2371 [0,0,2,2,3,3][0,0,2,2,3,3][2,2,2,2,1,1][2,2,2,2,1,1][3,3,1,1,2,2][3,3,1,1,2,2]
2372 [0,0,2,2,3,3][0,0,2,2,3,3][2,2,2,2,1,1][2,2,2,2,1,1][3,3,1,1,3,3][3,3,1,1,3,3]
2373 [0,0,2,2,3,3][0,0,2,2,3,3][2,2,3,3,0,0][2,2,3,3,0,0][3,3,0,0,2,2][3,3,0,0,2,2]
2374 [0,0,2,2,3,3][0,0,2,2,3,3][2,2,3,3,0,0][2,2,3,3,0,0][3,3,0,0,3,3][3,3,0,0,3,3]
2375 [0,0,2,2,3,3][0,0,2,2,3,3][2,2,3,3,0,0][2,2,3,3,0,0][3,3,1,1,3,3][3,3,1,1,3,3]
2376 [0,0,2,2,3,3][0,0,2,2,3,3][2,2,3,3,1,1][2,2,3,3,1,1][3,3,0,0,2,2][3,3,0,0,2,2]
2377 [0,0,2,2,3,3][0,0,2,2,3,3][2,2,3,3,1,1][2,2,3,3,1,1][3,3,0,0,3,3][3,3,0,0,3,3]
2378 [0,0,2,2,3,3][0,0,2,2,3,3][2,2,3,3,1,1][2,2,3,3,1,1][3,3,1,1,2,2][3,3,1,1,2,2]
2379 [0,0,2,2,3,3][0,0,2,2,3,3][2,2,3,3,1,1][2,2,3,3,1,1][3,3,1,1,3,3][3,3,1,1,3,3]
2380 [0,0,2,2,3,3][0,0,2,2,3,3][2,3,0,2,0,3][2,3,0,2,0,3][2,3,2,0,3,0][2,3,2,0,3,0]
2381 [0,0,2,2,3,3][0,0,2,2,3,3][2,3,0,2,0,3][2,3,0,2,0,3][2,3,2,1,3,1][2,3,2,1,3,1]
2382 [0,0,2,2,3,3][0,0,2,2,3,3][2,3,0,2,0,3][2,3,0,2,0,3][2,3,3,1,2,1][2,3,3,1,2,1]
2383 [0,0,2,2,3,3][0,0,2,2,3,3][2,3,0,2,0,3][2,3,0,2,0,3][3,2,3,1,2,1][3,2,3,1,2,1]
2384 [0,0,2,2,3,3][0,0,2,2,3,3][2,3,0,3,0,2][2,3,0,3,0,2][2,3,2,0,3,0][2,3,2,0,3,0]
2385 [0,0,2,2,3,3][0,0,2,2,3,3][2,3,0,3,0,2][2,3,0,3,0,2][2,3,2,1,3,1][2,3,2,1,3,1]
2386 [0,0,2,2,3,3][0,0,2,2,3,3][2,3,0,3,0,2][2,3,0,3,0,2][2,3,3,0,2,0][2,3,3,0,2,0]
2387 [0,0,2,2,3,3][0,0,2,2,3,3][2,3,0,3,0,2][2,3,0,3,0,2][2,3,3,1,2,1][2,3,3,1,2,1]
2388 [0,0,2,2,3,3][0,0,2,2,3,3][2,3,0,3,0,2][2,3,0,3,0,2][3,2,3,0,2,0][3,2,3,0,2,0]
2389 [0,0,2,2,3,3][0,0,2,2,3,3][2,3,0,3,0,2][2,3,0,3,0,2][3,2,3,1,2,1][3,2,3,1,2,1]
2390 [0,0,2,2,3,3][0,0,2,2,3,3][2,3,1,2,1,3][2,3,1,2,1,3][2,3,2,1,3,1][2,3,2,1,3,1]
2391 [0,0,2,2,3,3][0,0,2,2,3,3][2,3,1,2,1,3][2,3,1,2,1,3][3,2,2,1,3,1][3,2,2,1,3,1]
2392 [0,0,2,2,3,3][0,0,2,2,3,3][2,3,1,3,1,2][2,3,1,3,1,2][2,3,2,1,3,1][2,3,2,1,3,1]
2393 [0,0,2,2,3,3][0,0,2,2,3,3][2,3,1,3,1,2][2,3,1,3,1,2][2,3,3,1,2,1][2,3,3,1,2,1]
2394 [0,0,2,2,3,3][0,0,2,2,3,3][2,3,1,3,1,2][2,3,1,3,1,2][3,2,2,1,3,1][3,2,2,1,3,1]
2395 [0,0,2,2,3,3][0,0,2,2,3,3][2,3,1,3,1,2][2,3,1,3,1,2][3,2,3,1,2,1][3,2,3,1,2,1]
2396 [0,0,2,2,3,3][0,0,2,2,3,3][3,3,1,1,2,2][3,3,1,1,2,2][3,3,2,2,1,1][3,3,2,2,1,1]
2397 [0,0,2,2,3,3][0,0,2,2,3,3][3,3,1,1,2,2][3,3,1,1,2,2][3,3,3,3,1,1][3,3,3,3,1,1]
2398 [0,0,2,2,3,3][0,0,2,2,3,3][3,3,1,1,3,3][3,3,1,1,3,3][3,3,2,2,0,0][3,3,2,2,0,0]
2399 [0,0,2,2,3,3][0,0,2,2,3,3][3,3,1,1,3,3][3,3,1,1,3,3][3,3,2,2,1,1][3,3,2,2,1,1]
2400 [0,0,2,2,3,3][0,0,2,2,3,3][3,3,1,1,3,3][3,3,1,1,3,3][3,3,3,3,0,0][3,3,3,3,0,0]
2401 [0,0,2,2,3,3][0,0,2,2,3,3][3,3,1,1,3,3][3,3,1,1,3,3][3,3,3,3,1,1][3,3,3,3,1,1]
2459 [0,0,2,2,3,3][0,0,3,3,2,2][2,2,0,0,3,3][2,2,2,2,0,0][3,3,0,0,2,2][3,3,3,3,0,0]
2460 [0,0,2,2,3,3][0,0,3,3,2,2][2,2,0,0,3,3][2,2,2,2,1,1][3,3,0,0,2,2][3,3,3,3,1,1]
2461 [0,0,2,2,3,3][0,0,3,3,2,2][2,2,0,0,3,3][2,2,3,3,0,0][3,3,0,0,2,2][3,3,2,2,0,0]
2462 [0,0,2,2,3,3][0,0,3,3,2,2][2,2,0,0,3,3][2,2,3,3,1,1][3,3,0,0,2,2][3,3,2,2,1,1]
2463 [0,0,2,2,3,3][0,0,3,3,2,2][2,2,1,1,2,2][2,2,2,2,1,1][3,3,1,1,3,3][3,3,3,3,1,1]
2464 [0,0,2,2,3,3][0,0,3,3,2,2][2,2,1,1,3,3][2,2,2,2,1,1][3,3,1,1,2,2][3,3,3,3,1,1]
2465 [0,0,2,2,3,3][0,0,3,3,2,2][2,2,1,1,3,3][2,2,3,3,1,1][3,3,1,1,2,2][3,3,2,2,1,1]
2466 [0,0,2,2,3,3][0,0,3,3,2,2][2,3,0,2,0,3][2,3,2,0,3,0][3,2,0,3,0,2][3,2,3,0,2,0]
2467 [0,0,2,2,3,3][0,0,3,3,2,2][2,3,0,2,0,3][2,3,2,1,3,1][3,2,0,3,0,2][3,2,3,1,2,1]
2468 [0,0,2,2,3,3][0,0,3,3,2,2][2,3,0,3,0,2][2,3,2,0,3,0][3,2,0,2,0,3][3,2,3,0,2,0]
2469 [0,0,2,2,3,3][0,0,3,3,2,2][2,3,0,3,0,2][2,3,2,1,3,1][3,2,0,2,0,3][3,2,3,1,2,1]
2470 [0,0,2,2,3,3][0,0,3,3,2,2][2,3,1,2,1,3][2,3,2,1,3,1][3,2,1,3,1,2][3,2,3,1,2,1]
2471 [0,0,2,2,3,3][0,0,3,3,2,2][2,3,1,3,1,2][2,3,2,1,3,1][3,2,1,2,1,3][3,2,3,1,2,1]
2547 [0,0,3,3,3,3][0,0,3,3,3,3][2,2,0,0,2,2][2,2,0,0,2,2][2,2,2,2,0,0][2,2,2,2,0,0]
2548 [0,0,3,3,3,3][0,0,3,3,3,3][2,2,0,0,2,2][2,2,0,0,2,2][2,2,2,2,1,1][2,2,2,2,1,1]
2549 [0,0,3,3,3,3][0,0,3,3,3,3][2,2,0,0,2,2][2,2,0,0,2,2][2,2,3,3,1,1][2,2,3,3,1,1]
2550 [0,0,3,3,3,3][0,0,3,3,3,3][2,2,0,0,2,2][2,2,0,0,2,2][3,3,3,3,0,0][3,3,3,3,0,0]
2551 [0,0,3,3,3,3][0,0,3,3,3,3][2,2,0,0,2,2][2,2,0,0,2,2][3,3,3,3,1,1][3,3,3,3,1,1]
2552 [0,0,3,3,3,3][0,0,3,3,3,3][2,2,0,0,3,3][2,2,0,0,3,3][2,2,2,2,0,0][2,2,2,2,0,0]
2553 [0,0,3,3,3,3][0,0,3,3,3,3][2,2,0,0,3,3][2,2,0,0,3,3][2,2,2,2,1,1][2,2,2,2,1,1]
2554 [0,0,3,3,3,3][0,0,3,3,3,3][2,2,0,0,3,3][2,2,0,0,3,3][2,2,3,3,0,0][2,2,3,3,0,0]
2555 [0,0,3,3,3,3][0,0,3,3,3,3][2,2,0,0,3,3][2,2,0,0,3,3][2,2,3,3,1,1][2,2,3,3,1,1]
2556 [0,0,3,3,3,3][0,0,3,3,3,3][2,2,0,0,3,3][2,2,0,0,3,3][3,3,3,3,0,0][3,3,3,3,0,0]
2557 [0,0,3,3,3,3][0,0,3,3,3,3][2,2,0,0,3,3][2,2,0,0,3,3][3,3,3,3,1,1][3,3,3,3,1,1]
2558 [0,0,3,3,3,3][0,0,3,3,3,3][2,2,1,1,2,2][2,2,1,1,2,2][2,2,2,2,1,1][2,2,2,2,1,1]
2559 [0,0,3,3,3,3][0,0,3,3,3,3][2,2,1,1,2,2][2,2,1,1,2,2][3,3,2,2,1,1][3,3,2,2,1,1]
2560 [0,0,3,3,3,3][0,0,3,3,3,3][2,2,1,1,2,2][2,2,1,1,2,2][3,3,3,3,0,0][3,3,3,3,0,0]
2561 [0,0,3,3,3,3][0,0,3,3,3,3][2,2,1,1,2,2][2,2,1,1,2,2][3,3,3,3,1,1][3,3,3,3,1,1]
2562 [0,0,3,3,3,3][0,0,3,3,3,3][2,2,1,1,3,3][2,2,1,1,3,3][2,2,2,2,1,1][2,2,2,2,1,1]
2563 [0,0,3,3,3,3][0,0,3,3,3,3][2,2,1,1,3,3][2,2,1,1,3,3][2,2,3,3,1,1][2,2,3,3,1,1]
2564 [0,0,3,3,3,3][0,0,3,3,3,3][2,2,1,1,3,3][2,2,1,1,3,3][3,3,2,2,0,0][3,3,2,2,0,0]
2565 [0,0,3,3,3,3][0,0,3,3,3,3][2,2,1,1,3,3][2,2,1,1,3,3][3,3,2,2,1,1][3,3,2,2,1,1]
2566 [0,0,3,3,3,3][0,0,3,3,3,3][2,2,1,1,3,3][2,2,1,1,3,3][3,3,3,3,0,0][3,3,3,3,0,0]
2567 [0,0,3,3,3,3][0,0,3,3,3,3][2,2,1,1,3,3][2,2,1,1,3,3][3,3,3,3,1,1][3,3,3,3,1,1]
2568 [0,0,3,3,3,3][0,0,3,3,3,3][3,3,0,0,3,3][3,3,0,0,3,3][3,3,3,3,0,0][3,3,3,3,0,0]
2569 [0,0,3,3,3,3][0,0,3,3,3,3][3,3,0,0,3,3][3,3,0,0,3,3][3,3,3,3,1,1][3,3,3,3,1,1]
2570 [0,0,3,3,3,3][0,0,3,3,3,3][3,3,1,1,2,2][3,3,1,1,2,2][3,3,2,2,1,1][3,3,2,2,1,1]
2571 [0,0,3,3,3,3][0,0,3,3,3,3][3,3,1,1,3,3][3,3,1,1,3,3][3,3,2,2,1,1][3,3,2,2,1,1]
2572 [0,0,3,3,3,3][0,0,3,3,3,3][3,3,1,1,3,3][3,3,1,1,3,3][3,3,3,3,1,1][3,3,3,3,1,1]
2679 [1,1,2,2,2,2][1,1,2,2,2,2][2,2,1,1,2,2][2,2,1,1,2,2][2,2,2,2,1,1][2,2,2,2,1,1]
2680 [1,1,2,2,2,2][1,1,2,2,2,2][2,2,1,1,3,3][2,2,1,1,3,3][2,2,2,2,1,1][2,2,2,2,1,1]
2681 [1,1,2,2,2,2][1,1,2,2,2,2][2,2,1,1,3,3][2,2,1,1,3,3][2,2,3,3,1,1][2,2,3,3,1,1]
2682 [1,1,2,2,2,2][1,1,2,2,2,2][2,2,1,1,3,3][2,2,1,1,3,3][3,3,3,3,1,1][3,3,3,3,1,1]
2683 [1,1,2,2,2,2][1,1,3,3,3,3][2,2,1,1,2,2][2,2,2,2,1,1][3,3,1,1,3,3][3,3,3,3,1,1]
2684 [1,1,2,2,2,2][1,1,3,3,3,3][2,2,1,1,3,3][2,2,2,2,1,1][3,3,1,1,2,2][3,3,3,3,1,1]
2685 [1,1,2,2,3,3][1,1,2,2,3,3][2,2,1,1,2,2][2,2,1,1,2,2][2,2,3,3,1,1][2,2,3,3,1,1]
2686 [1,1,2,2,3,3][1,1,2,2,3,3][2,2,1,1,3,3][2,2,1,1,3,3][2,2,2,2,1,1][2,2,2,2,1,1]
2687 [1,1,2,2,3,3][1,1,2,2,3,3][2,2,1,1,3,3][2,2,1,1,3,3][2,2,3,3,1,1][2,2,3,3,1,1]
2688 [1,1,2,2,3,3][1,1,2,2,3,3][2,2,1,1,3,3][2,2,1,1,3,3][3,3,3,3,1,1][3,3,3,3,1,1]
2689 [1,1,2,2,3,3][1,1,2,2,3,3][2,2,3,3,1,1][2,2,3,3,1,1][3,3,1,1,2,2][3,3,1,1,2,2]
2690 [1,1,2,2,3,3][1,1,2,2,3,3][2,2,3,3,1,1][2,2,3,3,1,1][3,3,1,1,3,3][3,3,1,1,3,3]
2691 [1,1,2,2,3,3][1,1,2,2,3,3][2,3,1,2,1,3][2,3,1,2,1,3][2,3,2,1,3,1][2,3,2,1,3,1]
2692 [1,1,2,2,3,3][1,1,2,2,3,3][2,3,1,3,1,2][2,3,1,3,1,2][2,3,2,1,3,1][2,3,2,1,3,1]
2693 [1,1,2,2,3,3][1,1,2,2,3,3][2,3,1,3,1,2][2,3,1,3,1,2][2,3,3,1,2,1][2,3,3,1,2,1]
2694 [1,1,2,2,3,3][1,1,2,2,3,3][2,3,1,3,1,2][2,3,1,3,1,2][3,2,3,1,2,1][3,2,3,1,2,1]
2695 [1,1,2,2,3,3][1,1,3,3,2,2][2,2,1,1,3,3][2,2,2,2,1,1][3,3,1,1,2,2][3,3,3,3,1,1]
2696 [1,1,2,2,3,3][1,1,3,3,2,2][2,2,1,1,3,3][2,2,3,3,1,1][3,3,1,1,2,2][3,3,2,2,1,1]
2697 [1,1,2,2,3,3][1,1,3,3,2,2][2,3,1,2,1,3][2,3,2,1,3,1][3,2,1,3,1,2][3,2,3,1,2,1]
2698 [1,1,2,2,3,3][1,1,3,3,2,2][2,3,1,3,1,2][2,3,2,1,3,1][3,2,1,2,1,3][3,2,3,1,2,1]
2699 [1,1,3,3,3,3][1,1,3,3,3,3][2,2,1,1,2,2][2,2,1,1,2,2][2,2,2,2,1,1][2,2,2,2,1,1]
2700 [1,1,3,3,3,3][1,1,3,3,3,3][2,2,1,1,2,2][2,2,1,1,2,2][3,3,3,3,1,1][3,3,3,3,1,1]
2701 [1,1,3,3,3,3][1,1,3,3,3,3][2,2,1,1,3,3][2,2,1,1,3,3][2,2,2,2,1,1][2,2,2,2,1,1]
2702 [1,1,3,3,3,3][1,1,3,3,3,3][2,2,1,1,3,3][2,2,1,1,3,3][2,2,3,3,1,1][2,2,3,3,1,1]
2703 [1,1,3,3,3,3][1,1,3,3,3,3][2,2,1,1,3,3][2,2,1,1,3,3][3,3,3,3,1,1][3,3,3,3,1,1]
2704 [1,1,3,3,3,3][1,1,3,3,3,3][3,3,1,1,3,3][3,3,1,1,3,3][3,3,3,3,1,1][3,3,3,3,1,1]
