51 [0,0,0,0,0,0][0,0,0,0,0,0][0,0,2,2,2,2][0,0,2,2,2,2][0,0,2,2,2,2][0,0,2,2,2,2]
52 [0,0,0,0,0,0][0,0,0,0,0,0][0,0,2,2,2,2][0,0,2,2,2,2][0,0,2,2,3,3][0,0,2,2,3,3]
53 [0,0,0,0,0,0][0,0,0,0,0,0][0,0,2,2,2,2][0,0,2,2,2,2][0,0,3,3,3,3][0,0,3,3,3,3]
56 [0,0,0,0,0,0][0,0,0,0,0,0][0,0,2,2,2,2][0,0,2,2,2,2][1,1,2,2,2,2][1,1,2,2,2,2]
57 [0,0,0,0,0,0][0,0,0,0,0,0][0,0,2,2,2,2][0,0,2,2,2,2][1,1,2,2,3,3][1,1,2,2,3,3]
58 [0,0,0,0,0,0][0,0,0,0,0,0][0,0,2,2,2,2][0,0,2,2,2,2][1,1,3,3,3,3][1,1,3,3,3,3]
59 [0,0,0,0,0,0][0,0,0,0,0,0][0,0,2,2,2,2][0,0,2,2,3,3][0,0,2,3,2,3][0,0,2,3,3,2]
60 [0,0,0,0,0,0][0,0,0,0,0,0][0,0,2,2,2,2][0,0,2,2,3,3][0,0,3,3,2,2][0,0,3,3,3,3]
63 [0,0,0,0,0,0][0,0,0,0,0,0][0,0,2,2,2,2][0,0,2,2,3,3][1,1,2,2,2,2][1,1,2,2,3,3]
64 [0,0,0,0,0,0][0,0,0,0,0,0][0,0,2,2,2,2][0,0,2,2,3,3][1,1,2,3,2,3][1,1,2,3,3,2]
65 [0,0,0,0,0,0][0,0,0,0,0,0][0,0,2,2,2,2][0,0,2,2,3,3][1,1,3,3,2,2][1,1,3,3,3,3]
66 [0,0,0,0,0,0][0,0,0,0,0,0][0,0,2,2,2,2][0,0,3,3,3,3][1,1,2,2,2,2][1,1,3,3,3,3]
67 [0,0,0,0,0,0][0,0,0,0,0,0][0,0,2,2,2,2][0,0,3,3,3,3][1,1,2,2,3,3][1,1,3,3,2,2]
70 [0,0,0,0,0,0][0,0,0,0,0,0][0,0,2,2,3,3][0,0,2,2,3,3][0,0,3,3,2,2][0,0,3,3,2,2]
74 [0,0,0,0,0,0][0,0,0,0,0,0][0,0,2,2,3,3][0,0,2,2,3,3][1,1,2,2,2,2][1,1,2,2,2,2]
75 [0,0,0,0,0,0][0,0,0,0,0,0][0,0,2,2,3,3][0,0,2,2,3,3][1,1,2,2,3,3][1,1,2,2,3,3]
76 [0,0,0,0,0,0][0,0,0,0,0,0][0,0,2,2,3,3][0,0,2,2,3,3][1,1,2,3,2,3][1,1,2,3,2,3]
77 [0,0,0,0,0,0][0,0,0,0,0,0][0,0,2,2,3,3][0,0,2,2,3,3][1,1,3,3,2,2][1,1,3,3,2,2]
78 [0,0,0,0,0,0][0,0,0,0,0,0][0,0,2,2,3,3][0,0,2,3,2,3][0,0,3,2,3,2][0,0,3,3,2,2]
81 [0,0,0,0,0,0][0,0,0,0,0,0][0,0,2,2,3,3][0,0,2,3,2,3][1,1,2,2,2,2][1,1,2,3,3,2]
82 [0,0,0,0,0,0][0,0,0,0,0,0][0,0,2,2,3,3][0,0,2,3,2,3][1,1,2,2,3,3][1,1,2,3,2,3]
83 [0,0,0,0,0,0][0,0,0,0,0,0][0,0,2,2,3,3][0,0,2,3,2,3][1,1,3,2,3,2][1,1,3,3,2,2]
84 [0,0,0,0,0,0][0,0,0,0,0,0][0,0,2,2,3,3][0,0,3,3,2,2][1,1,2,2,2,2][1,1,3,3,3,3]
85 [0,0,0,0,0,0][0,0,0,0,0,0][0,0,2,2,3,3][0,0,3,3,2,2][1,1,2,2,3,3][1,1,3,3,2,2]
86 [0,0,0,0,0,0][0,0,0,0,0,0][0,0,2,2,3,3][0,0,3,3,2,2][1,1,2,3,2,3][1,1,3,2,3,2]
103 [0,0,0,0,0,0][0,0,0,0,0,0][1,1,2,2,2,2][1,1,2,2,2,2][1,1,2,2,2,2][1,1,2,2,2,2]
104 [0,0,0,0,0,0][0,0,0,0,0,0][1,1,2,2,2,2][1,1,2,2,2,2][1,1,2,2,3,3][1,1,2,2,3,3]
105 [0,0,0,0,0,0][0,0,0,0,0,0][1,1,2,2,2,2][1,1,2,2,2,2][1,1,3,3,3,3][1,1,3,3,3,3]
106 [0,0,0,0,0,0][0,0,0,0,0,0][1,1,2,2,2,2][1,1,2,2,3,3][1,1,2,3,2,3][1,1,2,3,3,2]
107 [0,0,0,0,0,0][0,0,0,0,0,0][1,1,2,2,2,2][1,1,2,2,3,3][1,1,3,3,2,2][1,1,3,3,3,3]
108 [0,0,0,0,0,0][0,0,0,0,0,0][1,1,2,2,3,3][1,1,2,2,3,3][1,1,2,2,3,3][1,1,2,2,3,3]
109 [0,0,0,0,0,0][0,0,0,0,0,0][1,1,2,2,3,3][1,1,2,2,3,3][1,1,2,3,2,3][1,1,2,3,2,3]
110 [0,0,0,0,0,0][0,0,0,0,0,0][1,1,2,2,3,3][1,1,2,2,3,3][1,1,3,3,2,2][1,1,3,3,2,2]
111 [0,0,0,0,0,0][0,0,0,0,0,0][1,1,2,2,3,3][1,1,2,3,2,3][1,1,3,2,3,2][1,1,3,3,2,2]
307 [0,0,0,0,1,1][0,0,0,0,1,1][0,0,2,2,2,2][0,0,2,2,2,2][1,1,2,2,2,2][1,1,2,2,2,2]
308 [0,0,0,0,1,1][0,0,0,0,1,1][0,0,2,2,2,2][0,0,2,2,2,2][1,1,2,2,3,3][1,1,2,2,3,3]
309 [0,0,0,0,1,1][0,0,0,0,1,1][0,0,2,2,2,2][0,0,2,2,2,2][1,1,2,3,2,3][1,1,2,3,2,3]
310 [0,0,0,0,1,1][0,0,0,0,1,1][0,0,2,2,2,2][0,0,2,2,2,2][1,1,3,3,2,2][1,1,3,3,2,2]
311 [0,0,0,0,1,1][0,0,0,0,1,1][0,0,2,2,2,2][0,0,2,2,2,2][1,1,3,3,3,3][1,1,3,3,3,3]
312 [0,0,0,0,1,1][0,0,0,0,1,1][0,0,2,2,2,2][0,0,2,2,3,3][1,1,2,3,2,3][1,1,2,3,3,2]
313 [0,0,0,0,1,1][0,0,0,0,1,1][0,0,2,2,2,2][0,0,2,2,3,3][1,1,3,3,2,2][1,1,3,3,3,3]
314 [0,0,0,0,1,1][0,0,0,0,1,1][0,0,2,2,2,2][0,0,2,3,2,3][1,1,2,2,2,2][1,1,2,3,2,3]
315 [0,0,0,0,1,1][0,0,0,0,1,1][0,0,2,2,2,2][0,0,2,3,2,3][1,1,2,2,3,3][1,1,2,3,3,2]
316 [0,0,0,0,1,1][0,0,0,0,1,1][0,0,2,2,2,2][0,0,2,3,2,3][1,1,3,2,2,3][1,1,3,3,2,2]
317 [0,0,0,0,1,1][0,0,0,0,1,1][0,0,2,2,2,2][0,0,2,3,2,3][1,1,3,2,3,2][1,1,3,3,3,3]
318 [0,0,0,0,1,1][0,0,0,0,1,1][0,0,2,2,2,2][0,0,3,3,2,2][1,1,2,2,2,2][1,1,3,3,2,2]
319 [0,0,0,0,1,1][0,0,0,0,1,1][0,0,2,2,2,2][0,0,3,3,2,2][1,1,2,2,3,3][1,1,3,3,3,3]
320 [0,0,0,0,1,1][0,0,0,0,1,1][0,0,2,2,2,2][0,0,3,3,2,2][1,1,2,3,2,3][1,1,3,2,2,3]
321 [0,0,0,0,1,1][0,0,0,0,1,1][0,0,2,2,2,2][0,0,3,3,3,3][1,1,2,2,2,2][1,1,3,3,3,3]
322 [0,0,0,0,1,1][0,0,0,0,1,1][0,0,2,2,2,2][0,0,3,3,3,3][1,1,2,2,3,3][1,1,3,3,2,2]
323 [0,0,0,0,1,1][0,0,0,0,1,1][0,0,2,2,2,2][0,0,3,3,3,3][1,1,2,3,2,3][1,1,3,2,3,2]
332 [0,0,0,0,1,1][0,0,0,0,1,1][0,0,2,2,3,3][0,0,2,2,3,3][1,1,3,3,2,2][1,1,3,3,2,2]
333 [0,0,0,0,1,1][0,0,0,0,1,1][0,0,2,2,3,3][0,0,2,2,3,3][1,1,3,3,3,3][1,1,3,3,3,3]
334 [0,0,0,0,1,1][0,0,0,0,1,1][0,0,2,2,3,3][0,0,2,3,2,3][1,1,3,2,2,3][1,1,3,3,3,3]
335 [0,0,0,0,1,1][0,0,0,0,1,1][0,0,2,2,3,3][0,0,2,3,2,3][1,1,3,2,3,2][1,1,3,3,2,2]
336 [0,0,0,0,1,1][0,0,0,0,1,1][0,0,2,2,3,3][0,0,3,3,2,2][1,1,2,2,2,2][1,1,3,3,3,3]
337 [0,0,0,0,1,1][0,0,0,0,1,1][0,0,2,2,3,3][0,0,3,3,2,2][1,1,2,2,3,3][1,1,3,3,2,2]
338 [0,0,0,0,1,1][0,0,0,0,1,1][0,0,2,2,3,3][0,0,3,3,2,2][1,1,2,3,2,3][1,1,3,2,3,2]
348 [0,0,0,0,1,1][0,0,0,0,1,1][0,0,2,3,2,3][0,0,3,2,2,3][1,1,2,2,2,2][1,1,3,3,2,2]
349 [0,0,0,0,1,1][0,0,0,0,1,1][0,0,2,3,2,3][0,0,3,2,2,3][1,1,2,3,2,3][1,1,3,2,2,3]
350 [0,0,0,0,1,1][0,0,0,0,1,1][0,0,2,3,2,3][0,0,3,2,2,3][1,1,2,3,3,2][1,1,3,2,3,2]
351 [0,0,0,0,1,1][0,0,0,0,1,1][0,0,2,3,2,3][0,0,3,2,3,2][1,1,2,3,2,3][1,1,3,2,3,2]
352 [0,0,0,0,1,1][0,0,0,0,1,1][0,0,2,3,2,3][0,0,3,2,3,2][1,1,2,3,3,2][1,1,3,2,2,3]
408 [0,0,0,0,1,1][0,0,0,0,1,1][1,1,2,2,2,2][1,1,2,2,2,2][1,1,2,2,2,2][1,1,2,2,2,2]
409 [0,0,0,0,1,1][0,0,0,0,1,1][1,1,2,2,2,2][1,1,2,2,2,2][1,1,2,2,3,3][1,1,2,2,3,3]
410 [0,0,0,0,1,1][0,0,0,0,1,1][1,1,2,2,2,2][1,1,2,2,2,2][1,1,2,3,2,3][1,1,2,3,2,3]
411 [0,0,0,0,1,1][0,0,0,0,1,1][1,1,2,2,2,2][1,1,2,2,2,2][1,1,3,3,2,2][1,1,3,3,2,2]
412 [0,0,0,0,1,1][0,0,0,0,1,1][1,1,2,2,2,2][1,1,2,2,2,2][1,1,3,3,3,3][1,1,3,3,3,3]
413 [0,0,0,0,1,1][0,0,0,0,1,1][1,1,2,2,2,2][1,1,2,2,3,3][1,1,2,3,2,3][1,1,2,3,3,2]
414 [0,0,0,0,1,1][0,0,0,0,1,1][1,1,2,2,2,2][1,1,2,2,3,3][1,1,3,3,2,2][1,1,3,3,3,3]
415 [0,0,0,0,1,1][0,0,0,0,1,1][1,1,2,2,2,2][1,1,2,3,2,3][1,1,3,2,2,3][1,1,3,3,2,2]
416 [0,0,0,0,1,1][0,0,0,0,1,1][1,1,2,2,2,2][1,1,2,3,2,3][1,1,3,2,3,2][1,1,3,3,3,3]
417 [0,0,0,0,1,1][0,0,0,0,1,1][1,1,2,2,3,3][1,1,2,2,3,3][1,1,2,2,3,3][1,1,2,2,3,3]
418 [0,0,0,0,1,1][0,0,0,0,1,1][1,1,2,2,3,3][1,1,2,2,3,3][1,1,2,3,2,3][1,1,2,3,2,3]
419 [0,0,0,0,1,1][0,0,0,0,1,1][1,1,2,2,3,3][1,1,2,2,3,3][1,1,3,3,2,2][1,1,3,3,2,2]
420 [0,0,0,0,1,1][0,0,0,0,1,1][1,1,2,2,3,3][1,1,2,3,2,3][1,1,3,2,3,2][1,1,3,3,2,2]
421 [0,0,0,0,1,1][0,0,0,0,1,1][1,1,2,3,2,3][1,1,2,3,2,3][1,1,2,3,2,3][1,1,2,3,2,3]
422 [0,0,0,0,1,1][0,0,0,0,1,1][1,1,2,3,2,3][1,1,2,3,2,3][1,1,2,3,3,2][1,1,2,3,3,2]
423 [0,0,0,0,1,1][0,0,0,0,1,1][1,1,2,3,2,3][1,1,2,3,2,3][1,1,3,2,2,3][1,1,3,2,2,3]
424 [0,0,0,0,1,1][0,0,0,0,1,1][1,1,2,3,2,3][1,1,2,3,2,3][1,1,3,2,3,2][1,1,3,2,3,2]
425 [0,0,0,0,1,1][0,0,0,0,1,1][1,1,2,3,2,3][1,1,2,3,3,2][1,1,3,2,2,3][1,1,3,2,3,2]
426 [0,0,0,0,1,1][0,0,0,0,1,1][2,2,2,2,1,1][2,2,2,2,1,1][2,2,2,2,1,1][2,2,2,2,1,1]
427 [0,0,0,0,1,1][0,0,0,0,1,1][2,2,2,2,1,1][2,2,2,2,1,1][2,2,3,3,1,1][2,2,3,3,1,1]
428 [0,0,0,0,1,1][0,0,0,0,1,1][2,2,2,2,1,1][2,2,2,2,1,1][3,3,3,3,1,1][3,3,3,3,1,1]
429 [0,0,0,0,1,1][0,0,0,0,1,1][2,2,2,2,1,1][2,2,3,3,1,1][2,3,2,3,1,1][2,3,3,2,1,1]
430 [0,0,0,0,1,1][0,0,0,0,1,1][2,2,2,2,1,1][2,2,3,3,1,1][3,3,2,2,1,1][3,3,3,3,1,1]
431 [0,0,0,0,1,1][0,0,0,0,1,1][2,2,3,3,1,1][2,2,3,3,1,1][2,2,3,3,1,1][2,2,3,3,1,1]
432 [0,0,0,0,1,1][0,0,0,0,1,1][2,2,3,3,1,1][2,2,3,3,1,1][2,3,2,3,1,1][2,3,2,3,1,1]
433 [0,0,0,0,1,1][0,0,0,0,1,1][2,2,3,3,1,1][2,2,3,3,1,1][3,3,2,2,1,1][3,3,2,2,1,1]
434 [0,0,0,0,1,1][0,0,0,0,1,1][2,2,3,3,1,1][2,3,2,3,1,1][3,2,3,2,1,1][3,3,2,2,1,1]
708 [0,0,1,1,1,1][0,0,1,1,1,1][1,1,2,2,2,2][1,1,2,2,2,2][1,1,2,2,2,2][1,1,2,2,2,2]
709 [0,0,1,1,1,1][0,0,1,1,1,1][1,1,2,2,2,2][1,1,2,2,2,2][1,1,2,2,3,3][1,1,2,2,3,3]
710 [0,0,1,1,1,1][0,0,1,1,1,1][1,1,2,2,2,2][1,1,2,2,2,2][1,1,3,3,3,3][1,1,3,3,3,3]
711 [0,0,1,1,1,1][0,0,1,1,1,1][1,1,2,2,2,2][1,1,2,2,3,3][1,1,2,3,2,3][1,1,2,3,3,2]
712 [0,0,1,1,1,1][0,0,1,1,1,1][1,1,2,2,2,2][1,1,2,2,3,3][1,1,3,3,2,2][1,1,3,3,3,3]
713 [0,0,1,1,1,1][0,0,1,1,1,1][1,1,2,2,3,3][1,1,2,2,3,3][1,1,3,3,2,2][1,1,3,3,2,2]
714 [0,0,1,1,1,1][0,0,1,1,1,1][1,1,2,2,3,3][1,1,2,3,2,3][1,1,3,2,3,2][1,1,3,3,2,2]
723 [0,0,1,1,1,1][0,0,1,1,1,1][2,2,1,1,2,2][2,2,1,1,2,2][2,2,1,1,2,2][2,2,1,1,2,2]
724 [0,0,1,1,1,1][0,0,1,1,1,1][2,2,1,1,2,2][2,2,1,1,2,2][2,2,1,1,3,3][2,2,1,1,3,3]
725 [0,0,1,1,1,1][0,0,1,1,1,1][2,2,1,1,2,2][2,2,1,1,2,2][2,3,1,1,2,3][2,3,1,1,2,3]
726 [0,0,1,1,1,1][0,0,1,1,1,1][2,2,1,1,2,2][2,2,1,1,2,2][3,3,1,1,2,2][3,3,1,1,2,2]
727 [0,0,1,1,1,1][0,0,1,1,1,1][2,2,1,1,2,2][2,2,1,1,2,2][3,3,1,1,3,3][3,3,1,1,3,3]
728 [0,0,1,1,1,1][0,0,1,1,1,1][2,2,1,1,2,2][2,2,1,1,3,3][2,3,1,1,2,3][2,3,1,1,3,2]
729 [0,0,1,1,1,1][0,0,1,1,1,1][2,2,1,1,2,2][2,2,1,1,3,3][3,3,1,1,2,2][3,3,1,1,3,3]
730 [0,0,1,1,1,1][0,0,1,1,1,1][2,2,1,1,2,2][2,3,1,1,2,3][3,2,1,1,2,3][3,3,1,1,2,2]
731 [0,0,1,1,1,1][0,0,1,1,1,1][2,2,1,1,2,2][2,3,1,1,2,3][3,2,1,1,3,2][3,3,1,1,3,3]
732 [0,0,1,1,1,1][0,0,1,1,1,1][2,2,1,1,3,3][2,2,1,1,3,3][2,2,1,1,3,3][2,2,1,1,3,3]
733 [0,0,1,1,1,1][0,0,1,1,1,1][2,2,1,1,3,3][2,2,1,1,3,3][2,3,1,1,2,3][2,3,1,1,2,3]
734 [0,0,1,1,1,1][0,0,1,1,1,1][2,2,1,1,3,3][2,2,1,1,3,3][3,3,1,1,2,2][3,3,1,1,2,2]
735 [0,0,1,1,1,1][0,0,1,1,1,1][2,2,1,1,3,3][2,3,1,1,2,3][3,2,1,1,3,2][3,3,1,1,2,2]
738 [0,0,1,1,1,1][0,0,1,1,1,1][2,3,1,1,2,3][2,3,1,1,2,3][2,3,1,1,2,3][2,3,1,1,2,3]
739 [0,0,1,1,1,1][0,0,1,1,1,1][2,3,1,1,2,3][2,3,1,1,2,3][2,3,1,1,3,2][2,3,1,1,3,2]
740 [0,0,1,1,1,1][0,0,1,1,1,1][2,3,1,1,2,3][2,3,1,1,2,3][3,2,1,1,2,3][3,2,1,1,2,3]
741 [0,0,1,1,1,1][0,0,1,1,1,1][2,3,1,1,2,3][2,3,1,1,2,3][3,2,1,1,3,2][3,2,1,1,3,2]
742 [0,0,1,1,1,1][0,0,1,1,1,1][2,3,1,1,2,3][2,3,1,1,3,2][3,2,1,1,2,3][3,2,1,1,3,2]
757 [0,0,2,2,2,2][0,0,2,2,2,2][0,0,2,2,2,2][0,0,2,2,2,2][1,1,0,0,0,0][1,1,0,0,0,0]
758 [0,0,2,2,2,2][0,0,2,2,2,2][0,0,2,2,2,2][0,0,2,2,2,2][1,1,0,0,1,1][1,1,0,0,1,1]
759 [0,0,2,2,2,2][0,0,2,2,2,2][0,0,2,2,3,3][0,0,2,2,3,3][1,1,0,0,0,0][1,1,0,0,0,0]
760 [0,0,2,2,2,2][0,0,2,2,2,2][0,0,2,2,3,3][0,0,2,2,3,3][1,1,0,0,1,1][1,1,0,0,1,1]
761 [0,0,2,2,2,2][0,0,2,2,2,2][0,0,2,2,3,3][0,0,2,2,3,3][1,1,0,1,0,1][1,1,0,1,0,1]
762 [0,0,2,2,2,2][0,0,2,2,2,2][0,0,2,2,3,3][0,0,2,2,3,3][1,1,1,1,0,0][1,1,1,1,0,0]
763 [0,0,2,2,2,2][0,0,2,2,2,2][0,0,3,3,3,3][0,0,3,3,3,3][1,1,0,0,0,0][1,1,0,0,0,0]
764 [0,0,2,2,2,2][0,0,2,2,2,2][0,0,3,3,3,3][0,0,3,3,3,3][1,1,0,0,1,1][1,1,0,0,1,1]
771 [0,0,2,2,2,2][0,0,2,2,2,2][1,1,0,0,0,0][1,1,0,0,0,0][1,1,3,3,3,3][1,1,3,3,3,3]
773 [0,0,2,2,2,2][0,0,2,2,2,2][1,1,0,0,1,1][1,1,0,0,1,1][1,1,2,2,2,2][1,1,2,2,2,2]
774 [0,0,2,2,2,2][0,0,2,2,2,2][1,1,0,0,1,1][1,1,0,0,1,1][1,1,2,2,3,3][1,1,2,2,3,3]
775 [0,0,2,2,2,2][0,0,2,2,2,2][1,1,0,0,1,1][1,1,0,0,1,1][1,1,2,3,2,3][1,1,2,3,2,3]
776 [0,0,2,2,2,2][0,0,2,2,2,2][1,1,0,0,1,1][1,1,0,0,1,1][1,1,3,3,2,2][1,1,3,3,2,2]
777 [0,0,2,2,2,2][0,0,2,2,2,2][1,1,0,0,1,1][1,1,0,0,1,1][1,1,3,3,3,3][1,1,3,3,3,3]
799 [0,0,2,2,2,2][0,0,2,2,3,3][0,0,2,3,2,3][0,0,2,3,3,2][1,1,0,0,0,0][1,1,0,0,0,0]
800 [0,0,2,2,2,2][0,0,2,2,3,3][0,0,2,3,2,3][0,0,2,3,3,2][1,1,0,0,1,1][1,1,0,0,1,1]
801 [0,0,2,2,2,2][0,0,2,2,3,3][0,0,2,3,2,3][0,0,2,3,3,2][1,1,1,0,0,1][1,1,1,0,0,1]
802 [0,0,2,2,2,2][0,0,2,2,3,3][0,0,3,3,2,2][0,0,3,3,3,3][1,1,0,0,0,0][1,1,0,0,0,0]
803 [0,0,2,2,2,2][0,0,2,2,3,3][0,0,3,3,2,2][0,0,3,3,3,3][1,1,0,0,1,1][1,1,0,0,1,1]
804 [0,0,2,2,2,2][0,0,2,2,3,3][0,0,3,3,2,2][0,0,3,3,3,3][1,1,0,1,0,1][1,1,0,1,0,1]
805 [0,0,2,2,2,2][0,0,2,2,3,3][1,1,0,0,0,0][1,1,0,0,0,0][1,1,3,3,2,2][1,1,3,3,3,3]
806 [0,0,2,2,2,2][0,0,2,2,3,3][1,1,0,0,1,1][1,1,0,0,1,1][1,1,2,3,2,3][1,1,2,3,3,2]
807 [0,0,2,2,2,2][0,0,2,2,3,3][1,1,0,0,1,1][1,1,0,0,1,1][1,1,3,3,2,2][1,1,3,3,3,3]
808 [0,0,2,2,2,2][0,0,2,2,3,3][1,1,0,1,0,1][1,1,0,1,0,1][1,1,2,2,2,2][1,1,2,2,3,3]
809 [0,0,2,2,2,2][0,0,2,2,3,3][1,1,0,1,0,1][1,1,0,1,0,1][1,1,2,3,2,3][1,1,2,3,3,2]
810 [0,0,2,2,2,2][0,0,2,2,3,3][1,1,0,1,0,1][1,1,0,1,0,1][1,1,3,2,2,3][1,1,3,2,3,2]
811 [0,0,2,2,2,2][0,0,2,2,3,3][1,1,0,1,0,1][1,1,0,1,0,1][1,1,3,3,2,2][1,1,3,3,3,3]
812 [0,0,2,2,2,2][0,0,2,2,3,3][1,1,1,1,0,0][1,1,1,1,0,0][1,1,2,2,2,2][1,1,2,2,3,3]
813 [0,0,2,2,2,2][0,0,2,2,3,3][1,1,1,1,0,0][1,1,1,1,0,0][1,1,2,3,2,3][1,1,2,3,3,2]
814 [0,0,2,2,2,2][0,0,2,2,3,3][1,1,1,1,0,0][1,1,1,1,0,0][1,1,3,3,2,2][1,1,3,3,3,3]
815 [0,0,2,2,2,2][0,0,3,3,3,3][1,1,0,0,0,0][1,1,0,0,0,0][1,1,2,2,2,2][1,1,3,3,3,3]
816 [0,0,2,2,2,2][0,0,3,3,3,3][1,1,0,0,0,0][1,1,0,0,0,0][1,1,2,2,3,3][1,1,3,3,2,2]
817 [0,0,2,2,2,2][0,0,3,3,3,3][1,1,0,0,1,1][1,1,0,0,1,1][1,1,2,2,2,2][1,1,3,3,3,3]
818 [0,0,2,2,2,2][0,0,3,3,3,3][1,1,0,0,1,1][1,1,0,0,1,1][1,1,2,2,3,3][1,1,3,3,2,2]
819 [0,0,2,2,2,2][0,0,3,3,3,3][1,1,0,0,1,1][1,1,0,0,1,1][1,1,2,3,2,3][1,1,3,2,3,2]
831 [0,0,2,2,3,3][0,0,2,2,3,3][0,0,2,3,2,3][0,0,2,3,2,3][1,1,1,0,0,1][1,1,1,0,0,1]
832 [0,0,2,2,3,3][0,0,2,2,3,3][0,0,3,3,2,2][0,0,3,3,2,2][1,1,0,0,0,0][1,1,0,0,0,0]
833 [0,0,2,2,3,3][0,0,2,2,3,3][0,0,3,3,2,2][0,0,3,3,2,2][1,1,0,0,1,1][1,1,0,0,1,1]
834 [0,0,2,2,3,3][0,0,2,2,3,3][0,0,3,3,2,2][0,0,3,3,2,2][1,1,0,1,0,1][1,1,0,1,0,1]
840 [0,0,2,2,3,3][0,0,2,2,3,3][1,1,0,0,1,1][1,1,0,0,1,1][1,1,3,3,2,2][1,1,3,3,2,2]
841 [0,0,2,2,3,3][0,0,2,2,3,3][1,1,0,0,1,1][1,1,0,0,1,1][1,1,3,3,3,3][1,1,3,3,3,3]
843 [0,0,2,2,3,3][0,0,2,2,3,3][1,1,0,1,0,1][1,1,0,1,0,1][1,1,3,2,2,3][1,1,3,2,2,3]
844 [0,0,2,2,3,3][0,0,2,2,3,3][1,1,0,1,0,1][1,1,0,1,0,1][1,1,3,3,2,2][1,1,3,3,2,2]
867 [0,0,2,2,3,3][0,0,2,3,2,3][0,0,3,2,3,2][0,0,3,3,2,2][1,1,0,0,0,0][1,1,0,0,0,0]
868 [0,0,2,2,3,3][0,0,2,3,2,3][0,0,3,2,3,2][0,0,3,3,2,2][1,1,0,0,1,1][1,1,0,0,1,1]
869 [0,0,2,2,3,3][0,0,2,3,2,3][0,0,3,2,3,2][0,0,3,3,2,2][1,1,0,1,1,0][1,1,0,1,1,0]
870 [0,0,2,2,3,3][0,0,2,3,2,3][1,1,0,0,1,1][1,1,0,0,1,1][1,1,3,2,2,3][1,1,3,3,3,3]
871 [0,0,2,2,3,3][0,0,2,3,2,3][1,1,0,0,1,1][1,1,0,0,1,1][1,1,3,2,3,2][1,1,3,3,2,2]
872 [0,0,2,2,3,3][0,0,2,3,2,3][1,1,0,1,1,0][1,1,0,1,1,0][1,1,3,2,3,2][1,1,3,3,2,2]
875 [0,0,2,2,3,3][0,0,2,3,2,3][1,1,1,0,0,1][1,1,1,0,0,1][1,1,2,2,2,2][1,1,2,3,3,2]
876 [0,0,2,2,3,3][0,0,2,3,2,3][1,1,1,0,0,1][1,1,1,0,0,1][1,1,2,2,3,3][1,1,2,3,2,3]
877 [0,0,2,2,3,3][0,0,2,3,2,3][1,1,1,0,0,1][1,1,1,0,0,1][1,1,3,2,3,2][1,1,3,3,2,2]
878 [0,0,2,2,3,3][0,0,3,3,2,2][1,1,0,1,0,1][1,1,0,1,0,1][1,1,2,2,3,3][1,1,3,3,2,2]
879 [0,0,2,2,3,3][0,0,3,3,2,2][1,1,0,1,0,1][1,1,0,1,0,1][1,1,2,3,3,2][1,1,3,2,2,3]
908 [1,1,1,1,1,1][1,1,1,1,1,1][1,1,2,2,2,2][1,1,2,2,2,2][1,1,2,2,2,2][1,1,2,2,2,2]
909 [1,1,1,1,1,1][1,1,1,1,1,1][1,1,2,2,2,2][1,1,2,2,2,2][1,1,2,2,3,3][1,1,2,2,3,3]
910 [1,1,1,1,1,1][1,1,1,1,1,1][1,1,2,2,2,2][1,1,2,2,2,2][1,1,3,3,3,3][1,1,3,3,3,3]
911 [1,1,1,1,1,1][1,1,1,1,1,1][1,1,2,2,2,2][1,1,2,2,3,3][1,1,2,3,2,3][1,1,2,3,3,2]
912 [1,1,1,1,1,1][1,1,1,1,1,1][1,1,2,2,2,2][1,1,2,2,3,3][1,1,3,3,2,2][1,1,3,3,3,3]
913 [1,1,1,1,1,1][1,1,1,1,1,1][1,1,2,2,3,3][1,1,2,2,3,3][1,1,3,3,2,2][1,1,3,3,2,2]
914 [1,1,1,1,1,1][1,1,1,1,1,1][1,1,2,2,3,3][1,1,2,3,2,3][1,1,3,2,3,2][1,1,3,3,2,2]
