26 [0,0,0,0,0,0][0,0,0,0,0,0][0,0,0,1,2,2][0,0,1,0,2,2][0,0,2,2,0,1][0,0,2,2,1,0]
31 [0,0,0,0,0,0][0,0,0,0,0,0][0,0,0,1,2,2][0,0,1,0,2,2][1,1,2,2,0,1][1,1,2,2,1,0]
32 [0,0,0,0,0,0][0,0,0,0,0,0][0,0,0,1,2,2][0,0,1,0,2,2][1,1,3,3,0,1][1,1,3,3,1,0]
37 [0,0,0,0,0,0][0,0,0,0,0,0][0,0,0,1,2,2][0,1,1,1,2,2][0,2,2,1,0,0][0,2,2,1,1,1]
40 [0,0,0,0,0,0][0,0,0,0,0,0][0,0,0,1,2,2][0,1,1,1,2,2][1,2,2,0,0,0][1,2,2,0,1,1]
45 [0,0,0,0,0,0][0,0,0,0,0,0][0,0,0,1,3,3][0,0,1,0,3,3][0,0,2,2,0,1][0,0,2,2,1,0]
46 [0,0,0,0,0,0][0,0,0,0,0,0][0,0,0,1,3,3][0,1,1,1,3,3][0,2,2,1,0,0][0,2,2,1,1,1]
47 [0,0,0,0,0,0][0,0,0,0,0,0][0,0,0,1,3,3][0,1,1,1,3,3][1,2,2,0,0,0][1,2,2,0,1,1]
99 [0,0,0,0,0,0][0,0,0,0,0,0][0,1,1,1,2,2][1,0,1,1,2,2][2,2,1,1,0,1][2,2,1,1,1,0]
102 [0,0,0,0,0,0][0,0,0,0,0,0][0,1,1,1,3,3][1,0,1,1,3,3][2,2,1,1,0,1][2,2,1,1,1,0]
172 [0,0,0,0,0,0][0,0,0,1,2,2][0,0,0,1,2,2][0,0,1,1,1,1][1,1,2,2,0,1][1,1,2,2,0,1]
173 [0,0,0,0,0,0][0,0,0,1,2,2][0,0,0,1,2,2][0,0,1,1,1,1][1,1,3,3,0,1][1,1,3,3,0,1]
179 [0,0,0,0,0,0][0,0,0,1,2,2][0,0,0,1,2,2][0,1,1,0,1,1][0,2,2,1,0,0][0,2,2,1,0,0]
180 [0,0,0,0,0,0][0,0,0,1,2,2][0,0,0,1,2,2][0,1,1,0,1,1][0,2,2,1,1,1][0,2,2,1,1,1]
181 [0,0,0,0,0,0][0,0,0,1,2,2][0,0,0,1,2,2][0,1,1,0,1,1][0,3,3,1,1,1][0,3,3,1,1,1]
183 [0,0,0,0,0,0][0,0,0,1,2,2][0,0,0,1,2,2][0,1,1,0,1,1][1,2,2,0,0,0][1,2,2,0,0,0]
184 [0,0,0,0,0,0][0,0,0,1,2,2][0,0,0,1,2,2][0,1,1,0,1,1][1,2,2,0,1,1][1,2,2,0,1,1]
185 [0,0,0,0,0,0][0,0,0,1,2,2][0,0,0,1,2,2][0,1,1,0,1,1][1,3,3,0,1,1][1,3,3,0,1,1]
186 [0,0,0,0,0,0][0,0,0,1,3,3][0,0,0,1,3,3][0,1,1,0,1,1][0,2,2,1,0,0][0,2,2,1,0,0]
187 [0,0,0,0,0,0][0,0,0,1,3,3][0,0,0,1,3,3][0,1,1,0,1,1][1,2,2,0,0,0][1,2,2,0,0,0]
202 [0,0,0,0,0,0][0,0,1,1,1,1][0,1,1,1,2,2][0,1,1,1,2,2][0,1,2,2,1,1][0,1,2,2,1,1]
203 [0,0,0,0,0,0][0,0,1,1,1,1][0,1,1,1,2,2][0,1,1,1,2,2][1,0,2,2,1,1][1,0,2,2,1,1]
206 [0,0,0,0,0,0][0,0,1,1,1,1][0,1,1,1,3,3][0,1,1,1,3,3][0,1,2,2,1,1][0,1,2,2,1,1]
207 [0,0,0,0,0,0][0,0,1,1,1,1][0,1,1,1,3,3][0,1,1,1,3,3][1,0,2,2,1,1][1,0,2,2,1,1]
238 [0,0,0,0,0,0][0,1,1,1,2,2][0,1,1,1,2,2][1,0,0,1,1,1][2,1,1,2,0,1][2,1,1,2,0,1]
239 [0,0,0,0,0,0][0,1,1,1,3,3][0,1,1,1,3,3][1,0,0,1,1,1][2,1,1,2,0,1][2,1,1,2,0,1]
257 [0,0,0,0,1,1][0,0,0,0,1,1][0,0,0,1,2,2][0,0,1,0,2,2][1,1,2,2,0,1][1,1,2,2,1,0]
258 [0,0,0,0,1,1][0,0,0,0,1,1][0,0,0,1,2,2][0,0,1,0,2,2][1,1,3,3,0,1][1,1,3,3,1,0]
262 [0,0,0,0,1,1][0,0,0,0,1,1][0,0,0,1,2,2][0,1,1,1,2,2][1,2,2,0,0,0][1,2,2,0,1,1]
263 [0,0,0,0,1,1][0,0,0,0,1,1][0,0,0,1,2,2][0,1,1,1,2,2][1,3,3,0,0,0][1,3,3,0,1,1]
284 [0,0,0,0,1,1][0,0,0,0,1,1][0,0,2,2,0,1][0,0,2,2,1,0][1,1,0,1,2,2][1,1,1,0,2,2]
285 [0,0,0,0,1,1][0,0,0,0,1,1][0,0,2,2,0,1][0,0,2,2,1,0][1,1,0,1,3,3][1,1,1,0,3,3]
302 [0,0,0,0,1,1][0,0,0,0,1,1][0,0,2,2,0,1][1,1,2,2,0,1][2,2,0,0,1,0][2,2,1,1,1,0]
357 [0,0,0,0,1,1][0,0,0,0,1,1][0,0,3,3,0,1][1,1,3,3,0,1][2,2,0,0,1,0][2,2,1,1,1,0]
369 [0,0,0,0,1,1][0,0,0,0,1,1][0,1,1,1,2,2][1,0,1,1,2,2][2,2,1,1,0,1][2,2,1,1,1,0]
370 [0,0,0,0,1,1][0,0,0,0,1,1][0,1,1,1,2,2][1,0,1,1,2,2][3,3,1,1,0,1][3,3,1,1,1,0]
385 [0,0,0,0,1,1][0,0,0,0,1,1][0,1,2,2,0,0][1,0,2,2,0,0][2,2,0,1,1,1][2,2,1,0,1,1]
395 [0,0,0,0,1,1][0,0,0,0,1,1][0,1,2,2,1,1][1,0,2,2,1,1][2,2,0,1,1,1][2,2,1,0,1,1]
399 [0,0,0,0,1,1][0,0,0,0,1,1][0,1,3,3,0,0][1,0,3,3,0,0][2,2,0,1,1,1][2,2,1,0,1,1]
402 [0,0,0,0,1,1][0,0,0,0,1,1][0,1,3,3,1,1][1,0,3,3,1,1][2,2,0,1,1,1][2,2,1,0,1,1]
445 [0,0,0,0,1,1][0,0,0,1,2,2][0,0,0,1,2,2][0,1,1,0,0,0][1,2,2,0,0,0][1,2,2,0,0,0]
446 [0,0,0,0,1,1][0,0,0,1,2,2][0,0,0,1,2,2][0,1,1,0,0,0][1,2,2,0,1,1][1,2,2,0,1,1]
447 [0,0,0,0,1,1][0,0,0,1,2,2][0,0,0,1,2,2][0,1,1,0,0,0][1,3,3,0,1,1][1,3,3,0,1,1]
451 [0,0,0,0,1,1][0,0,0,1,3,3][0,0,0,1,3,3][0,1,1,0,0,0][1,2,2,0,0,0][1,2,2,0,0,0]
462 [0,0,0,0,1,1][0,0,1,1,0,0][0,1,1,1,2,2][0,1,1,1,2,2][1,0,2,2,1,1][1,0,2,2,1,1]
465 [0,0,0,0,1,1][0,0,1,1,0,0][0,1,1,1,3,3][0,1,1,1,3,3][1,0,2,2,1,1][1,0,2,2,1,1]
556 [0,0,0,0,1,1][0,1,1,1,2,2][0,1,1,1,2,2][1,0,0,1,0,0][2,1,1,2,0,1][2,1,1,2,0,1]
559 [0,0,0,0,1,1][0,1,1,1,3,3][0,1,1,1,3,3][1,0,0,1,0,0][2,1,1,2,0,1][2,1,1,2,0,1]
564 [0,0,0,0,1,1][0,1,2,2,1,1][0,1,2,2,1,1][1,1,1,1,1,1][2,2,0,1,1,1][2,2,0,1,1,1]
565 [0,0,0,0,1,1][0,1,3,3,1,1][0,1,3,3,1,1][1,1,1,1,1,1][2,2,0,1,0,0][2,2,0,1,0,0]
566 [0,0,0,0,1,1][0,1,3,3,1,1][0,1,3,3,1,1][1,1,1,1,1,1][2,2,0,1,1,1][2,2,0,1,1,1]
578 [0,0,0,0,2,2][0,0,0,0,2,2][0,0,2,2,0,0][0,0,2,2,0,0][0,1,0,0,0,0][1,0,0,0,0,0]
593 [0,0,0,1,2,2][0,0,0,1,2,2][0,0,1,1,0,0][1,1,1,1,1,1][2,2,1,0,0,0][2,2,1,0,0,0]
594 [0,0,0,1,2,2][0,0,0,1,2,2][0,0,1,1,0,0][1,1,1,1,1,1][2,2,1,0,1,1][2,2,1,0,1,1]
595 [0,0,0,1,2,2][0,0,0,1,2,2][0,0,1,1,0,0][1,1,1,1,1,1][3,3,1,0,1,1][3,3,1,0,1,1]
597 [0,0,0,1,2,2][0,0,0,1,2,2][0,0,1,1,1,1][1,1,1,1,0,0][2,2,1,0,0,0][2,2,1,0,0,0]
598 [0,0,0,1,2,2][0,0,0,1,2,2][0,0,1,1,1,1][1,1,1,1,0,0][2,2,1,0,1,1][2,2,1,0,1,1]
599 [0,0,0,1,2,2][0,0,0,1,2,2][0,0,1,1,1,1][1,1,1,1,0,0][3,3,1,0,1,1][3,3,1,0,1,1]
603 [0,0,0,1,2,2][0,0,0,1,2,2][0,0,2,2,0,1][0,0,2,2,0,1][1,1,0,0,0,0][1,1,1,1,1,1]
609 [0,0,0,1,2,2][0,0,0,1,2,2][0,1,1,0,0,0][1,1,1,1,1,1][2,1,1,2,0,1][2,1,1,2,0,1]
610 [0,0,0,1,2,2][0,0,0,1,2,2][0,1,1,0,1,1][1,1,1,1,0,0][2,1,1,2,0,1][2,1,1,2,0,1]
613 [0,0,0,1,2,2][0,0,0,1,2,2][0,2,2,1,0,0][0,2,2,1,0,0][1,0,0,1,0,0][1,1,1,1,1,1]
614 [0,0,0,1,2,2][0,0,0,1,2,2][0,2,2,1,1,1][0,2,2,1,1,1][1,0,0,1,0,0][1,1,1,1,1,1]
615 [0,0,0,1,2,2][0,0,0,1,2,2][0,3,3,1,1,1][0,3,3,1,1,1][1,0,0,1,0,0][1,1,1,1,1,1]
648 [0,0,0,1,2,2][0,0,1,0,2,2][0,0,2,2,0,1][0,0,2,2,1,0][1,1,0,0,0,0][1,1,0,0,0,0]
653 [0,0,0,1,2,2][0,0,1,0,2,2][1,1,1,1,1,1][1,1,1,1,1,1][1,1,2,2,0,1][1,1,2,2,1,0]
654 [0,0,0,1,2,2][0,0,1,0,2,2][1,1,1,1,1,1][1,1,1,1,1,1][1,1,3,3,0,1][1,1,3,3,1,0]
662 [0,0,0,1,2,2][0,0,1,1,1,1][0,0,1,1,1,1][1,1,0,1,2,2][3,3,1,0,0,0][3,3,1,0,1,1]
667 [0,0,0,1,2,2][0,1,1,1,2,2][1,1,1,1,1,1][1,1,1,1,1,1][1,2,2,0,0,0][1,2,2,0,1,1]
672 [0,0,0,1,3,3][0,0,0,1,3,3][0,0,1,1,0,0][1,1,1,1,1,1][2,2,1,0,0,0][2,2,1,0,0,0]
673 [0,0,0,1,3,3][0,0,0,1,3,3][0,0,1,1,1,1][1,1,1,1,0,0][2,2,1,0,0,0][2,2,1,0,0,0]
674 [0,0,0,1,3,3][0,0,0,1,3,3][0,0,2,2,0,1][0,0,2,2,0,1][1,1,0,0,0,0][1,1,1,1,1,1]
675 [0,0,0,1,3,3][0,0,0,1,3,3][0,2,2,1,0,0][0,2,2,1,0,0][1,0,0,1,0,0][1,1,1,1,1,1]
682 [0,0,0,1,3,3][0,0,1,0,3,3][0,0,2,2,0,1][0,0,2,2,1,0][1,1,0,0,0,0][1,1,0,0,0,0]
683 [0,0,0,1,3,3][0,1,1,1,3,3][1,1,1,1,1,1][1,1,1,1,1,1][1,2,2,0,0,0][1,2,2,0,1,1]
691 [0,0,1,1,1,1][0,0,1,1,1,1][0,1,0,0,2,2][1,0,0,0,2,2][2,2,1,1,0,1][2,2,1,1,1,0]
692 [0,0,1,1,1,1][0,0,1,1,1,1][0,1,0,0,2,2][1,0,0,0,2,2][3,3,1,1,0,1][3,3,1,1,1,0]
696 [0,0,1,1,1,1][0,0,1,1,1,1][0,1,1,1,2,2][1,0,1,1,2,2][2,2,0,0,0,1][2,2,0,0,1,0]
697 [0,0,1,1,1,1][0,0,1,1,1,1][0,1,1,1,2,2][1,0,1,1,2,2][3,3,0,0,0,1][3,3,0,0,1,0]
704 [0,0,1,1,1,1][0,0,1,1,1,1][1,1,0,1,2,2][1,1,1,0,2,2][1,1,2,2,0,1][1,1,2,2,1,0]
707 [0,0,1,1,1,1][0,0,1,1,1,1][1,1,0,1,3,3][1,1,1,0,3,3][1,1,2,2,0,1][1,1,2,2,1,0]
894 [0,1,1,1,2,2][0,1,1,1,2,2][0,1,2,2,1,1][0,1,2,2,1,1][1,1,0,0,0,0][1,1,1,1,1,1]
895 [0,1,1,1,2,2][0,1,1,1,2,2][0,1,2,2,1,1][0,1,2,2,1,1][1,1,0,0,1,1][1,1,1,1,0,0]
899 [0,1,1,1,2,2][0,1,1,1,2,2][1,0,2,2,1,1][1,0,2,2,1,1][1,1,0,0,1,1][1,1,1,1,0,0]
901 [0,1,1,1,2,2][1,0,1,1,2,2][1,1,1,1,1,1][1,1,1,1,1,1][2,2,1,1,0,1][2,2,1,1,1,0]
903 [0,1,1,1,3,3][0,1,1,1,3,3][0,1,2,2,1,1][0,1,2,2,1,1][1,1,0,0,0,0][1,1,1,1,1,1]
904 [0,1,1,1,3,3][0,1,1,1,3,3][0,1,2,2,1,1][0,1,2,2,1,1][1,1,0,0,1,1][1,1,1,1,0,0]
905 [0,1,1,1,3,3][0,1,1,1,3,3][1,0,2,2,1,1][1,0,2,2,1,1][1,1,0,0,1,1][1,1,1,1,0,0]
907 [0,1,1,1,3,3][1,0,1,1,3,3][1,1,1,1,1,1][1,1,1,1,1,1][2,2,1,1,0,1][2,2,1,1,1,0]
