352000001 [1,1,1,1,0,0][1,1,1,1,0,0][0,0,0,0,2,2][0,0,0,0,2,2][1,1,1,1,0,0][1,1,1,1,0,0] is a duplicate of 757 [1,1,1,1,0,0][1,1,1,1,0,0][1,1,1,1,0,0][1,1,1,1,0,0][0,0,0,0,2,2][0,0,0,0,2,2]
352000002 [1,1,1,1,0,0][1,1,1,1,0,0][0,0,0,0,2,2][0,0,0,0,2,2][1,1,3,3,0,0][1,1,3,3,0,0] is a duplicate of 759 [1,1,1,1,0,0][1,1,1,1,0,0][1,1,3,3,0,0][1,1,3,3,0,0][0,0,0,0,2,2][0,0,0,0,2,2]
352000003 [1,1,1,1,0,0][1,1,1,1,0,0][0,0,0,0,2,2][0,0,0,0,2,2][1,3,1,3,0,0][1,3,1,3,0,0] is a duplicate of 759 [1,1,1,1,0,0][1,1,1,1,0,0][1,1,3,3,0,0][1,1,3,3,0,0][0,0,0,0,2,2][0,0,0,0,2,2]
352000004 [1,1,1,1,0,0][1,1,1,1,0,0][0,0,0,0,2,2][0,0,0,0,2,2][1,3,3,1,0,0][1,3,3,1,0,0] is a duplicate of 759 [1,1,1,1,0,0][1,1,1,1,0,0][1,1,3,3,0,0][1,1,3,3,0,0][0,0,0,0,2,2][0,0,0,0,2,2]
352000005 [1,1,1,1,0,0][1,1,1,1,0,0][0,0,0,0,2,2][0,0,0,0,2,2][3,1,1,3,0,0][3,1,1,3,0,0] is a duplicate of 759 [1,1,1,1,0,0][1,1,1,1,0,0][1,1,3,3,0,0][1,1,3,3,0,0][0,0,0,0,2,2][0,0,0,0,2,2]
352000006 [1,1,1,1,0,0][1,1,1,1,0,0][0,0,0,0,2,2][0,0,0,0,2,2][3,1,3,1,0,0][3,1,3,1,0,0] is a duplicate of 759 [1,1,1,1,0,0][1,1,1,1,0,0][1,1,3,3,0,0][1,1,3,3,0,0][0,0,0,0,2,2][0,0,0,0,2,2]
352000007 [1,1,1,1,0,0][1,1,1,1,0,0][0,0,0,0,2,2][0,0,0,0,2,2][3,3,1,1,0,0][3,3,1,1,0,0] is a duplicate of 759 [1,1,1,1,0,0][1,1,1,1,0,0][1,1,3,3,0,0][1,1,3,3,0,0][0,0,0,0,2,2][0,0,0,0,2,2]
352000008 [1,1,1,1,0,0][1,1,1,1,0,0][0,0,0,0,2,2][0,0,0,0,2,2][3,3,3,3,0,0][3,3,3,3,0,0] is a duplicate of 763 [1,1,1,1,0,0][1,1,1,1,0,0][3,3,3,3,0,0][3,3,3,3,0,0][0,0,0,0,2,2][0,0,0,0,2,2]
352000009 [1,1,1,1,0,0][1,1,1,1,0,0][0,0,2,2,2,2][0,0,2,2,2,2][1,1,1,1,0,0][1,1,1,1,0,0] is a duplicate of 758 [1,1,1,1,0,0][1,1,1,1,0,0][1,1,1,1,0,0][1,1,1,1,0,0][0,0,2,2,2,2][0,0,2,2,2,2]
352000010 [1,1,1,1,0,0][1,1,1,1,0,0][0,0,2,2,2,2][0,0,2,2,2,2][1,1,3,3,0,0][1,1,3,3,0,0] is a duplicate of 760 [1,1,1,1,0,0][1,1,1,1,0,0][1,1,3,3,0,0][1,1,3,3,0,0][0,0,2,2,2,2][0,0,2,2,2,2]
352000011 [1,1,1,1,0,0][1,1,1,1,0,0][0,0,2,2,2,2][0,0,2,2,2,2][1,3,1,3,0,0][1,3,1,3,0,0] is a duplicate of 761 [1,1,1,1,0,0][1,1,1,1,0,0][1,1,3,3,0,0][1,1,3,3,0,0][0,2,0,2,2,2][0,2,0,2,2,2]
352000012 [1,1,1,1,0,0][1,1,1,1,0,0][0,0,2,2,2,2][0,0,2,2,2,2][1,3,3,1,0,0][1,3,3,1,0,0] is a duplicate of 761 [1,1,1,1,0,0][1,1,1,1,0,0][1,1,3,3,0,0][1,1,3,3,0,0][0,2,0,2,2,2][0,2,0,2,2,2]
352000013 [1,1,1,1,0,0][1,1,1,1,0,0][0,0,2,2,2,2][0,0,2,2,2,2][3,1,1,3,0,0][3,1,1,3,0,0] is a duplicate of 761 [1,1,1,1,0,0][1,1,1,1,0,0][1,1,3,3,0,0][1,1,3,3,0,0][0,2,0,2,2,2][0,2,0,2,2,2]
352000014 [1,1,1,1,0,0][1,1,1,1,0,0][0,0,2,2,2,2][0,0,2,2,2,2][3,1,3,1,0,0][3,1,3,1,0,0] is a duplicate of 761 [1,1,1,1,0,0][1,1,1,1,0,0][1,1,3,3,0,0][1,1,3,3,0,0][0,2,0,2,2,2][0,2,0,2,2,2]
352000015 [1,1,1,1,0,0][1,1,1,1,0,0][0,0,2,2,2,2][0,0,2,2,2,2][3,3,1,1,0,0][3,3,1,1,0,0] is a duplicate of 762 [1,1,1,1,0,0][1,1,1,1,0,0][1,1,3,3,0,0][1,1,3,3,0,0][2,2,0,0,2,2][2,2,0,0,2,2]
352000016 [1,1,1,1,0,0][1,1,1,1,0,0][0,0,2,2,2,2][0,0,2,2,2,2][3,3,3,3,0,0][3,3,3,3,0,0] is a duplicate of 764 [1,1,1,1,0,0][1,1,1,1,0,0][3,3,3,3,0,0][3,3,3,3,0,0][0,0,2,2,2,2][0,0,2,2,2,2]
352000017 [1,1,1,1,0,0][1,1,1,1,0,0][0,2,0,2,2,2][0,2,0,2,2,2][1,1,1,1,0,0][1,1,1,1,0,0] is a duplicate of 758 [1,1,1,1,0,0][1,1,1,1,0,0][1,1,1,1,0,0][1,1,1,1,0,0][0,0,2,2,2,2][0,0,2,2,2,2]
352000018 [1,1,1,1,0,0][1,1,1,1,0,0][0,2,0,2,2,2][0,2,0,2,2,2][1,1,3,3,0,0][1,1,3,3,0,0] is a duplicate of 761 [1,1,1,1,0,0][1,1,1,1,0,0][1,1,3,3,0,0][1,1,3,3,0,0][0,2,0,2,2,2][0,2,0,2,2,2]
352000019 [1,1,1,1,0,0][1,1,1,1,0,0][0,2,0,2,2,2][0,2,0,2,2,2][1,3,1,3,0,0][1,3,1,3,0,0] is a duplicate of 760 [1,1,1,1,0,0][1,1,1,1,0,0][1,1,3,3,0,0][1,1,3,3,0,0][0,0,2,2,2,2][0,0,2,2,2,2]
352000020 [1,1,1,1,0,0][1,1,1,1,0,0][0,2,0,2,2,2][0,2,0,2,2,2][1,3,3,1,0,0][1,3,3,1,0,0] is a duplicate of 761 [1,1,1,1,0,0][1,1,1,1,0,0][1,1,3,3,0,0][1,1,3,3,0,0][0,2,0,2,2,2][0,2,0,2,2,2]
352000021 [1,1,1,1,0,0][1,1,1,1,0,0][0,2,0,2,2,2][0,2,0,2,2,2][3,1,1,3,0,0][3,1,1,3,0,0] is a duplicate of 761 [1,1,1,1,0,0][1,1,1,1,0,0][1,1,3,3,0,0][1,1,3,3,0,0][0,2,0,2,2,2][0,2,0,2,2,2]
352000022 [1,1,1,1,0,0][1,1,1,1,0,0][0,2,0,2,2,2][0,2,0,2,2,2][3,1,3,1,0,0][3,1,3,1,0,0] is a duplicate of 762 [1,1,1,1,0,0][1,1,1,1,0,0][1,1,3,3,0,0][1,1,3,3,0,0][2,2,0,0,2,2][2,2,0,0,2,2]
352000023 [1,1,1,1,0,0][1,1,1,1,0,0][0,2,0,2,2,2][0,2,0,2,2,2][3,3,1,1,0,0][3,3,1,1,0,0] is a duplicate of 761 [1,1,1,1,0,0][1,1,1,1,0,0][1,1,3,3,0,0][1,1,3,3,0,0][0,2,0,2,2,2][0,2,0,2,2,2]
352000024 [1,1,1,1,0,0][1,1,1,1,0,0][0,2,0,2,2,2][0,2,0,2,2,2][3,3,3,3,0,0][3,3,3,3,0,0] is a duplicate of 764 [1,1,1,1,0,0][1,1,1,1,0,0][3,3,3,3,0,0][3,3,3,3,0,0][0,0,2,2,2,2][0,0,2,2,2,2]
352000025 [1,1,1,1,0,0][1,1,1,1,0,0][0,2,2,0,2,2][0,2,2,0,2,2][1,1,1,1,0,0][1,1,1,1,0,0] is a duplicate of 758 [1,1,1,1,0,0][1,1,1,1,0,0][1,1,1,1,0,0][1,1,1,1,0,0][0,0,2,2,2,2][0,0,2,2,2,2]
352000026 [1,1,1,1,0,0][1,1,1,1,0,0][0,2,2,0,2,2][0,2,2,0,2,2][1,1,3,3,0,0][1,1,3,3,0,0] is a duplicate of 761 [1,1,1,1,0,0][1,1,1,1,0,0][1,1,3,3,0,0][1,1,3,3,0,0][0,2,0,2,2,2][0,2,0,2,2,2]
352000027 [1,1,1,1,0,0][1,1,1,1,0,0][0,2,2,0,2,2][0,2,2,0,2,2][1,3,1,3,0,0][1,3,1,3,0,0] is a duplicate of 761 [1,1,1,1,0,0][1,1,1,1,0,0][1,1,3,3,0,0][1,1,3,3,0,0][0,2,0,2,2,2][0,2,0,2,2,2]
352000028 [1,1,1,1,0,0][1,1,1,1,0,0][0,2,2,0,2,2][0,2,2,0,2,2][1,3,3,1,0,0][1,3,3,1,0,0] is a duplicate of 760 [1,1,1,1,0,0][1,1,1,1,0,0][1,1,3,3,0,0][1,1,3,3,0,0][0,0,2,2,2,2][0,0,2,2,2,2]
352000029 [1,1,1,1,0,0][1,1,1,1,0,0][0,2,2,0,2,2][0,2,2,0,2,2][3,1,1,3,0,0][3,1,1,3,0,0] is a duplicate of 762 [1,1,1,1,0,0][1,1,1,1,0,0][1,1,3,3,0,0][1,1,3,3,0,0][2,2,0,0,2,2][2,2,0,0,2,2]
352000030 [1,1,1,1,0,0][1,1,1,1,0,0][0,2,2,0,2,2][0,2,2,0,2,2][3,1,3,1,0,0][3,1,3,1,0,0] is a duplicate of 761 [1,1,1,1,0,0][1,1,1,1,0,0][1,1,3,3,0,0][1,1,3,3,0,0][0,2,0,2,2,2][0,2,0,2,2,2]
352000031 [1,1,1,1,0,0][1,1,1,1,0,0][0,2,2,0,2,2][0,2,2,0,2,2][3,3,1,1,0,0][3,3,1,1,0,0] is a duplicate of 761 [1,1,1,1,0,0][1,1,1,1,0,0][1,1,3,3,0,0][1,1,3,3,0,0][0,2,0,2,2,2][0,2,0,2,2,2]
352000032 [1,1,1,1,0,0][1,1,1,1,0,0][0,2,2,0,2,2][0,2,2,0,2,2][3,3,3,3,0,0][3,3,3,3,0,0] is a duplicate of 764 [1,1,1,1,0,0][1,1,1,1,0,0][3,3,3,3,0,0][3,3,3,3,0,0][0,0,2,2,2,2][0,0,2,2,2,2]
352000033 [1,1,1,1,0,0][1,1,1,1,0,0][2,0,0,2,2,2][2,0,0,2,2,2][1,1,1,1,0,0][1,1,1,1,0,0] is a duplicate of 758 [1,1,1,1,0,0][1,1,1,1,0,0][1,1,1,1,0,0][1,1,1,1,0,0][0,0,2,2,2,2][0,0,2,2,2,2]
352000034 [1,1,1,1,0,0][1,1,1,1,0,0][2,0,0,2,2,2][2,0,0,2,2,2][1,1,3,3,0,0][1,1,3,3,0,0] is a duplicate of 761 [1,1,1,1,0,0][1,1,1,1,0,0][1,1,3,3,0,0][1,1,3,3,0,0][0,2,0,2,2,2][0,2,0,2,2,2]
352000035 [1,1,1,1,0,0][1,1,1,1,0,0][2,0,0,2,2,2][2,0,0,2,2,2][1,3,1,3,0,0][1,3,1,3,0,0] is a duplicate of 761 [1,1,1,1,0,0][1,1,1,1,0,0][1,1,3,3,0,0][1,1,3,3,0,0][0,2,0,2,2,2][0,2,0,2,2,2]
352000036 [1,1,1,1,0,0][1,1,1,1,0,0][2,0,0,2,2,2][2,0,0,2,2,2][1,3,3,1,0,0][1,3,3,1,0,0] is a duplicate of 762 [1,1,1,1,0,0][1,1,1,1,0,0][1,1,3,3,0,0][1,1,3,3,0,0][2,2,0,0,2,2][2,2,0,0,2,2]
352000037 [1,1,1,1,0,0][1,1,1,1,0,0][2,0,0,2,2,2][2,0,0,2,2,2][3,1,1,3,0,0][3,1,1,3,0,0] is a duplicate of 760 [1,1,1,1,0,0][1,1,1,1,0,0][1,1,3,3,0,0][1,1,3,3,0,0][0,0,2,2,2,2][0,0,2,2,2,2]
352000038 [1,1,1,1,0,0][1,1,1,1,0,0][2,0,0,2,2,2][2,0,0,2,2,2][3,1,3,1,0,0][3,1,3,1,0,0] is a duplicate of 761 [1,1,1,1,0,0][1,1,1,1,0,0][1,1,3,3,0,0][1,1,3,3,0,0][0,2,0,2,2,2][0,2,0,2,2,2]
352000039 [1,1,1,1,0,0][1,1,1,1,0,0][2,0,0,2,2,2][2,0,0,2,2,2][3,3,1,1,0,0][3,3,1,1,0,0] is a duplicate of 761 [1,1,1,1,0,0][1,1,1,1,0,0][1,1,3,3,0,0][1,1,3,3,0,0][0,2,0,2,2,2][0,2,0,2,2,2]
352000040 [1,1,1,1,0,0][1,1,1,1,0,0][2,0,0,2,2,2][2,0,0,2,2,2][3,3,3,3,0,0][3,3,3,3,0,0] is a duplicate of 764 [1,1,1,1,0,0][1,1,1,1,0,0][3,3,3,3,0,0][3,3,3,3,0,0][0,0,2,2,2,2][0,0,2,2,2,2]
352000041 [1,1,1,1,0,0][1,1,1,1,0,0][2,0,2,0,2,2][2,0,2,0,2,2][1,1,1,1,0,0][1,1,1,1,0,0] is a duplicate of 758 [1,1,1,1,0,0][1,1,1,1,0,0][1,1,1,1,0,0][1,1,1,1,0,0][0,0,2,2,2,2][0,0,2,2,2,2]
352000042 [1,1,1,1,0,0][1,1,1,1,0,0][2,0,2,0,2,2][2,0,2,0,2,2][1,1,3,3,0,0][1,1,3,3,0,0] is a duplicate of 761 [1,1,1,1,0,0][1,1,1,1,0,0][1,1,3,3,0,0][1,1,3,3,0,0][0,2,0,2,2,2][0,2,0,2,2,2]
352000043 [1,1,1,1,0,0][1,1,1,1,0,0][2,0,2,0,2,2][2,0,2,0,2,2][1,3,1,3,0,0][1,3,1,3,0,0] is a duplicate of 762 [1,1,1,1,0,0][1,1,1,1,0,0][1,1,3,3,0,0][1,1,3,3,0,0][2,2,0,0,2,2][2,2,0,0,2,2]
352000044 [1,1,1,1,0,0][1,1,1,1,0,0][2,0,2,0,2,2][2,0,2,0,2,2][1,3,3,1,0,0][1,3,3,1,0,0] is a duplicate of 761 [1,1,1,1,0,0][1,1,1,1,0,0][1,1,3,3,0,0][1,1,3,3,0,0][0,2,0,2,2,2][0,2,0,2,2,2]
352000045 [1,1,1,1,0,0][1,1,1,1,0,0][2,0,2,0,2,2][2,0,2,0,2,2][3,1,1,3,0,0][3,1,1,3,0,0] is a duplicate of 761 [1,1,1,1,0,0][1,1,1,1,0,0][1,1,3,3,0,0][1,1,3,3,0,0][0,2,0,2,2,2][0,2,0,2,2,2]
352000046 [1,1,1,1,0,0][1,1,1,1,0,0][2,0,2,0,2,2][2,0,2,0,2,2][3,1,3,1,0,0][3,1,3,1,0,0] is a duplicate of 760 [1,1,1,1,0,0][1,1,1,1,0,0][1,1,3,3,0,0][1,1,3,3,0,0][0,0,2,2,2,2][0,0,2,2,2,2]
352000047 [1,1,1,1,0,0][1,1,1,1,0,0][2,0,2,0,2,2][2,0,2,0,2,2][3,3,1,1,0,0][3,3,1,1,0,0] is a duplicate of 761 [1,1,1,1,0,0][1,1,1,1,0,0][1,1,3,3,0,0][1,1,3,3,0,0][0,2,0,2,2,2][0,2,0,2,2,2]
352000048 [1,1,1,1,0,0][1,1,1,1,0,0][2,0,2,0,2,2][2,0,2,0,2,2][3,3,3,3,0,0][3,3,3,3,0,0] is a duplicate of 764 [1,1,1,1,0,0][1,1,1,1,0,0][3,3,3,3,0,0][3,3,3,3,0,0][0,0,2,2,2,2][0,0,2,2,2,2]
352000049 [1,1,1,1,0,0][1,1,1,1,0,0][2,2,0,0,2,2][2,2,0,0,2,2][1,1,1,1,0,0][1,1,1,1,0,0] is a duplicate of 758 [1,1,1,1,0,0][1,1,1,1,0,0][1,1,1,1,0,0][1,1,1,1,0,0][0,0,2,2,2,2][0,0,2,2,2,2]
352000050 [1,1,1,1,0,0][1,1,1,1,0,0][2,2,0,0,2,2][2,2,0,0,2,2][1,1,3,3,0,0][1,1,3,3,0,0] is a duplicate of 762 [1,1,1,1,0,0][1,1,1,1,0,0][1,1,3,3,0,0][1,1,3,3,0,0][2,2,0,0,2,2][2,2,0,0,2,2]
352000051 [1,1,1,1,0,0][1,1,1,1,0,0][2,2,0,0,2,2][2,2,0,0,2,2][1,3,1,3,0,0][1,3,1,3,0,0] is a duplicate of 761 [1,1,1,1,0,0][1,1,1,1,0,0][1,1,3,3,0,0][1,1,3,3,0,0][0,2,0,2,2,2][0,2,0,2,2,2]
352000052 [1,1,1,1,0,0][1,1,1,1,0,0][2,2,0,0,2,2][2,2,0,0,2,2][1,3,3,1,0,0][1,3,3,1,0,0] is a duplicate of 761 [1,1,1,1,0,0][1,1,1,1,0,0][1,1,3,3,0,0][1,1,3,3,0,0][0,2,0,2,2,2][0,2,0,2,2,2]
352000053 [1,1,1,1,0,0][1,1,1,1,0,0][2,2,0,0,2,2][2,2,0,0,2,2][3,1,1,3,0,0][3,1,1,3,0,0] is a duplicate of 761 [1,1,1,1,0,0][1,1,1,1,0,0][1,1,3,3,0,0][1,1,3,3,0,0][0,2,0,2,2,2][0,2,0,2,2,2]
352000054 [1,1,1,1,0,0][1,1,1,1,0,0][2,2,0,0,2,2][2,2,0,0,2,2][3,1,3,1,0,0][3,1,3,1,0,0] is a duplicate of 761 [1,1,1,1,0,0][1,1,1,1,0,0][1,1,3,3,0,0][1,1,3,3,0,0][0,2,0,2,2,2][0,2,0,2,2,2]
352000055 [1,1,1,1,0,0][1,1,1,1,0,0][2,2,0,0,2,2][2,2,0,0,2,2][3,3,1,1,0,0][3,3,1,1,0,0] is a duplicate of 760 [1,1,1,1,0,0][1,1,1,1,0,0][1,1,3,3,0,0][1,1,3,3,0,0][0,0,2,2,2,2][0,0,2,2,2,2]
352000056 [1,1,1,1,0,0][1,1,1,1,0,0][2,2,0,0,2,2][2,2,0,0,2,2][3,3,3,3,0,0][3,3,3,3,0,0] is a duplicate of 764 [1,1,1,1,0,0][1,1,1,1,0,0][3,3,3,3,0,0][3,3,3,3,0,0][0,0,2,2,2,2][0,0,2,2,2,2]
352000057 [1,1,1,1,0,0][1,1,1,1,0,0][2,2,2,2,2,2][2,2,2,2,2,2][1,1,1,1,0,0][1,1,1,1,0,0] is a duplicate of 426 [1,1,1,1,2,2][1,1,1,1,2,2][1,1,1,1,2,2][1,1,1,1,2,2][0,0,0,0,2,2][0,0,0,0,2,2]
352000058 [1,1,1,1,0,0][1,1,1,1,0,0][2,2,2,2,2,2][2,2,2,2,2,2][1,1,3,3,0,0][1,1,3,3,0,0] is a duplicate of 427 [1,1,1,1,2,2][1,1,1,1,2,2][1,1,3,3,2,2][1,1,3,3,2,2][0,0,0,0,2,2][0,0,0,0,2,2]
352000059 [1,1,1,1,0,0][1,1,1,1,0,0][2,2,2,2,2,2][2,2,2,2,2,2][1,3,1,3,0,0][1,3,1,3,0,0] is a duplicate of 427 [1,1,1,1,2,2][1,1,1,1,2,2][1,1,3,3,2,2][1,1,3,3,2,2][0,0,0,0,2,2][0,0,0,0,2,2]
352000060 [1,1,1,1,0,0][1,1,1,1,0,0][2,2,2,2,2,2][2,2,2,2,2,2][1,3,3,1,0,0][1,3,3,1,0,0] is a duplicate of 427 [1,1,1,1,2,2][1,1,1,1,2,2][1,1,3,3,2,2][1,1,3,3,2,2][0,0,0,0,2,2][0,0,0,0,2,2]
352000061 [1,1,1,1,0,0][1,1,1,1,0,0][2,2,2,2,2,2][2,2,2,2,2,2][3,1,1,3,0,0][3,1,1,3,0,0] is a duplicate of 427 [1,1,1,1,2,2][1,1,1,1,2,2][1,1,3,3,2,2][1,1,3,3,2,2][0,0,0,0,2,2][0,0,0,0,2,2]
352000062 [1,1,1,1,0,0][1,1,1,1,0,0][2,2,2,2,2,2][2,2,2,2,2,2][3,1,3,1,0,0][3,1,3,1,0,0] is a duplicate of 427 [1,1,1,1,2,2][1,1,1,1,2,2][1,1,3,3,2,2][1,1,3,3,2,2][0,0,0,0,2,2][0,0,0,0,2,2]
352000063 [1,1,1,1,0,0][1,1,1,1,0,0][2,2,2,2,2,2][2,2,2,2,2,2][3,3,1,1,0,0][3,3,1,1,0,0] is a duplicate of 427 [1,1,1,1,2,2][1,1,1,1,2,2][1,1,3,3,2,2][1,1,3,3,2,2][0,0,0,0,2,2][0,0,0,0,2,2]
352000064 [1,1,1,1,0,0][1,1,1,1,0,0][2,2,2,2,2,2][2,2,2,2,2,2][3,3,3,3,0,0][3,3,3,3,0,0] is a duplicate of 431 [1,1,3,3,2,2][1,1,3,3,2,2][1,1,3,3,2,2][1,1,3,3,2,2][0,0,0,0,2,2][0,0,0,0,2,2]
352000065 [1,1,1,1,0,0][1,1,3,3,0,0][0,0,0,0,2,2][0,0,0,0,2,2][1,1,1,1,0,0][1,1,3,3,0,0] is a duplicate of 759 [1,1,1,1,0,0][1,1,1,1,0,0][1,1,3,3,0,0][1,1,3,3,0,0][0,0,0,0,2,2][0,0,0,0,2,2]
352000066 [1,1,1,1,0,0][1,1,3,3,0,0][0,0,0,0,2,2][0,0,0,0,2,2][1,1,3,3,0,0][1,1,1,1,0,0] is a duplicate of 759 [1,1,1,1,0,0][1,1,1,1,0,0][1,1,3,3,0,0][1,1,3,3,0,0][0,0,0,0,2,2][0,0,0,0,2,2]
352000067 [1,1,1,1,0,0][1,1,3,3,0,0][0,0,0,0,2,2][0,0,0,0,2,2][1,3,1,3,0,0][1,3,3,1,0,0] is a duplicate of 799 [1,1,1,1,0,0][1,1,3,3,0,0][1,3,1,3,0,0][1,3,3,1,0,0][0,0,0,0,2,2][0,0,0,0,2,2]
352000068 [1,1,1,1,0,0][1,1,3,3,0,0][0,0,0,0,2,2][0,0,0,0,2,2][1,3,3,1,0,0][1,3,1,3,0,0] is a duplicate of 799 [1,1,1,1,0,0][1,1,3,3,0,0][1,3,1,3,0,0][1,3,3,1,0,0][0,0,0,0,2,2][0,0,0,0,2,2]
352000069 [1,1,1,1,0,0][1,1,3,3,0,0][0,0,0,0,2,2][0,0,0,0,2,2][3,1,1,3,0,0][3,1,3,1,0,0] is a duplicate of 799 [1,1,1,1,0,0][1,1,3,3,0,0][1,3,1,3,0,0][1,3,3,1,0,0][0,0,0,0,2,2][0,0,0,0,2,2]
352000070 [1,1,1,1,0,0][1,1,3,3,0,0][0,0,0,0,2,2][0,0,0,0,2,2][3,1,3,1,0,0][3,1,1,3,0,0] is a duplicate of 799 [1,1,1,1,0,0][1,1,3,3,0,0][1,3,1,3,0,0][1,3,3,1,0,0][0,0,0,0,2,2][0,0,0,0,2,2]
352000071 [1,1,1,1,0,0][1,1,3,3,0,0][0,0,0,0,2,2][0,0,0,0,2,2][3,3,1,1,0,0][3,3,3,3,0,0] is a duplicate of 802 [1,1,1,1,0,0][1,1,3,3,0,0][3,3,1,1,0,0][3,3,3,3,0,0][0,0,0,0,2,2][0,0,0,0,2,2]
352000072 [1,1,1,1,0,0][1,1,3,3,0,0][0,0,0,0,2,2][0,0,0,0,2,2][3,3,3,3,0,0][3,3,1,1,0,0] is a duplicate of 802 [1,1,1,1,0,0][1,1,3,3,0,0][3,3,1,1,0,0][3,3,3,3,0,0][0,0,0,0,2,2][0,0,0,0,2,2]
352000073 [1,1,1,1,0,0][1,1,3,3,0,0][0,0,2,2,2,2][0,0,2,2,2,2][1,1,1,1,0,0][1,1,3,3,0,0] is a duplicate of 760 [1,1,1,1,0,0][1,1,1,1,0,0][1,1,3,3,0,0][1,1,3,3,0,0][0,0,2,2,2,2][0,0,2,2,2,2]
352000074 [1,1,1,1,0,0][1,1,3,3,0,0][0,0,2,2,2,2][0,0,2,2,2,2][1,1,3,3,0,0][1,1,1,1,0,0] is a duplicate of 760 [1,1,1,1,0,0][1,1,1,1,0,0][1,1,3,3,0,0][1,1,3,3,0,0][0,0,2,2,2,2][0,0,2,2,2,2]
352000075 [1,1,1,1,0,0][1,1,3,3,0,0][0,0,2,2,2,2][0,0,2,2,2,2][1,3,1,3,0,0][1,3,3,1,0,0] is a duplicate of 800 [1,1,1,1,0,0][1,1,3,3,0,0][1,3,1,3,0,0][1,3,3,1,0,0][0,0,2,2,2,2][0,0,2,2,2,2]
352000076 [1,1,1,1,0,0][1,1,3,3,0,0][0,0,2,2,2,2][0,0,2,2,2,2][1,3,3,1,0,0][1,3,1,3,0,0] is a duplicate of 800 [1,1,1,1,0,0][1,1,3,3,0,0][1,3,1,3,0,0][1,3,3,1,0,0][0,0,2,2,2,2][0,0,2,2,2,2]
352000077 [1,1,1,1,0,0][1,1,3,3,0,0][0,0,2,2,2,2][0,0,2,2,2,2][3,1,1,3,0,0][3,1,3,1,0,0] is a duplicate of 800 [1,1,1,1,0,0][1,1,3,3,0,0][1,3,1,3,0,0][1,3,3,1,0,0][0,0,2,2,2,2][0,0,2,2,2,2]
352000078 [1,1,1,1,0,0][1,1,3,3,0,0][0,0,2,2,2,2][0,0,2,2,2,2][3,1,3,1,0,0][3,1,1,3,0,0] is a duplicate of 800 [1,1,1,1,0,0][1,1,3,3,0,0][1,3,1,3,0,0][1,3,3,1,0,0][0,0,2,2,2,2][0,0,2,2,2,2]
352000079 [1,1,1,1,0,0][1,1,3,3,0,0][0,0,2,2,2,2][0,0,2,2,2,2][3,3,1,1,0,0][3,3,3,3,0,0] is a duplicate of 803 [1,1,1,1,0,0][1,1,3,3,0,0][3,3,1,1,0,0][3,3,3,3,0,0][0,0,2,2,2,2][0,0,2,2,2,2]
352000080 [1,1,1,1,0,0][1,1,3,3,0,0][0,0,2,2,2,2][0,0,2,2,2,2][3,3,3,3,0,0][3,3,1,1,0,0] is a duplicate of 803 [1,1,1,1,0,0][1,1,3,3,0,0][3,3,1,1,0,0][3,3,3,3,0,0][0,0,2,2,2,2][0,0,2,2,2,2]
352000081 [1,1,1,1,0,0][1,1,3,3,0,0][0,2,0,2,2,2][0,2,0,2,2,2][1,1,1,1,0,0][1,1,3,3,0,0] is a duplicate of 761 [1,1,1,1,0,0][1,1,1,1,0,0][1,1,3,3,0,0][1,1,3,3,0,0][0,2,0,2,2,2][0,2,0,2,2,2]
352000082 [1,1,1,1,0,0][1,1,3,3,0,0][0,2,0,2,2,2][0,2,0,2,2,2][1,1,3,3,0,0][1,1,1,1,0,0] is a duplicate of 761 [1,1,1,1,0,0][1,1,1,1,0,0][1,1,3,3,0,0][1,1,3,3,0,0][0,2,0,2,2,2][0,2,0,2,2,2]
352000083 [1,1,1,1,0,0][1,1,3,3,0,0][0,2,0,2,2,2][0,2,0,2,2,2][1,3,1,3,0,0][1,3,3,1,0,0] is a duplicate of 800 [1,1,1,1,0,0][1,1,3,3,0,0][1,3,1,3,0,0][1,3,3,1,0,0][0,0,2,2,2,2][0,0,2,2,2,2]
352000084 [1,1,1,1,0,0][1,1,3,3,0,0][0,2,0,2,2,2][0,2,0,2,2,2][1,3,3,1,0,0][1,3,1,3,0,0] is a duplicate of 800 [1,1,1,1,0,0][1,1,3,3,0,0][1,3,1,3,0,0][1,3,3,1,0,0][0,0,2,2,2,2][0,0,2,2,2,2]
352000085 [1,1,1,1,0,0][1,1,3,3,0,0][0,2,0,2,2,2][0,2,0,2,2,2][3,1,1,3,0,0][3,1,3,1,0,0] is a duplicate of 801 [1,1,1,1,0,0][1,1,3,3,0,0][1,3,1,3,0,0][1,3,3,1,0,0][2,0,0,2,2,2][2,0,0,2,2,2]
352000086 [1,1,1,1,0,0][1,1,3,3,0,0][0,2,0,2,2,2][0,2,0,2,2,2][3,1,3,1,0,0][3,1,1,3,0,0] is a duplicate of 801 [1,1,1,1,0,0][1,1,3,3,0,0][1,3,1,3,0,0][1,3,3,1,0,0][2,0,0,2,2,2][2,0,0,2,2,2]
352000087 [1,1,1,1,0,0][1,1,3,3,0,0][0,2,0,2,2,2][0,2,0,2,2,2][3,3,1,1,0,0][3,3,3,3,0,0] is a duplicate of 804 [1,1,1,1,0,0][1,1,3,3,0,0][3,3,1,1,0,0][3,3,3,3,0,0][0,2,0,2,2,2][0,2,0,2,2,2]
352000088 [1,1,1,1,0,0][1,1,3,3,0,0][0,2,0,2,2,2][0,2,0,2,2,2][3,3,3,3,0,0][3,3,1,1,0,0] is a duplicate of 804 [1,1,1,1,0,0][1,1,3,3,0,0][3,3,1,1,0,0][3,3,3,3,0,0][0,2,0,2,2,2][0,2,0,2,2,2]
352000089 [1,1,1,1,0,0][1,1,3,3,0,0][0,2,2,0,2,2][0,2,2,0,2,2][1,1,1,1,0,0][1,1,3,3,0,0] is a duplicate of 761 [1,1,1,1,0,0][1,1,1,1,0,0][1,1,3,3,0,0][1,1,3,3,0,0][0,2,0,2,2,2][0,2,0,2,2,2]
352000090 [1,1,1,1,0,0][1,1,3,3,0,0][0,2,2,0,2,2][0,2,2,0,2,2][1,1,3,3,0,0][1,1,1,1,0,0] is a duplicate of 761 [1,1,1,1,0,0][1,1,1,1,0,0][1,1,3,3,0,0][1,1,3,3,0,0][0,2,0,2,2,2][0,2,0,2,2,2]
352000091 [1,1,1,1,0,0][1,1,3,3,0,0][0,2,2,0,2,2][0,2,2,0,2,2][1,3,1,3,0,0][1,3,3,1,0,0] is a duplicate of 800 [1,1,1,1,0,0][1,1,3,3,0,0][1,3,1,3,0,0][1,3,3,1,0,0][0,0,2,2,2,2][0,0,2,2,2,2]
352000092 [1,1,1,1,0,0][1,1,3,3,0,0][0,2,2,0,2,2][0,2,2,0,2,2][1,3,3,1,0,0][1,3,1,3,0,0] is a duplicate of 800 [1,1,1,1,0,0][1,1,3,3,0,0][1,3,1,3,0,0][1,3,3,1,0,0][0,0,2,2,2,2][0,0,2,2,2,2]
352000093 [1,1,1,1,0,0][1,1,3,3,0,0][0,2,2,0,2,2][0,2,2,0,2,2][3,1,1,3,0,0][3,1,3,1,0,0] is a duplicate of 801 [1,1,1,1,0,0][1,1,3,3,0,0][1,3,1,3,0,0][1,3,3,1,0,0][2,0,0,2,2,2][2,0,0,2,2,2]
352000094 [1,1,1,1,0,0][1,1,3,3,0,0][0,2,2,0,2,2][0,2,2,0,2,2][3,1,3,1,0,0][3,1,1,3,0,0] is a duplicate of 801 [1,1,1,1,0,0][1,1,3,3,0,0][1,3,1,3,0,0][1,3,3,1,0,0][2,0,0,2,2,2][2,0,0,2,2,2]
352000095 [1,1,1,1,0,0][1,1,3,3,0,0][0,2,2,0,2,2][0,2,2,0,2,2][3,3,1,1,0,0][3,3,3,3,0,0] is a duplicate of 804 [1,1,1,1,0,0][1,1,3,3,0,0][3,3,1,1,0,0][3,3,3,3,0,0][0,2,0,2,2,2][0,2,0,2,2,2]
352000096 [1,1,1,1,0,0][1,1,3,3,0,0][0,2,2,0,2,2][0,2,2,0,2,2][3,3,3,3,0,0][3,3,1,1,0,0] is a duplicate of 804 [1,1,1,1,0,0][1,1,3,3,0,0][3,3,1,1,0,0][3,3,3,3,0,0][0,2,0,2,2,2][0,2,0,2,2,2]
352000097 [1,1,1,1,0,0][1,1,3,3,0,0][2,0,0,2,2,2][2,0,0,2,2,2][1,1,1,1,0,0][1,1,3,3,0,0] is a duplicate of 761 [1,1,1,1,0,0][1,1,1,1,0,0][1,1,3,3,0,0][1,1,3,3,0,0][0,2,0,2,2,2][0,2,0,2,2,2]
352000098 [1,1,1,1,0,0][1,1,3,3,0,0][2,0,0,2,2,2][2,0,0,2,2,2][1,1,3,3,0,0][1,1,1,1,0,0] is a duplicate of 761 [1,1,1,1,0,0][1,1,1,1,0,0][1,1,3,3,0,0][1,1,3,3,0,0][0,2,0,2,2,2][0,2,0,2,2,2]
352000099 [1,1,1,1,0,0][1,1,3,3,0,0][2,0,0,2,2,2][2,0,0,2,2,2][1,3,1,3,0,0][1,3,3,1,0,0] is a duplicate of 801 [1,1,1,1,0,0][1,1,3,3,0,0][1,3,1,3,0,0][1,3,3,1,0,0][2,0,0,2,2,2][2,0,0,2,2,2]
352000100 [1,1,1,1,0,0][1,1,3,3,0,0][2,0,0,2,2,2][2,0,0,2,2,2][1,3,3,1,0,0][1,3,1,3,0,0] is a duplicate of 801 [1,1,1,1,0,0][1,1,3,3,0,0][1,3,1,3,0,0][1,3,3,1,0,0][2,0,0,2,2,2][2,0,0,2,2,2]
352000101 [1,1,1,1,0,0][1,1,3,3,0,0][2,0,0,2,2,2][2,0,0,2,2,2][3,1,1,3,0,0][3,1,3,1,0,0] is a duplicate of 800 [1,1,1,1,0,0][1,1,3,3,0,0][1,3,1,3,0,0][1,3,3,1,0,0][0,0,2,2,2,2][0,0,2,2,2,2]
352000102 [1,1,1,1,0,0][1,1,3,3,0,0][2,0,0,2,2,2][2,0,0,2,2,2][3,1,3,1,0,0][3,1,1,3,0,0] is a duplicate of 800 [1,1,1,1,0,0][1,1,3,3,0,0][1,3,1,3,0,0][1,3,3,1,0,0][0,0,2,2,2,2][0,0,2,2,2,2]
352000103 [1,1,1,1,0,0][1,1,3,3,0,0][2,0,0,2,2,2][2,0,0,2,2,2][3,3,1,1,0,0][3,3,3,3,0,0] is a duplicate of 804 [1,1,1,1,0,0][1,1,3,3,0,0][3,3,1,1,0,0][3,3,3,3,0,0][0,2,0,2,2,2][0,2,0,2,2,2]
352000104 [1,1,1,1,0,0][1,1,3,3,0,0][2,0,0,2,2,2][2,0,0,2,2,2][3,3,3,3,0,0][3,3,1,1,0,0] is a duplicate of 804 [1,1,1,1,0,0][1,1,3,3,0,0][3,3,1,1,0,0][3,3,3,3,0,0][0,2,0,2,2,2][0,2,0,2,2,2]
352000105 [1,1,1,1,0,0][1,1,3,3,0,0][2,0,2,0,2,2][2,0,2,0,2,2][1,1,1,1,0,0][1,1,3,3,0,0] is a duplicate of 761 [1,1,1,1,0,0][1,1,1,1,0,0][1,1,3,3,0,0][1,1,3,3,0,0][0,2,0,2,2,2][0,2,0,2,2,2]
352000106 [1,1,1,1,0,0][1,1,3,3,0,0][2,0,2,0,2,2][2,0,2,0,2,2][1,1,3,3,0,0][1,1,1,1,0,0] is a duplicate of 761 [1,1,1,1,0,0][1,1,1,1,0,0][1,1,3,3,0,0][1,1,3,3,0,0][0,2,0,2,2,2][0,2,0,2,2,2]
352000107 [1,1,1,1,0,0][1,1,3,3,0,0][2,0,2,0,2,2][2,0,2,0,2,2][1,3,1,3,0,0][1,3,3,1,0,0] is a duplicate of 801 [1,1,1,1,0,0][1,1,3,3,0,0][1,3,1,3,0,0][1,3,3,1,0,0][2,0,0,2,2,2][2,0,0,2,2,2]
352000108 [1,1,1,1,0,0][1,1,3,3,0,0][2,0,2,0,2,2][2,0,2,0,2,2][1,3,3,1,0,0][1,3,1,3,0,0] is a duplicate of 801 [1,1,1,1,0,0][1,1,3,3,0,0][1,3,1,3,0,0][1,3,3,1,0,0][2,0,0,2,2,2][2,0,0,2,2,2]
352000109 [1,1,1,1,0,0][1,1,3,3,0,0][2,0,2,0,2,2][2,0,2,0,2,2][3,1,1,3,0,0][3,1,3,1,0,0] is a duplicate of 800 [1,1,1,1,0,0][1,1,3,3,0,0][1,3,1,3,0,0][1,3,3,1,0,0][0,0,2,2,2,2][0,0,2,2,2,2]
352000110 [1,1,1,1,0,0][1,1,3,3,0,0][2,0,2,0,2,2][2,0,2,0,2,2][3,1,3,1,0,0][3,1,1,3,0,0] is a duplicate of 800 [1,1,1,1,0,0][1,1,3,3,0,0][1,3,1,3,0,0][1,3,3,1,0,0][0,0,2,2,2,2][0,0,2,2,2,2]
352000111 [1,1,1,1,0,0][1,1,3,3,0,0][2,0,2,0,2,2][2,0,2,0,2,2][3,3,1,1,0,0][3,3,3,3,0,0] is a duplicate of 804 [1,1,1,1,0,0][1,1,3,3,0,0][3,3,1,1,0,0][3,3,3,3,0,0][0,2,0,2,2,2][0,2,0,2,2,2]
352000112 [1,1,1,1,0,0][1,1,3,3,0,0][2,0,2,0,2,2][2,0,2,0,2,2][3,3,3,3,0,0][3,3,1,1,0,0] is a duplicate of 804 [1,1,1,1,0,0][1,1,3,3,0,0][3,3,1,1,0,0][3,3,3,3,0,0][0,2,0,2,2,2][0,2,0,2,2,2]
352000113 [1,1,1,1,0,0][1,1,3,3,0,0][2,2,0,0,2,2][2,2,0,0,2,2][1,1,1,1,0,0][1,1,3,3,0,0] is a duplicate of 762 [1,1,1,1,0,0][1,1,1,1,0,0][1,1,3,3,0,0][1,1,3,3,0,0][2,2,0,0,2,2][2,2,0,0,2,2]
352000114 [1,1,1,1,0,0][1,1,3,3,0,0][2,2,0,0,2,2][2,2,0,0,2,2][1,1,3,3,0,0][1,1,1,1,0,0] is a duplicate of 762 [1,1,1,1,0,0][1,1,1,1,0,0][1,1,3,3,0,0][1,1,3,3,0,0][2,2,0,0,2,2][2,2,0,0,2,2]
352000115 [1,1,1,1,0,0][1,1,3,3,0,0][2,2,0,0,2,2][2,2,0,0,2,2][1,3,1,3,0,0][1,3,3,1,0,0] is a duplicate of 801 [1,1,1,1,0,0][1,1,3,3,0,0][1,3,1,3,0,0][1,3,3,1,0,0][2,0,0,2,2,2][2,0,0,2,2,2]
352000116 [1,1,1,1,0,0][1,1,3,3,0,0][2,2,0,0,2,2][2,2,0,0,2,2][1,3,3,1,0,0][1,3,1,3,0,0] is a duplicate of 801 [1,1,1,1,0,0][1,1,3,3,0,0][1,3,1,3,0,0][1,3,3,1,0,0][2,0,0,2,2,2][2,0,0,2,2,2]
352000117 [1,1,1,1,0,0][1,1,3,3,0,0][2,2,0,0,2,2][2,2,0,0,2,2][3,1,1,3,0,0][3,1,3,1,0,0] is a duplicate of 801 [1,1,1,1,0,0][1,1,3,3,0,0][1,3,1,3,0,0][1,3,3,1,0,0][2,0,0,2,2,2][2,0,0,2,2,2]
352000118 [1,1,1,1,0,0][1,1,3,3,0,0][2,2,0,0,2,2][2,2,0,0,2,2][3,1,3,1,0,0][3,1,1,3,0,0] is a duplicate of 801 [1,1,1,1,0,0][1,1,3,3,0,0][1,3,1,3,0,0][1,3,3,1,0,0][2,0,0,2,2,2][2,0,0,2,2,2]
352000119 [1,1,1,1,0,0][1,1,3,3,0,0][2,2,0,0,2,2][2,2,0,0,2,2][3,3,1,1,0,0][3,3,3,3,0,0] is a duplicate of 803 [1,1,1,1,0,0][1,1,3,3,0,0][3,3,1,1,0,0][3,3,3,3,0,0][0,0,2,2,2,2][0,0,2,2,2,2]
352000120 [1,1,1,1,0,0][1,1,3,3,0,0][2,2,0,0,2,2][2,2,0,0,2,2][3,3,3,3,0,0][3,3,1,1,0,0] is a duplicate of 803 [1,1,1,1,0,0][1,1,3,3,0,0][3,3,1,1,0,0][3,3,3,3,0,0][0,0,2,2,2,2][0,0,2,2,2,2]
352000121 [1,1,1,1,0,0][1,1,3,3,0,0][2,2,2,2,2,2][2,2,2,2,2,2][1,1,1,1,0,0][1,1,3,3,0,0] is a duplicate of 427 [1,1,1,1,2,2][1,1,1,1,2,2][1,1,3,3,2,2][1,1,3,3,2,2][0,0,0,0,2,2][0,0,0,0,2,2]
352000122 [1,1,1,1,0,0][1,1,3,3,0,0][2,2,2,2,2,2][2,2,2,2,2,2][1,1,3,3,0,0][1,1,1,1,0,0] is a duplicate of 427 [1,1,1,1,2,2][1,1,1,1,2,2][1,1,3,3,2,2][1,1,3,3,2,2][0,0,0,0,2,2][0,0,0,0,2,2]
352000123 [1,1,1,1,0,0][1,1,3,3,0,0][2,2,2,2,2,2][2,2,2,2,2,2][1,3,1,3,0,0][1,3,3,1,0,0] is a duplicate of 429 [1,1,1,1,2,2][1,1,3,3,2,2][1,3,1,3,2,2][1,3,3,1,2,2][0,0,0,0,2,2][0,0,0,0,2,2]
352000124 [1,1,1,1,0,0][1,1,3,3,0,0][2,2,2,2,2,2][2,2,2,2,2,2][1,3,3,1,0,0][1,3,1,3,0,0] is a duplicate of 429 [1,1,1,1,2,2][1,1,3,3,2,2][1,3,1,3,2,2][1,3,3,1,2,2][0,0,0,0,2,2][0,0,0,0,2,2]
352000125 [1,1,1,1,0,0][1,1,3,3,0,0][2,2,2,2,2,2][2,2,2,2,2,2][3,1,1,3,0,0][3,1,3,1,0,0] is a duplicate of 429 [1,1,1,1,2,2][1,1,3,3,2,2][1,3,1,3,2,2][1,3,3,1,2,2][0,0,0,0,2,2][0,0,0,0,2,2]
352000126 [1,1,1,1,0,0][1,1,3,3,0,0][2,2,2,2,2,2][2,2,2,2,2,2][3,1,3,1,0,0][3,1,1,3,0,0] is a duplicate of 429 [1,1,1,1,2,2][1,1,3,3,2,2][1,3,1,3,2,2][1,3,3,1,2,2][0,0,0,0,2,2][0,0,0,0,2,2]
352000127 [1,1,1,1,0,0][1,1,3,3,0,0][2,2,2,2,2,2][2,2,2,2,2,2][3,3,1,1,0,0][3,3,3,3,0,0] is a duplicate of 432 [1,1,3,3,2,2][1,1,3,3,2,2][1,3,1,3,2,2][1,3,1,3,2,2][0,0,0,0,2,2][0,0,0,0,2,2]
352000128 [1,1,1,1,0,0][1,1,3,3,0,0][2,2,2,2,2,2][2,2,2,2,2,2][3,3,3,3,0,0][3,3,1,1,0,0] is a duplicate of 432 [1,1,3,3,2,2][1,1,3,3,2,2][1,3,1,3,2,2][1,3,1,3,2,2][0,0,0,0,2,2][0,0,0,0,2,2]
352000129 [1,1,1,1,0,0][1,3,1,3,0,0][0,0,0,0,2,2][0,0,0,0,2,2][1,1,1,1,0,0][1,3,1,3,0,0] is a duplicate of 759 [1,1,1,1,0,0][1,1,1,1,0,0][1,1,3,3,0,0][1,1,3,3,0,0][0,0,0,0,2,2][0,0,0,0,2,2]
352000130 [1,1,1,1,0,0][1,3,1,3,0,0][0,0,0,0,2,2][0,0,0,0,2,2][1,1,3,3,0,0][1,3,3,1,0,0] is a duplicate of 799 [1,1,1,1,0,0][1,1,3,3,0,0][1,3,1,3,0,0][1,3,3,1,0,0][0,0,0,0,2,2][0,0,0,0,2,2]
352000131 [1,1,1,1,0,0][1,3,1,3,0,0][0,0,0,0,2,2][0,0,0,0,2,2][1,3,1,3,0,0][1,1,1,1,0,0] is a duplicate of 759 [1,1,1,1,0,0][1,1,1,1,0,0][1,1,3,3,0,0][1,1,3,3,0,0][0,0,0,0,2,2][0,0,0,0,2,2]
352000132 [1,1,1,1,0,0][1,3,1,3,0,0][0,0,0,0,2,2][0,0,0,0,2,2][1,3,3,1,0,0][1,1,3,3,0,0] is a duplicate of 799 [1,1,1,1,0,0][1,1,3,3,0,0][1,3,1,3,0,0][1,3,3,1,0,0][0,0,0,0,2,2][0,0,0,0,2,2]
352000133 [1,1,1,1,0,0][1,3,1,3,0,0][0,0,0,0,2,2][0,0,0,0,2,2][3,1,1,3,0,0][3,3,1,1,0,0] is a duplicate of 799 [1,1,1,1,0,0][1,1,3,3,0,0][1,3,1,3,0,0][1,3,3,1,0,0][0,0,0,0,2,2][0,0,0,0,2,2]
352000134 is unique
352000135 [1,1,1,1,0,0][1,3,1,3,0,0][0,0,0,0,2,2][0,0,0,0,2,2][3,3,1,1,0,0][3,1,1,3,0,0] is a duplicate of 799 [1,1,1,1,0,0][1,1,3,3,0,0][1,3,1,3,0,0][1,3,3,1,0,0][0,0,0,0,2,2][0,0,0,0,2,2]
