100 [2,2,2,2,1,1][2,2,2,2,1,1][2,2,2,2,1,1][2,2,2,2,1,1][0,0,0,0,0,0][0,0,0,0,0,0]
101 [2,2,2,2,1,1][2,2,2,2,1,1][2,2,3,3,1,1][2,2,3,3,1,1][0,0,0,0,0,0][0,0,0,0,0,0]
102 [2,2,2,2,1,1][2,2,2,2,1,1][3,3,3,3,1,1][3,3,3,3,1,1][0,0,0,0,0,0][0,0,0,0,0,0]
103 [2,2,2,2,1,1][2,2,3,3,1,1][2,3,2,3,1,1][2,3,3,2,1,1][0,0,0,0,0,0][0,0,0,0,0,0]
104 [2,2,2,2,1,1][2,2,3,3,1,1][3,3,2,2,1,1][3,3,3,3,1,1][0,0,0,0,0,0][0,0,0,0,0,0]
105 [2,2,3,3,1,1][2,2,3,3,1,1][2,2,3,3,1,1][2,2,3,3,1,1][0,0,0,0,0,0][0,0,0,0,0,0]
106 [2,2,3,3,1,1][2,2,3,3,1,1][2,3,2,3,1,1][2,3,2,3,1,1][0,0,0,0,0,0][0,0,0,0,0,0]
107 [2,2,3,3,1,1][2,2,3,3,1,1][3,3,2,2,1,1][3,3,2,2,1,1][0,0,0,0,0,0][0,0,0,0,0,0]
108 [2,2,3,3,1,1][2,3,2,3,1,1][3,2,3,2,1,1][3,3,2,2,1,1][0,0,0,0,0,0][0,0,0,0,0,0]
349 [2,2,2,2,1,1][2,2,2,2,1,1][2,2,2,2,1,1][2,2,2,2,1,1][0,0,1,1,0,0][0,0,1,1,0,0]
350 [2,2,2,2,1,1][2,2,2,2,1,1][2,2,3,3,1,1][2,2,3,3,1,1][0,0,1,1,0,0][0,0,1,1,0,0]
351 [2,2,2,2,1,1][2,2,2,2,1,1][3,3,2,2,1,1][3,3,2,2,1,1][0,0,1,1,0,0][0,0,1,1,0,0]
352 [2,2,2,2,1,1][2,2,2,2,1,1][3,3,3,3,1,1][3,3,3,3,1,1][0,0,1,1,0,0][0,0,1,1,0,0]
353 [2,2,2,2,1,1][2,2,3,3,1,1][2,3,2,3,1,1][2,3,3,2,1,1][0,0,1,1,0,0][0,0,1,1,0,0]
354 [2,2,2,2,1,1][2,2,3,3,1,1][3,3,2,2,1,1][3,3,3,3,1,1][0,0,1,1,0,0][0,0,1,1,0,0]
355 [2,2,2,2,1,1][2,3,2,3,1,1][3,2,2,3,1,1][3,3,2,2,1,1][0,0,1,1,0,0][0,0,1,1,0,0]
356 [2,2,3,3,1,1][2,2,3,3,1,1][2,2,3,3,1,1][2,2,3,3,1,1][0,0,1,1,0,0][0,0,1,1,0,0]
357 [2,2,3,3,1,1][2,2,3,3,1,1][3,3,2,2,1,1][3,3,2,2,1,1][0,0,1,1,0,0][0,0,1,1,0,0]
358 [2,2,3,3,1,1][2,3,2,3,1,1][3,2,3,2,1,1][3,3,2,2,1,1][0,0,1,1,0,0][0,0,1,1,0,0]
359 [2,3,2,3,1,1][2,3,2,3,1,1][2,3,2,3,1,1][2,3,2,3,1,1][0,0,1,1,0,0][0,0,1,1,0,0]
360 [2,3,2,3,1,1][2,3,2,3,1,1][2,3,3,2,1,1][2,3,3,2,1,1][0,0,1,1,0,0][0,0,1,1,0,0]
361 [2,3,2,3,1,1][2,3,2,3,1,1][3,2,2,3,1,1][3,2,2,3,1,1][0,0,1,1,0,0][0,0,1,1,0,0]
362 [2,3,2,3,1,1][2,3,2,3,1,1][3,2,3,2,1,1][3,2,3,2,1,1][0,0,1,1,0,0][0,0,1,1,0,0]
363 [2,3,2,3,1,1][2,3,3,2,1,1][3,2,2,3,1,1][3,2,3,2,1,1][0,0,1,1,0,0][0,0,1,1,0,0]
364 [2,2,2,2,1,1][2,2,2,2,1,1][2,2,2,2,1,1][2,2,2,2,1,1][0,0,0,0,1,1][0,0,0,0,1,1]
365 [2,2,2,2,1,1][2,2,2,2,1,1][2,2,3,3,1,1][2,2,3,3,1,1][0,0,0,0,1,1][0,0,0,0,1,1]
366 [2,2,2,2,1,1][2,2,2,2,1,1][3,3,3,3,1,1][3,3,3,3,1,1][0,0,0,0,1,1][0,0,0,0,1,1]
367 [2,2,2,2,1,1][2,2,3,3,1,1][2,3,2,3,1,1][2,3,3,2,1,1][0,0,0,0,1,1][0,0,0,0,1,1]
368 [2,2,2,2,1,1][2,2,3,3,1,1][3,3,2,2,1,1][3,3,3,3,1,1][0,0,0,0,1,1][0,0,0,0,1,1]
369 [2,2,3,3,1,1][2,2,3,3,1,1][2,2,3,3,1,1][2,2,3,3,1,1][0,0,0,0,1,1][0,0,0,0,1,1]
370 [2,2,3,3,1,1][2,2,3,3,1,1][2,3,2,3,1,1][2,3,2,3,1,1][0,0,0,0,1,1][0,0,0,0,1,1]
371 [2,2,3,3,1,1][2,2,3,3,1,1][3,3,2,2,1,1][3,3,2,2,1,1][0,0,0,0,1,1][0,0,0,0,1,1]
372 [2,2,3,3,1,1][2,3,2,3,1,1][3,2,3,2,1,1][3,3,2,2,1,1][0,0,0,0,1,1][0,0,0,0,1,1]
595 [2,2,2,2,1,1][2,2,2,2,1,1][2,2,2,2,1,1][2,2,2,2,1,1][1,1,1,1,0,0][1,1,1,1,0,0]
596 [2,2,2,2,1,1][2,2,2,2,1,1][2,2,3,3,1,1][2,2,3,3,1,1][1,1,1,1,0,0][1,1,1,1,0,0]
597 [2,2,2,2,1,1][2,2,2,2,1,1][3,3,3,3,1,1][3,3,3,3,1,1][1,1,1,1,0,0][1,1,1,1,0,0]
598 [2,2,2,2,1,1][2,2,3,3,1,1][2,3,2,3,1,1][2,3,3,2,1,1][1,1,1,1,0,0][1,1,1,1,0,0]
599 [2,2,2,2,1,1][2,2,3,3,1,1][3,3,2,2,1,1][3,3,3,3,1,1][1,1,1,1,0,0][1,1,1,1,0,0]
600 [2,2,3,3,1,1][2,2,3,3,1,1][3,3,2,2,1,1][3,3,2,2,1,1][1,1,1,1,0,0][1,1,1,1,0,0]
601 [2,2,3,3,1,1][2,3,2,3,1,1][3,2,3,2,1,1][3,3,2,2,1,1][1,1,1,1,0,0][1,1,1,1,0,0]
641 [2,2,2,2,0,0][2,2,2,2,0,0][2,2,2,2,0,0][2,2,2,2,0,0][0,0,0,0,1,1][0,0,0,0,1,1]
642 [2,2,2,2,0,0][2,2,2,2,0,0][2,2,2,2,0,0][2,2,2,2,0,0][0,0,1,1,1,1][0,0,1,1,1,1]
643 [2,2,2,2,0,0][2,2,2,2,0,0][2,2,3,3,0,0][2,2,3,3,0,0][0,0,0,0,1,1][0,0,0,0,1,1]
644 [2,2,2,2,0,0][2,2,2,2,0,0][2,2,3,3,0,0][2,2,3,3,0,0][0,0,1,1,1,1][0,0,1,1,1,1]
645 [2,2,2,2,0,0][2,2,2,2,0,0][2,2,3,3,0,0][2,2,3,3,0,0][0,1,0,1,1,1][0,1,0,1,1,1]
646 [2,2,2,2,0,0][2,2,2,2,0,0][2,2,3,3,0,0][2,2,3,3,0,0][1,1,0,0,1,1][1,1,0,0,1,1]
647 [2,2,2,2,0,0][2,2,2,2,0,0][3,3,3,3,0,0][3,3,3,3,0,0][0,0,0,0,1,1][0,0,0,0,1,1]
648 [2,2,2,2,0,0][2,2,2,2,0,0][3,3,3,3,0,0][3,3,3,3,0,0][0,0,1,1,1,1][0,0,1,1,1,1]
653 [2,2,2,2,0,0][2,2,2,2,0,0][3,3,3,3,1,1][3,3,3,3,1,1][0,0,0,0,1,1][0,0,0,0,1,1]
678 [2,2,2,2,0,0][2,2,3,3,0,0][2,3,2,3,0,0][2,3,3,2,0,0][0,0,0,0,1,1][0,0,0,0,1,1]
679 [2,2,2,2,0,0][2,2,3,3,0,0][2,3,2,3,0,0][2,3,3,2,0,0][0,0,1,1,1,1][0,0,1,1,1,1]
680 [2,2,2,2,0,0][2,2,3,3,0,0][2,3,2,3,0,0][2,3,3,2,0,0][1,0,0,1,1,1][1,0,0,1,1,1]
681 [2,2,2,2,0,0][2,2,3,3,0,0][3,3,2,2,0,0][3,3,3,3,0,0][0,0,0,0,1,1][0,0,0,0,1,1]
682 [2,2,2,2,0,0][2,2,3,3,0,0][3,3,2,2,0,0][3,3,3,3,0,0][0,0,1,1,1,1][0,0,1,1,1,1]
683 [2,2,2,2,0,0][2,2,3,3,0,0][3,3,2,2,0,0][3,3,3,3,0,0][0,1,0,1,1,1][0,1,0,1,1,1]
684 [2,2,2,2,0,0][2,2,3,3,0,0][3,3,2,2,1,1][3,3,3,3,1,1][0,0,0,0,1,1][0,0,0,0,1,1]
685 [2,2,2,2,0,0][3,3,3,3,0,0][2,2,2,2,1,1][3,3,3,3,1,1][0,0,0,0,1,1][0,0,0,0,1,1]
686 [2,2,2,2,0,0][3,3,3,3,0,0][2,2,3,3,1,1][3,3,2,2,1,1][0,0,0,0,1,1][0,0,0,0,1,1]
699 [2,2,3,3,0,0][2,2,3,3,0,0][2,3,2,3,0,0][2,3,2,3,0,0][1,0,0,1,1,1][1,0,0,1,1,1]
700 [2,2,3,3,0,0][2,2,3,3,0,0][3,3,2,2,0,0][3,3,2,2,0,0][0,0,0,0,1,1][0,0,0,0,1,1]
701 [2,2,3,3,0,0][2,2,3,3,0,0][3,3,2,2,0,0][3,3,2,2,0,0][0,0,1,1,1,1][0,0,1,1,1,1]
702 [2,2,3,3,0,0][2,2,3,3,0,0][3,3,2,2,0,0][3,3,2,2,0,0][0,1,0,1,1,1][0,1,0,1,1,1]
732 [2,2,3,3,0,0][2,3,2,3,0,0][3,2,3,2,0,0][3,3,2,2,0,0][0,0,0,0,1,1][0,0,0,0,1,1]
733 [2,2,3,3,0,0][2,3,2,3,0,0][3,2,3,2,0,0][3,3,2,2,0,0][0,0,1,1,1,1][0,0,1,1,1,1]
734 [2,2,3,3,0,0][2,3,2,3,0,0][3,2,3,2,0,0][3,3,2,2,0,0][0,1,1,0,1,1][0,1,1,0,1,1]
