Pattern 103:[0,0,0,0,1,1][0,0,0,0,1,1][0,0,0,0,1,1][0,0,0,0,1,1][0,0,0,0,0,0][0,0,0,0,0,0] - post multiplication: 
[0 , 0 , 0 , 0 , 1 , 1 ]
[0 , 0 , 0 , 0 , 1 , 1 ]
[0 , 0 , 0 , 0 , 1 , 1 ]
[0 , 0 , 0 , 0 , 1 , 1 ]
[0 , 0 , 0 , 0 , 0 , 0 ]
[0 , 0 , 0 , 0 , 0 , 0 ]
Pattern 104:[0,0,0,0,1,1][0,0,0,0,1,1][1,1,1,1,1,1][1,1,1,1,1,1][0,0,0,0,0,0][0,0,0,0,0,0] - post multiplication: 
[0 , 0 , 0 , 0 , 1 , 1 ]
[0 , 0 , 0 , 0 , 1 , 1 ]
[1 , 1 , 1 , 1 , 1 , 1 ]
[1 , 1 , 1 , 1 , 1 , 1 ]
[0 , 0 , 0 , 0 , 0 , 0 ]
[0 , 0 , 0 , 0 , 0 , 0 ]
Pattern 105:[0,0,0,0,1,1][0,0,0,0,1,1][0,0,0,0,1,1][0,0,0,0,1,1][0,0,0,0,0,0][0,0,0,0,0,0] - post multiplication: 
[0 , 0 , 0 , 0 , 1 , 1 ]
[0 , 0 , 0 , 0 , 1 , 1 ]
[0 , 0 , 0 , 0 , 1 , 1 ]
[0 , 0 , 0 , 0 , 1 , 1 ]
[0 , 0 , 0 , 0 , 0 , 0 ]
[0 , 0 , 0 , 0 , 0 , 0 ]
Pattern 106:[0,0,0,0,1,1][1,1,1,1,1,1][0,0,0,0,1,1][1,1,1,1,1,1][0,0,0,0,0,0][0,0,0,0,0,0] - post multiplication: 
[0 , 0 , 0 , 0 , 1 , 1 ]
[1 , 1 , 1 , 1 , 1 , 1 ]
[0 , 0 , 0 , 0 , 1 , 1 ]
[1 , 1 , 1 , 1 , 1 , 1 ]
[0 , 0 , 0 , 0 , 0 , 0 ]
[0 , 0 , 0 , 0 , 0 , 0 ]
Pattern 107:[0,0,0,0,1,1][1,1,1,1,1,1][1,1,1,1,1,1][0,0,0,0,1,1][0,0,0,0,0,0][0,0,0,0,0,0] - post multiplication: 
[0 , 0 , 0 , 0 , 1 , 1 ]
[1 , 1 , 1 , 1 , 1 , 1 ]
[1 , 1 , 1 , 1 , 1 , 1 ]
[0 , 0 , 0 , 0 , 1 , 1 ]
[0 , 0 , 0 , 0 , 0 , 0 ]
[0 , 0 , 0 , 0 , 0 , 0 ]
Pattern 108:[1,1,1,1,1,1][1,1,1,1,1,1][1,1,1,1,1,1][1,1,1,1,1,1][0,0,0,0,0,0][0,0,0,0,0,0] - post multiplication: 
[1 , 1 , 1 , 1 , 1 , 1 ]
[1 , 1 , 1 , 1 , 1 , 1 ]
[1 , 1 , 1 , 1 , 1 , 1 ]
[1 , 1 , 1 , 1 , 1 , 1 ]
[0 , 0 , 0 , 0 , 0 , 0 ]
[0 , 0 , 0 , 0 , 0 , 0 ]
Pattern 109:[1,1,1,1,1,1][1,1,1,1,1,1][0,0,0,0,1,1][0,0,0,0,1,1][0,0,0,0,0,0][0,0,0,0,0,0] - post multiplication: 
[1 , 1 , 1 , 1 , 1 , 1 ]
[1 , 1 , 1 , 1 , 1 , 1 ]
[0 , 0 , 0 , 0 , 1 , 1 ]
[0 , 0 , 0 , 0 , 1 , 1 ]
[0 , 0 , 0 , 0 , 0 , 0 ]
[0 , 0 , 0 , 0 , 0 , 0 ]
Pattern 110:[1,1,1,1,1,1][1,1,1,1,1,1][1,1,1,1,1,1][1,1,1,1,1,1][0,0,0,0,0,0][0,0,0,0,0,0] - post multiplication: 
[1 , 1 , 1 , 1 , 1 , 1 ]
[1 , 1 , 1 , 1 , 1 , 1 ]
[1 , 1 , 1 , 1 , 1 , 1 ]
[1 , 1 , 1 , 1 , 1 , 1 ]
[0 , 0 , 0 , 0 , 0 , 0 ]
[0 , 0 , 0 , 0 , 0 , 0 ]
Pattern 111:[1,1,1,1,1,1][0,0,0,0,1,1][0,0,0,0,1,1][1,1,1,1,1,1][0,0,0,0,0,0][0,0,0,0,0,0] - post multiplication: 
[1 , 1 , 1 , 1 , 1 , 1 ]
[0 , 0 , 0 , 0 , 1 , 1 ]
[0 , 0 , 0 , 0 , 1 , 1 ]
[1 , 1 , 1 , 1 , 1 , 1 ]
[0 , 0 , 0 , 0 , 0 , 0 ]
[0 , 0 , 0 , 0 , 0 , 0 ]
Pattern 408:[0,0,0,0,1,1][0,0,0,0,1,1][0,0,0,0,1,1][0,0,0,0,1,1][1,1,1,1,0,0][1,1,1,1,0,0] - post multiplication: 
[0 , 0 , 0 , 0 , 1 , 1 ]
[0 , 0 , 0 , 0 , 1 , 1 ]
[0 , 0 , 0 , 0 , 1 , 1 ]
[0 , 0 , 0 , 0 , 1 , 1 ]
[1 , 1 , 1 , 1 , 0 , 0 ]
[1 , 1 , 1 , 1 , 0 , 0 ]
Pattern 409:[0,0,0,0,1,1][0,0,0,0,1,1][1,1,1,1,1,1][1,1,1,1,1,1][1,1,1,1,0,0][1,1,1,1,0,0] - post multiplication: 
[0 , 0 , 0 , 0 , 1 , 1 ]
[0 , 0 , 0 , 0 , 1 , 1 ]
[1 , 1 , 1 , 1 , 1 , 1 ]
[1 , 1 , 1 , 1 , 1 , 1 ]
[1 , 1 , 1 , 1 , 0 , 0 ]
[1 , 1 , 1 , 1 , 0 , 0 ]
Pattern 410:[0,0,0,0,1,1][0,0,0,0,1,1][0,0,0,0,1,1][0,0,0,0,1,1][1,1,1,1,0,0][1,1,1,1,0,0] - post multiplication: 
[0 , 0 , 0 , 0 , 1 , 1 ]
[0 , 0 , 0 , 0 , 1 , 1 ]
[0 , 0 , 0 , 0 , 1 , 1 ]
[0 , 0 , 0 , 0 , 1 , 1 ]
[1 , 1 , 1 , 1 , 0 , 0 ]
[1 , 1 , 1 , 1 , 0 , 0 ]
Pattern 411:[0,0,0,0,1,1][0,0,0,0,1,1][1,1,1,1,1,1][1,1,1,1,1,1][1,1,1,1,0,0][1,1,1,1,0,0] - post multiplication: 
[0 , 0 , 0 , 0 , 1 , 1 ]
[0 , 0 , 0 , 0 , 1 , 1 ]
[1 , 1 , 1 , 1 , 1 , 1 ]
[1 , 1 , 1 , 1 , 1 , 1 ]
[1 , 1 , 1 , 1 , 0 , 0 ]
[1 , 1 , 1 , 1 , 0 , 0 ]
Pattern 412:[0,0,0,0,1,1][0,0,0,0,1,1][0,0,0,0,1,1][0,0,0,0,1,1][1,1,1,1,0,0][1,1,1,1,0,0] - post multiplication: 
[0 , 0 , 0 , 0 , 1 , 1 ]
[0 , 0 , 0 , 0 , 1 , 1 ]
[0 , 0 , 0 , 0 , 1 , 1 ]
[0 , 0 , 0 , 0 , 1 , 1 ]
[1 , 1 , 1 , 1 , 0 , 0 ]
[1 , 1 , 1 , 1 , 0 , 0 ]
Pattern 413:[0,0,0,0,1,1][1,1,1,1,1,1][0,0,0,0,1,1][1,1,1,1,1,1][1,1,1,1,0,0][1,1,1,1,0,0] - post multiplication: 
[0 , 0 , 0 , 0 , 1 , 1 ]
[1 , 1 , 1 , 1 , 1 , 1 ]
[0 , 0 , 0 , 0 , 1 , 1 ]
[1 , 1 , 1 , 1 , 1 , 1 ]
[1 , 1 , 1 , 1 , 0 , 0 ]
[1 , 1 , 1 , 1 , 0 , 0 ]
Pattern 414:[0,0,0,0,1,1][1,1,1,1,1,1][1,1,1,1,1,1][0,0,0,0,1,1][1,1,1,1,0,0][1,1,1,1,0,0] - post multiplication: 
[0 , 0 , 0 , 0 , 1 , 1 ]
[1 , 1 , 1 , 1 , 1 , 1 ]
[1 , 1 , 1 , 1 , 1 , 1 ]
[0 , 0 , 0 , 0 , 1 , 1 ]
[1 , 1 , 1 , 1 , 0 , 0 ]
[1 , 1 , 1 , 1 , 0 , 0 ]
Pattern 415:[0,0,0,0,1,1][0,0,0,0,1,1][1,1,1,1,1,1][1,1,1,1,1,1][1,1,1,1,0,0][1,1,1,1,0,0] - post multiplication: 
[0 , 0 , 0 , 0 , 1 , 1 ]
[0 , 0 , 0 , 0 , 1 , 1 ]
[1 , 1 , 1 , 1 , 1 , 1 ]
[1 , 1 , 1 , 1 , 1 , 1 ]
[1 , 1 , 1 , 1 , 0 , 0 ]
[1 , 1 , 1 , 1 , 0 , 0 ]
Pattern 416:[0,0,0,0,1,1][0,0,0,0,1,1][0,0,0,0,1,1][0,0,0,0,1,1][1,1,1,1,0,0][1,1,1,1,0,0] - post multiplication: 
[0 , 0 , 0 , 0 , 1 , 1 ]
[0 , 0 , 0 , 0 , 1 , 1 ]
[0 , 0 , 0 , 0 , 1 , 1 ]
[0 , 0 , 0 , 0 , 1 , 1 ]
[1 , 1 , 1 , 1 , 0 , 0 ]
[1 , 1 , 1 , 1 , 0 , 0 ]
Pattern 417:[1,1,1,1,1,1][1,1,1,1,1,1][1,1,1,1,1,1][1,1,1,1,1,1][1,1,1,1,0,0][1,1,1,1,0,0] - post multiplication: 
[1 , 1 , 1 , 1 , 1 , 1 ]
[1 , 1 , 1 , 1 , 1 , 1 ]
[1 , 1 , 1 , 1 , 1 , 1 ]
[1 , 1 , 1 , 1 , 1 , 1 ]
[1 , 1 , 1 , 1 , 0 , 0 ]
[1 , 1 , 1 , 1 , 0 , 0 ]
Pattern 418:[1,1,1,1,1,1][1,1,1,1,1,1][0,0,0,0,1,1][0,0,0,0,1,1][1,1,1,1,0,0][1,1,1,1,0,0] - post multiplication: 
[1 , 1 , 1 , 1 , 1 , 1 ]
[1 , 1 , 1 , 1 , 1 , 1 ]
[0 , 0 , 0 , 0 , 1 , 1 ]
[0 , 0 , 0 , 0 , 1 , 1 ]
[1 , 1 , 1 , 1 , 0 , 0 ]
[1 , 1 , 1 , 1 , 0 , 0 ]
Pattern 419:[1,1,1,1,1,1][1,1,1,1,1,1][1,1,1,1,1,1][1,1,1,1,1,1][1,1,1,1,0,0][1,1,1,1,0,0] - post multiplication: 
[1 , 1 , 1 , 1 , 1 , 1 ]
[1 , 1 , 1 , 1 , 1 , 1 ]
[1 , 1 , 1 , 1 , 1 , 1 ]
[1 , 1 , 1 , 1 , 1 , 1 ]
[1 , 1 , 1 , 1 , 0 , 0 ]
[1 , 1 , 1 , 1 , 0 , 0 ]
Pattern 420:[1,1,1,1,1,1][0,0,0,0,1,1][0,0,0,0,1,1][1,1,1,1,1,1][1,1,1,1,0,0][1,1,1,1,0,0] - post multiplication: 
[1 , 1 , 1 , 1 , 1 , 1 ]
[0 , 0 , 0 , 0 , 1 , 1 ]
[0 , 0 , 0 , 0 , 1 , 1 ]
[1 , 1 , 1 , 1 , 1 , 1 ]
[1 , 1 , 1 , 1 , 0 , 0 ]
[1 , 1 , 1 , 1 , 0 , 0 ]
Pattern 421:[0,0,0,0,1,1][0,0,0,0,1,1][0,0,0,0,1,1][0,0,0,0,1,1][1,1,1,1,0,0][1,1,1,1,0,0] - post multiplication: 
[0 , 0 , 0 , 0 , 1 , 1 ]
[0 , 0 , 0 , 0 , 1 , 1 ]
[0 , 0 , 0 , 0 , 1 , 1 ]
[0 , 0 , 0 , 0 , 1 , 1 ]
[1 , 1 , 1 , 1 , 0 , 0 ]
[1 , 1 , 1 , 1 , 0 , 0 ]
Pattern 422:[0,0,0,0,1,1][0,0,0,0,1,1][1,1,1,1,1,1][1,1,1,1,1,1][1,1,1,1,0,0][1,1,1,1,0,0] - post multiplication: 
[0 , 0 , 0 , 0 , 1 , 1 ]
[0 , 0 , 0 , 0 , 1 , 1 ]
[1 , 1 , 1 , 1 , 1 , 1 ]
[1 , 1 , 1 , 1 , 1 , 1 ]
[1 , 1 , 1 , 1 , 0 , 0 ]
[1 , 1 , 1 , 1 , 0 , 0 ]
Pattern 423:[0,0,0,0,1,1][0,0,0,0,1,1][1,1,1,1,1,1][1,1,1,1,1,1][1,1,1,1,0,0][1,1,1,1,0,0] - post multiplication: 
[0 , 0 , 0 , 0 , 1 , 1 ]
[0 , 0 , 0 , 0 , 1 , 1 ]
[1 , 1 , 1 , 1 , 1 , 1 ]
[1 , 1 , 1 , 1 , 1 , 1 ]
[1 , 1 , 1 , 1 , 0 , 0 ]
[1 , 1 , 1 , 1 , 0 , 0 ]
Pattern 424:[0,0,0,0,1,1][0,0,0,0,1,1][0,0,0,0,1,1][0,0,0,0,1,1][1,1,1,1,0,0][1,1,1,1,0,0] - post multiplication: 
[0 , 0 , 0 , 0 , 1 , 1 ]
[0 , 0 , 0 , 0 , 1 , 1 ]
[0 , 0 , 0 , 0 , 1 , 1 ]
[0 , 0 , 0 , 0 , 1 , 1 ]
[1 , 1 , 1 , 1 , 0 , 0 ]
[1 , 1 , 1 , 1 , 0 , 0 ]
Pattern 425:[0,0,0,0,1,1][1,1,1,1,1,1][1,1,1,1,1,1][0,0,0,0,1,1][1,1,1,1,0,0][1,1,1,1,0,0] - post multiplication: 
[0 , 0 , 0 , 0 , 1 , 1 ]
[1 , 1 , 1 , 1 , 1 , 1 ]
[1 , 1 , 1 , 1 , 1 , 1 ]
[0 , 0 , 0 , 0 , 1 , 1 ]
[1 , 1 , 1 , 1 , 0 , 0 ]
[1 , 1 , 1 , 1 , 0 , 0 ]
Pattern 426:[0,0,0,0,1,1][0,0,0,0,1,1][0,0,0,0,1,1][0,0,0,0,1,1][0,0,0,0,1,1][0,0,0,0,1,1] - post multiplication: 
[0 , 0 , 0 , 0 , 1 , 1 ]
[0 , 0 , 0 , 0 , 1 , 1 ]
[0 , 0 , 0 , 0 , 1 , 1 ]
[0 , 0 , 0 , 0 , 1 , 1 ]
[0 , 0 , 0 , 0 , 1 , 1 ]
[0 , 0 , 0 , 0 , 1 , 1 ]
Pattern 427:[0,0,0,0,1,1][0,0,0,0,1,1][1,1,1,1,1,1][1,1,1,1,1,1][0,0,0,0,1,1][0,0,0,0,1,1] - post multiplication: 
[0 , 0 , 0 , 0 , 1 , 1 ]
[0 , 0 , 0 , 0 , 1 , 1 ]
[1 , 1 , 1 , 1 , 1 , 1 ]
[1 , 1 , 1 , 1 , 1 , 1 ]
[0 , 0 , 0 , 0 , 1 , 1 ]
[0 , 0 , 0 , 0 , 1 , 1 ]
Pattern 428:[0,0,0,0,1,1][0,0,0,0,1,1][0,0,0,0,1,1][0,0,0,0,1,1][0,0,0,0,1,1][0,0,0,0,1,1] - post multiplication: 
[0 , 0 , 0 , 0 , 1 , 1 ]
[0 , 0 , 0 , 0 , 1 , 1 ]
[0 , 0 , 0 , 0 , 1 , 1 ]
[0 , 0 , 0 , 0 , 1 , 1 ]
[0 , 0 , 0 , 0 , 1 , 1 ]
[0 , 0 , 0 , 0 , 1 , 1 ]
Pattern 429:[0,0,0,0,1,1][1,1,1,1,1,1][0,0,0,0,1,1][1,1,1,1,1,1][0,0,0,0,1,1][0,0,0,0,1,1] - post multiplication: 
[0 , 0 , 0 , 0 , 1 , 1 ]
[1 , 1 , 1 , 1 , 1 , 1 ]
[0 , 0 , 0 , 0 , 1 , 1 ]
[1 , 1 , 1 , 1 , 1 , 1 ]
[0 , 0 , 0 , 0 , 1 , 1 ]
[0 , 0 , 0 , 0 , 1 , 1 ]
Pattern 430:[0,0,0,0,1,1][1,1,1,1,1,1][1,1,1,1,1,1][0,0,0,0,1,1][0,0,0,0,1,1][0,0,0,0,1,1] - post multiplication: 
[0 , 0 , 0 , 0 , 1 , 1 ]
[1 , 1 , 1 , 1 , 1 , 1 ]
[1 , 1 , 1 , 1 , 1 , 1 ]
[0 , 0 , 0 , 0 , 1 , 1 ]
[0 , 0 , 0 , 0 , 1 , 1 ]
[0 , 0 , 0 , 0 , 1 , 1 ]
Pattern 431:[1,1,1,1,1,1][1,1,1,1,1,1][1,1,1,1,1,1][1,1,1,1,1,1][0,0,0,0,1,1][0,0,0,0,1,1] - post multiplication: 
[1 , 1 , 1 , 1 , 1 , 1 ]
[1 , 1 , 1 , 1 , 1 , 1 ]
[1 , 1 , 1 , 1 , 1 , 1 ]
[1 , 1 , 1 , 1 , 1 , 1 ]
[0 , 0 , 0 , 0 , 1 , 1 ]
[0 , 0 , 0 , 0 , 1 , 1 ]
Pattern 432:[1,1,1,1,1,1][1,1,1,1,1,1][0,0,0,0,1,1][0,0,0,0,1,1][0,0,0,0,1,1][0,0,0,0,1,1] - post multiplication: 
[1 , 1 , 1 , 1 , 1 , 1 ]
[1 , 1 , 1 , 1 , 1 , 1 ]
[0 , 0 , 0 , 0 , 1 , 1 ]
[0 , 0 , 0 , 0 , 1 , 1 ]
[0 , 0 , 0 , 0 , 1 , 1 ]
[0 , 0 , 0 , 0 , 1 , 1 ]
Pattern 433:[1,1,1,1,1,1][1,1,1,1,1,1][1,1,1,1,1,1][1,1,1,1,1,1][0,0,0,0,1,1][0,0,0,0,1,1] - post multiplication: 
[1 , 1 , 1 , 1 , 1 , 1 ]
[1 , 1 , 1 , 1 , 1 , 1 ]
[1 , 1 , 1 , 1 , 1 , 1 ]
[1 , 1 , 1 , 1 , 1 , 1 ]
[0 , 0 , 0 , 0 , 1 , 1 ]
[0 , 0 , 0 , 0 , 1 , 1 ]
Pattern 434:[1,1,1,1,1,1][0,0,0,0,1,1][0,0,0,0,1,1][1,1,1,1,1,1][0,0,0,0,1,1][0,0,0,0,1,1] - post multiplication: 
[1 , 1 , 1 , 1 , 1 , 1 ]
[0 , 0 , 0 , 0 , 1 , 1 ]
[0 , 0 , 0 , 0 , 1 , 1 ]
[1 , 1 , 1 , 1 , 1 , 1 ]
[0 , 0 , 0 , 0 , 1 , 1 ]
[0 , 0 , 0 , 0 , 1 , 1 ]
Pattern 708:[0,0,0,0,1,1][0,0,0,0,1,1][0,0,0,0,1,1][0,0,0,0,1,1][0,0,0,0,0,0][0,0,0,0,0,0] - post multiplication: 
[0 , 0 , 0 , 0 , 1 , 1 ]
[0 , 0 , 0 , 0 , 1 , 1 ]
[0 , 0 , 0 , 0 , 1 , 1 ]
[0 , 0 , 0 , 0 , 1 , 1 ]
[0 , 0 , 0 , 0 , 0 , 0 ]
[0 , 0 , 0 , 0 , 0 , 0 ]
Pattern 709:[0,0,0,0,1,1][0,0,0,0,1,1][1,1,1,1,1,1][1,1,1,1,1,1][0,0,0,0,0,0][0,0,0,0,0,0] - post multiplication: 
[0 , 0 , 0 , 0 , 1 , 1 ]
[0 , 0 , 0 , 0 , 1 , 1 ]
[1 , 1 , 1 , 1 , 1 , 1 ]
[1 , 1 , 1 , 1 , 1 , 1 ]
[0 , 0 , 0 , 0 , 0 , 0 ]
[0 , 0 , 0 , 0 , 0 , 0 ]
Pattern 710:[0,0,0,0,1,1][0,0,0,0,1,1][0,0,0,0,1,1][0,0,0,0,1,1][0,0,0,0,0,0][0,0,0,0,0,0] - post multiplication: 
[0 , 0 , 0 , 0 , 1 , 1 ]
[0 , 0 , 0 , 0 , 1 , 1 ]
[0 , 0 , 0 , 0 , 1 , 1 ]
[0 , 0 , 0 , 0 , 1 , 1 ]
[0 , 0 , 0 , 0 , 0 , 0 ]
[0 , 0 , 0 , 0 , 0 , 0 ]
Pattern 711:[0,0,0,0,1,1][1,1,1,1,1,1][0,0,0,0,1,1][1,1,1,1,1,1][0,0,0,0,0,0][0,0,0,0,0,0] - post multiplication: 
[0 , 0 , 0 , 0 , 1 , 1 ]
[1 , 1 , 1 , 1 , 1 , 1 ]
[0 , 0 , 0 , 0 , 1 , 1 ]
[1 , 1 , 1 , 1 , 1 , 1 ]
[0 , 0 , 0 , 0 , 0 , 0 ]
[0 , 0 , 0 , 0 , 0 , 0 ]
Pattern 712:[0,0,0,0,1,1][1,1,1,1,1,1][1,1,1,1,1,1][0,0,0,0,1,1][0,0,0,0,0,0][0,0,0,0,0,0] - post multiplication: 
[0 , 0 , 0 , 0 , 1 , 1 ]
[1 , 1 , 1 , 1 , 1 , 1 ]
[1 , 1 , 1 , 1 , 1 , 1 ]
[0 , 0 , 0 , 0 , 1 , 1 ]
[0 , 0 , 0 , 0 , 0 , 0 ]
[0 , 0 , 0 , 0 , 0 , 0 ]
Pattern 713:[1,1,1,1,1,1][1,1,1,1,1,1][1,1,1,1,1,1][1,1,1,1,1,1][0,0,0,0,0,0][0,0,0,0,0,0] - post multiplication: 
[1 , 1 , 1 , 1 , 1 , 1 ]
[1 , 1 , 1 , 1 , 1 , 1 ]
[1 , 1 , 1 , 1 , 1 , 1 ]
[1 , 1 , 1 , 1 , 1 , 1 ]
[0 , 0 , 0 , 0 , 0 , 0 ]
[0 , 0 , 0 , 0 , 0 , 0 ]
Pattern 714:[1,1,1,1,1,1][0,0,0,0,1,1][0,0,0,0,1,1][1,1,1,1,1,1][0,0,0,0,0,0][0,0,0,0,0,0] - post multiplication: 
[1 , 1 , 1 , 1 , 1 , 1 ]
[0 , 0 , 0 , 0 , 1 , 1 ]
[0 , 0 , 0 , 0 , 1 , 1 ]
[1 , 1 , 1 , 1 , 1 , 1 ]
[0 , 0 , 0 , 0 , 0 , 0 ]
[0 , 0 , 0 , 0 , 0 , 0 ]
Pattern 757:[0,0,0,0,0,0][0,0,0,0,0,0][0,0,0,0,0,0][0,0,0,0,0,0][0,0,0,0,1,1][0,0,0,0,1,1] - post multiplication: 
[0 , 0 , 0 , 0 , 0 , 0 ]
[0 , 0 , 0 , 0 , 0 , 0 ]
[0 , 0 , 0 , 0 , 0 , 0 ]
[0 , 0 , 0 , 0 , 0 , 0 ]
[0 , 0 , 0 , 0 , 1 , 1 ]
[0 , 0 , 0 , 0 , 1 , 1 ]
Pattern 758:[0,0,0,0,0,0][0,0,0,0,0,0][0,0,0,0,0,0][0,0,0,0,0,0][1,1,1,1,1,1][1,1,1,1,1,1] - post multiplication: 
[0 , 0 , 0 , 0 , 0 , 0 ]
[0 , 0 , 0 , 0 , 0 , 0 ]
[0 , 0 , 0 , 0 , 0 , 0 ]
[0 , 0 , 0 , 0 , 0 , 0 ]
[1 , 1 , 1 , 1 , 1 , 1 ]
[1 , 1 , 1 , 1 , 1 , 1 ]
Pattern 759:[0,0,0,0,0,0][0,0,0,0,0,0][1,1,1,1,0,0][1,1,1,1,0,0][0,0,0,0,1,1][0,0,0,0,1,1] - post multiplication: 
[0 , 0 , 0 , 0 , 0 , 0 ]
[0 , 0 , 0 , 0 , 0 , 0 ]
[1 , 1 , 1 , 1 , 0 , 0 ]
[1 , 1 , 1 , 1 , 0 , 0 ]
[0 , 0 , 0 , 0 , 1 , 1 ]
[0 , 0 , 0 , 0 , 1 , 1 ]
Pattern 760:[0,0,0,0,0,0][0,0,0,0,0,0][1,1,1,1,0,0][1,1,1,1,0,0][1,1,1,1,1,1][1,1,1,1,1,1] - post multiplication: 
[0 , 0 , 0 , 0 , 0 , 0 ]
[0 , 0 , 0 , 0 , 0 , 0 ]
[1 , 1 , 1 , 1 , 0 , 0 ]
[1 , 1 , 1 , 1 , 0 , 0 ]
[1 , 1 , 1 , 1 , 1 , 1 ]
[1 , 1 , 1 , 1 , 1 , 1 ]
Pattern 761:[0,0,0,0,0,0][0,0,0,0,0,0][1,1,1,1,0,0][1,1,1,1,0,0][0,0,0,0,1,1][0,0,0,0,1,1] - post multiplication: 
[0 , 0 , 0 , 0 , 0 , 0 ]
[0 , 0 , 0 , 0 , 0 , 0 ]
[1 , 1 , 1 , 1 , 0 , 0 ]
[1 , 1 , 1 , 1 , 0 , 0 ]
[0 , 0 , 0 , 0 , 1 , 1 ]
[0 , 0 , 0 , 0 , 1 , 1 ]
Pattern 762:[0,0,0,0,0,0][0,0,0,0,0,0][1,1,1,1,0,0][1,1,1,1,0,0][1,1,1,1,1,1][1,1,1,1,1,1] - post multiplication: 
[0 , 0 , 0 , 0 , 0 , 0 ]
[0 , 0 , 0 , 0 , 0 , 0 ]
[1 , 1 , 1 , 1 , 0 , 0 ]
[1 , 1 , 1 , 1 , 0 , 0 ]
[1 , 1 , 1 , 1 , 1 , 1 ]
[1 , 1 , 1 , 1 , 1 , 1 ]
Pattern 763:[0,0,0,0,0,0][0,0,0,0,0,0][0,0,0,0,0,0][0,0,0,0,0,0][0,0,0,0,1,1][0,0,0,0,1,1] - post multiplication: 
[0 , 0 , 0 , 0 , 0 , 0 ]
[0 , 0 , 0 , 0 , 0 , 0 ]
[0 , 0 , 0 , 0 , 0 , 0 ]
[0 , 0 , 0 , 0 , 0 , 0 ]
[0 , 0 , 0 , 0 , 1 , 1 ]
[0 , 0 , 0 , 0 , 1 , 1 ]
Pattern 764:[0,0,0,0,0,0][0,0,0,0,0,0][0,0,0,0,0,0][0,0,0,0,0,0][1,1,1,1,1,1][1,1,1,1,1,1] - post multiplication: 
[0 , 0 , 0 , 0 , 0 , 0 ]
[0 , 0 , 0 , 0 , 0 , 0 ]
[0 , 0 , 0 , 0 , 0 , 0 ]
[0 , 0 , 0 , 0 , 0 , 0 ]
[1 , 1 , 1 , 1 , 1 , 1 ]
[1 , 1 , 1 , 1 , 1 , 1 ]
Pattern 771:[0,0,0,0,0,0][0,0,0,0,0,0][0,0,0,0,1,1][0,0,0,0,1,1][0,0,0,0,1,1][0,0,0,0,1,1] - post multiplication: 
[0 , 0 , 0 , 0 , 0 , 0 ]
[0 , 0 , 0 , 0 , 0 , 0 ]
[0 , 0 , 0 , 0 , 1 , 1 ]
[0 , 0 , 0 , 0 , 1 , 1 ]
[0 , 0 , 0 , 0 , 1 , 1 ]
[0 , 0 , 0 , 0 , 1 , 1 ]
Pattern 799:[0,0,0,0,0,0][1,1,1,1,0,0][0,0,0,0,0,0][1,1,1,1,0,0][0,0,0,0,1,1][0,0,0,0,1,1] - post multiplication: 
[0 , 0 , 0 , 0 , 0 , 0 ]
[1 , 1 , 1 , 1 , 0 , 0 ]
[0 , 0 , 0 , 0 , 0 , 0 ]
[1 , 1 , 1 , 1 , 0 , 0 ]
[0 , 0 , 0 , 0 , 1 , 1 ]
[0 , 0 , 0 , 0 , 1 , 1 ]
Pattern 800:[0,0,0,0,0,0][1,1,1,1,0,0][0,0,0,0,0,0][1,1,1,1,0,0][1,1,1,1,1,1][1,1,1,1,1,1] - post multiplication: 
[0 , 0 , 0 , 0 , 0 , 0 ]
[1 , 1 , 1 , 1 , 0 , 0 ]
[0 , 0 , 0 , 0 , 0 , 0 ]
[1 , 1 , 1 , 1 , 0 , 0 ]
[1 , 1 , 1 , 1 , 1 , 1 ]
[1 , 1 , 1 , 1 , 1 , 1 ]
Pattern 801:[0,0,0,0,0,0][1,1,1,1,0,0][0,0,0,0,0,0][1,1,1,1,0,0][1,1,1,1,1,1][1,1,1,1,1,1] - post multiplication: 
[0 , 0 , 0 , 0 , 0 , 0 ]
[1 , 1 , 1 , 1 , 0 , 0 ]
[0 , 0 , 0 , 0 , 0 , 0 ]
[1 , 1 , 1 , 1 , 0 , 0 ]
[1 , 1 , 1 , 1 , 1 , 1 ]
[1 , 1 , 1 , 1 , 1 , 1 ]
Pattern 802:[0,0,0,0,0,0][1,1,1,1,0,0][1,1,1,1,0,0][0,0,0,0,0,0][0,0,0,0,1,1][0,0,0,0,1,1] - post multiplication: 
[0 , 0 , 0 , 0 , 0 , 0 ]
[1 , 1 , 1 , 1 , 0 , 0 ]
[1 , 1 , 1 , 1 , 0 , 0 ]
[0 , 0 , 0 , 0 , 0 , 0 ]
[0 , 0 , 0 , 0 , 1 , 1 ]
[0 , 0 , 0 , 0 , 1 , 1 ]
Pattern 803:[0,0,0,0,0,0][1,1,1,1,0,0][1,1,1,1,0,0][0,0,0,0,0,0][1,1,1,1,1,1][1,1,1,1,1,1] - post multiplication: 
[0 , 0 , 0 , 0 , 0 , 0 ]
[1 , 1 , 1 , 1 , 0 , 0 ]
[1 , 1 , 1 , 1 , 0 , 0 ]
[0 , 0 , 0 , 0 , 0 , 0 ]
[1 , 1 , 1 , 1 , 1 , 1 ]
[1 , 1 , 1 , 1 , 1 , 1 ]
Pattern 804:[0,0,0,0,0,0][1,1,1,1,0,0][1,1,1,1,0,0][0,0,0,0,0,0][0,0,0,0,1,1][0,0,0,0,1,1] - post multiplication: 
[0 , 0 , 0 , 0 , 0 , 0 ]
[1 , 1 , 1 , 1 , 0 , 0 ]
[1 , 1 , 1 , 1 , 0 , 0 ]
[0 , 0 , 0 , 0 , 0 , 0 ]
[0 , 0 , 0 , 0 , 1 , 1 ]
[0 , 0 , 0 , 0 , 1 , 1 ]
Pattern 805:[0,0,0,0,0,0][1,1,1,1,0,0][1,1,1,1,1,1][0,0,0,0,1,1][0,0,0,0,1,1][0,0,0,0,1,1] - post multiplication: 
[0 , 0 , 0 , 0 , 0 , 0 ]
[1 , 1 , 1 , 1 , 0 , 0 ]
[1 , 1 , 1 , 1 , 1 , 1 ]
[0 , 0 , 0 , 0 , 1 , 1 ]
[0 , 0 , 0 , 0 , 1 , 1 ]
[0 , 0 , 0 , 0 , 1 , 1 ]
Pattern 815:[0,0,0,0,0,0][0,0,0,0,0,0][0,0,0,0,1,1][0,0,0,0,1,1][0,0,0,0,1,1][0,0,0,0,1,1] - post multiplication: 
[0 , 0 , 0 , 0 , 0 , 0 ]
[0 , 0 , 0 , 0 , 0 , 0 ]
[0 , 0 , 0 , 0 , 1 , 1 ]
[0 , 0 , 0 , 0 , 1 , 1 ]
[0 , 0 , 0 , 0 , 1 , 1 ]
[0 , 0 , 0 , 0 , 1 , 1 ]
Pattern 816:[0,0,0,0,0,0][0,0,0,0,0,0][1,1,1,1,1,1][1,1,1,1,1,1][0,0,0,0,1,1][0,0,0,0,1,1] - post multiplication: 
[0 , 0 , 0 , 0 , 0 , 0 ]
[0 , 0 , 0 , 0 , 0 , 0 ]
[1 , 1 , 1 , 1 , 1 , 1 ]
[1 , 1 , 1 , 1 , 1 , 1 ]
[0 , 0 , 0 , 0 , 1 , 1 ]
[0 , 0 , 0 , 0 , 1 , 1 ]
Pattern 831:[1,1,1,1,0,0][1,1,1,1,0,0][0,0,0,0,0,0][0,0,0,0,0,0][1,1,1,1,1,1][1,1,1,1,1,1] - post multiplication: 
[1 , 1 , 1 , 1 , 0 , 0 ]
[1 , 1 , 1 , 1 , 0 , 0 ]
[0 , 0 , 0 , 0 , 0 , 0 ]
[0 , 0 , 0 , 0 , 0 , 0 ]
[1 , 1 , 1 , 1 , 1 , 1 ]
[1 , 1 , 1 , 1 , 1 , 1 ]
Pattern 832:[1,1,1,1,0,0][1,1,1,1,0,0][1,1,1,1,0,0][1,1,1,1,0,0][0,0,0,0,1,1][0,0,0,0,1,1] - post multiplication: 
[1 , 1 , 1 , 1 , 0 , 0 ]
[1 , 1 , 1 , 1 , 0 , 0 ]
[1 , 1 , 1 , 1 , 0 , 0 ]
[1 , 1 , 1 , 1 , 0 , 0 ]
[0 , 0 , 0 , 0 , 1 , 1 ]
[0 , 0 , 0 , 0 , 1 , 1 ]
Pattern 833:[1,1,1,1,0,0][1,1,1,1,0,0][1,1,1,1,0,0][1,1,1,1,0,0][1,1,1,1,1,1][1,1,1,1,1,1] - post multiplication: 
[1 , 1 , 1 , 1 , 0 , 0 ]
[1 , 1 , 1 , 1 , 0 , 0 ]
[1 , 1 , 1 , 1 , 0 , 0 ]
[1 , 1 , 1 , 1 , 0 , 0 ]
[1 , 1 , 1 , 1 , 1 , 1 ]
[1 , 1 , 1 , 1 , 1 , 1 ]
Pattern 834:[1,1,1,1,0,0][1,1,1,1,0,0][1,1,1,1,0,0][1,1,1,1,0,0][0,0,0,0,1,1][0,0,0,0,1,1] - post multiplication: 
[1 , 1 , 1 , 1 , 0 , 0 ]
[1 , 1 , 1 , 1 , 0 , 0 ]
[1 , 1 , 1 , 1 , 0 , 0 ]
[1 , 1 , 1 , 1 , 0 , 0 ]
[0 , 0 , 0 , 0 , 1 , 1 ]
[0 , 0 , 0 , 0 , 1 , 1 ]
Pattern 867:[1,1,1,1,0,0][0,0,0,0,0,0][0,0,0,0,0,0][1,1,1,1,0,0][0,0,0,0,1,1][0,0,0,0,1,1] - post multiplication: 
[1 , 1 , 1 , 1 , 0 , 0 ]
[0 , 0 , 0 , 0 , 0 , 0 ]
[0 , 0 , 0 , 0 , 0 , 0 ]
[1 , 1 , 1 , 1 , 0 , 0 ]
[0 , 0 , 0 , 0 , 1 , 1 ]
[0 , 0 , 0 , 0 , 1 , 1 ]
Pattern 868:[1,1,1,1,0,0][0,0,0,0,0,0][0,0,0,0,0,0][1,1,1,1,0,0][1,1,1,1,1,1][1,1,1,1,1,1] - post multiplication: 
[1 , 1 , 1 , 1 , 0 , 0 ]
[0 , 0 , 0 , 0 , 0 , 0 ]
[0 , 0 , 0 , 0 , 0 , 0 ]
[1 , 1 , 1 , 1 , 0 , 0 ]
[1 , 1 , 1 , 1 , 1 , 1 ]
[1 , 1 , 1 , 1 , 1 , 1 ]
Pattern 869:[1,1,1,1,0,0][0,0,0,0,0,0][0,0,0,0,0,0][1,1,1,1,0,0][1,1,1,1,1,1][1,1,1,1,1,1] - post multiplication: 
[1 , 1 , 1 , 1 , 0 , 0 ]
[0 , 0 , 0 , 0 , 0 , 0 ]
[0 , 0 , 0 , 0 , 0 , 0 ]
[1 , 1 , 1 , 1 , 0 , 0 ]
[1 , 1 , 1 , 1 , 1 , 1 ]
[1 , 1 , 1 , 1 , 1 , 1 ]
