428 [2,3,2,3,0,0][2,3,2,3,0,0][2,3,2,3,0,0][2,3,2,3,0,0][1,1,1,1,1,1][1,1,1,1,1,1]
430 [2,3,2,3,0,0][2,3,2,3,0,0][2,2,3,3,0,0][2,2,3,3,0,0][1,1,1,1,1,1][1,1,1,1,1,1]
433 [2,3,2,3,0,0][2,3,2,3,0,0][3,2,3,2,0,0][3,2,3,2,0,0][1,1,1,1,1,1][1,1,1,1,1,1]
434 [2,3,2,3,0,0][2,2,3,3,0,0][3,3,2,2,0,0][3,2,3,2,0,0][1,1,1,1,1,1][1,1,1,1,1,1]
831 [2,3,2,3,0,0][2,3,2,3,0,0][2,2,3,3,0,0][2,2,3,3,0,0][1,0,0,1,1,1][1,0,0,1,1,1]
832 [2,3,2,3,0,0][2,3,2,3,0,0][3,2,3,2,0,0][3,2,3,2,0,0][0,0,0,0,1,1][0,0,0,0,1,1]
833 [2,3,2,3,0,0][2,3,2,3,0,0][3,2,3,2,0,0][3,2,3,2,0,0][0,1,0,1,1,1][0,1,0,1,1,1]
834 [2,3,2,3,0,0][2,3,2,3,0,0][3,2,3,2,0,0][3,2,3,2,0,0][0,0,1,1,1,1][0,0,1,1,1,1]
867 [2,3,2,3,0,0][2,2,3,3,0,0][3,3,2,2,0,0][3,2,3,2,0,0][0,0,0,0,1,1][0,0,0,0,1,1]
868 [2,3,2,3,0,0][2,2,3,3,0,0][3,3,2,2,0,0][3,2,3,2,0,0][0,1,0,1,1,1][0,1,0,1,1,1]
869 [2,3,2,3,0,0][2,2,3,3,0,0][3,3,2,2,0,0][3,2,3,2,0,0][0,1,1,0,1,1][0,1,1,0,1,1]
