Pattern 51:[0,0,0,0,0,0][0,0,0,0,0,0][0,0,2,2,2,2][0,0,2,2,2,2][0,0,2,2,2,2][0,0,2,2,2,2] is case 3 but not a subcase we are looking for-1
Rearranged pattern: 
[2 , 2 , 2 , 2 , 0 , 0 ]
[2 , 2 , 2 , 2 , 0 , 0 ]
[2 , 2 , 2 , 2 , 0 , 0 ]
[2 , 2 , 2 , 2 , 0 , 0 ]
[0 , 0 , 0 , 0 , 0 , 0 ]
[0 , 0 , 0 , 0 , 0 , 0 ]
Pattern 52:[0,0,0,0,0,0][0,0,0,0,0,0][0,0,2,2,2,2][0,0,2,2,2,2][0,0,2,2,3,3][0,0,2,2,3,3] is case 3 but not a subcase we are looking for-1
Rearranged pattern: 
[2 , 2 , 2 , 2 , 0 , 0 ]
[2 , 2 , 2 , 2 , 0 , 0 ]
[2 , 2 , 3 , 3 , 0 , 0 ]
[2 , 2 , 3 , 3 , 0 , 0 ]
[0 , 0 , 0 , 0 , 0 , 0 ]
[0 , 0 , 0 , 0 , 0 , 0 ]
Pattern 53:[0,0,0,0,0,0][0,0,0,0,0,0][0,0,2,2,2,2][0,0,2,2,2,2][0,0,3,3,3,3][0,0,3,3,3,3] is case 3 but not a subcase we are looking for-1
Rearranged pattern: 
[2 , 2 , 2 , 2 , 0 , 0 ]
[2 , 2 , 2 , 2 , 0 , 0 ]
[3 , 3 , 3 , 3 , 0 , 0 ]
[3 , 3 , 3 , 3 , 0 , 0 ]
[0 , 0 , 0 , 0 , 0 , 0 ]
[0 , 0 , 0 , 0 , 0 , 0 ]
Pattern 56:[0,0,0,0,0,0][0,0,0,0,0,0][0,0,2,2,2,2][0,0,2,2,2,2][1,1,2,2,2,2][1,1,2,2,2,2] is case 3 but not a subcase we are looking for-1
Rearranged pattern: 
[2 , 2 , 2 , 2 , 0 , 0 ]
[2 , 2 , 2 , 2 , 0 , 0 ]
[2 , 2 , 2 , 2 , 1 , 1 ]
[2 , 2 , 2 , 2 , 1 , 1 ]
[0 , 0 , 0 , 0 , 0 , 0 ]
[0 , 0 , 0 , 0 , 0 , 0 ]
Pattern 57:[0,0,0,0,0,0][0,0,0,0,0,0][0,0,2,2,2,2][0,0,2,2,2,2][1,1,2,2,3,3][1,1,2,2,3,3] is case 3 but not a subcase we are looking for-1
Rearranged pattern: 
[2 , 2 , 2 , 2 , 0 , 0 ]
[2 , 2 , 2 , 2 , 0 , 0 ]
[2 , 2 , 3 , 3 , 1 , 1 ]
[2 , 2 , 3 , 3 , 1 , 1 ]
[0 , 0 , 0 , 0 , 0 , 0 ]
[0 , 0 , 0 , 0 , 0 , 0 ]
Pattern 58:[0,0,0,0,0,0][0,0,0,0,0,0][0,0,2,2,2,2][0,0,2,2,2,2][1,1,3,3,3,3][1,1,3,3,3,3] is case 3 but not a subcase we are looking for-1
Rearranged pattern: 
[2 , 2 , 2 , 2 , 0 , 0 ]
[2 , 2 , 2 , 2 , 0 , 0 ]
[3 , 3 , 3 , 3 , 1 , 1 ]
[3 , 3 , 3 , 3 , 1 , 1 ]
[0 , 0 , 0 , 0 , 0 , 0 ]
[0 , 0 , 0 , 0 , 0 , 0 ]
Pattern 59:[0,0,0,0,0,0][0,0,0,0,0,0][0,0,2,2,2,2][0,0,2,2,3,3][0,0,2,3,2,3][0,0,2,3,3,2] is case 3 but not a subcase we are looking for-1
Rearranged pattern: 
[2 , 2 , 2 , 2 , 0 , 0 ]
[2 , 2 , 3 , 3 , 0 , 0 ]
[2 , 3 , 2 , 3 , 0 , 0 ]
[2 , 3 , 3 , 2 , 0 , 0 ]
[0 , 0 , 0 , 0 , 0 , 0 ]
[0 , 0 , 0 , 0 , 0 , 0 ]
Pattern 60:[0,0,0,0,0,0][0,0,0,0,0,0][0,0,2,2,2,2][0,0,2,2,3,3][0,0,3,3,2,2][0,0,3,3,3,3] is case 3 but not a subcase we are looking for-1
Rearranged pattern: 
[2 , 2 , 2 , 2 , 0 , 0 ]
[2 , 2 , 3 , 3 , 0 , 0 ]
[3 , 3 , 2 , 2 , 0 , 0 ]
[3 , 3 , 3 , 3 , 0 , 0 ]
[0 , 0 , 0 , 0 , 0 , 0 ]
[0 , 0 , 0 , 0 , 0 , 0 ]
Pattern 63:[0,0,0,0,0,0][0,0,0,0,0,0][0,0,2,2,2,2][0,0,2,2,3,3][1,1,2,3,2,3][1,1,2,3,3,2] is case 3 but not a subcase we are looking for-1
Rearranged pattern: 
[2 , 2 , 2 , 2 , 0 , 0 ]
[2 , 2 , 3 , 3 , 0 , 0 ]
[2 , 3 , 2 , 3 , 1 , 1 ]
[2 , 3 , 3 , 2 , 1 , 1 ]
[0 , 0 , 0 , 0 , 0 , 0 ]
[0 , 0 , 0 , 0 , 0 , 0 ]
Pattern 64:[0,0,0,0,0,0][0,0,0,0,0,0][0,0,2,2,2,2][0,0,3,3,3,3][1,1,2,2,2,2][1,1,3,3,3,3] is case 3 but not a subcase we are looking for-1
Rearranged pattern: 
[2 , 2 , 2 , 2 , 0 , 0 ]
[3 , 3 , 3 , 3 , 0 , 0 ]
[2 , 2 , 2 , 2 , 1 , 1 ]
[3 , 3 , 3 , 3 , 1 , 1 ]
[0 , 0 , 0 , 0 , 0 , 0 ]
[0 , 0 , 0 , 0 , 0 , 0 ]
Pattern 65:[0,0,0,0,0,0][0,0,0,0,0,0][0,0,2,2,2,2][0,0,3,3,3,3][1,1,2,2,3,3][1,1,3,3,2,2] is case 3 but not a subcase we are looking for-1
Rearranged pattern: 
[2 , 2 , 2 , 2 , 0 , 0 ]
[3 , 3 , 3 , 3 , 0 , 0 ]
[2 , 2 , 3 , 3 , 1 , 1 ]
[3 , 3 , 2 , 2 , 1 , 1 ]
[0 , 0 , 0 , 0 , 0 , 0 ]
[0 , 0 , 0 , 0 , 0 , 0 ]
Pattern 68:[0,0,0,0,0,0][0,0,0,0,0,0][0,0,2,2,3,3][0,0,2,2,3,3][0,0,3,3,2,2][0,0,3,3,2,2] is case 3 but not a subcase we are looking for-1
Rearranged pattern: 
[2 , 2 , 3 , 3 , 0 , 0 ]
[2 , 2 , 3 , 3 , 0 , 0 ]
[3 , 3 , 2 , 2 , 0 , 0 ]
[3 , 3 , 2 , 2 , 0 , 0 ]
[0 , 0 , 0 , 0 , 0 , 0 ]
[0 , 0 , 0 , 0 , 0 , 0 ]
Pattern 72:[0,0,0,0,0,0][0,0,0,0,0,0][0,0,2,2,3,3][0,0,2,2,3,3][1,1,2,2,2,2][1,1,2,2,2,2] is case 3 but not a subcase we are looking for-1
Rearranged pattern: 
[2 , 2 , 3 , 3 , 0 , 0 ]
[2 , 2 , 3 , 3 , 0 , 0 ]
[2 , 2 , 2 , 2 , 1 , 1 ]
[2 , 2 , 2 , 2 , 1 , 1 ]
[0 , 0 , 0 , 0 , 0 , 0 ]
[0 , 0 , 0 , 0 , 0 , 0 ]
Pattern 73:[0,0,0,0,0,0][0,0,0,0,0,0][0,0,2,2,3,3][0,0,2,2,3,3][1,1,2,2,3,3][1,1,2,2,3,3] is case 3 but not a subcase we are looking for-1
Rearranged pattern: 
[2 , 2 , 3 , 3 , 0 , 0 ]
[2 , 2 , 3 , 3 , 0 , 0 ]
[2 , 2 , 3 , 3 , 1 , 1 ]
[2 , 2 , 3 , 3 , 1 , 1 ]
[0 , 0 , 0 , 0 , 0 , 0 ]
[0 , 0 , 0 , 0 , 0 , 0 ]
Pattern 74:[0,0,0,0,0,0][0,0,0,0,0,0][0,0,2,2,3,3][0,0,2,2,3,3][1,1,2,3,2,3][1,1,2,3,2,3] is case 3 but not a subcase we are looking for-1
Rearranged pattern: 
[2 , 2 , 3 , 3 , 0 , 0 ]
[2 , 2 , 3 , 3 , 0 , 0 ]
[2 , 3 , 2 , 3 , 1 , 1 ]
[2 , 3 , 2 , 3 , 1 , 1 ]
[0 , 0 , 0 , 0 , 0 , 0 ]
[0 , 0 , 0 , 0 , 0 , 0 ]
Pattern 75:[0,0,0,0,0,0][0,0,0,0,0,0][0,0,2,2,3,3][0,0,2,2,3,3][1,1,3,3,2,2][1,1,3,3,2,2] is case 3 but not a subcase we are looking for-1
Rearranged pattern: 
[2 , 2 , 3 , 3 , 0 , 0 ]
[2 , 2 , 3 , 3 , 0 , 0 ]
[3 , 3 , 2 , 2 , 1 , 1 ]
[3 , 3 , 2 , 2 , 1 , 1 ]
[0 , 0 , 0 , 0 , 0 , 0 ]
[0 , 0 , 0 , 0 , 0 , 0 ]
Pattern 76:[0,0,0,0,0,0][0,0,0,0,0,0][0,0,2,2,3,3][0,0,2,3,2,3][0,0,3,2,3,2][0,0,3,3,2,2] is case 3 but not a subcase we are looking for-1
Rearranged pattern: 
[2 , 2 , 3 , 3 , 0 , 0 ]
[2 , 3 , 2 , 3 , 0 , 0 ]
[3 , 2 , 3 , 2 , 0 , 0 ]
[3 , 3 , 2 , 2 , 0 , 0 ]
[0 , 0 , 0 , 0 , 0 , 0 ]
[0 , 0 , 0 , 0 , 0 , 0 ]
Pattern 79:[0,0,0,0,0,0][0,0,0,0,0,0][0,0,2,2,3,3][0,0,2,3,2,3][1,1,2,2,2,2][1,1,2,3,3,2] is case 3 but not a subcase we are looking for-1
Rearranged pattern: 
[2 , 2 , 3 , 3 , 0 , 0 ]
[2 , 3 , 2 , 3 , 0 , 0 ]
[2 , 2 , 2 , 2 , 1 , 1 ]
[2 , 3 , 3 , 2 , 1 , 1 ]
[0 , 0 , 0 , 0 , 0 , 0 ]
[0 , 0 , 0 , 0 , 0 , 0 ]
Pattern 80:[0,0,0,0,0,0][0,0,0,0,0,0][0,0,2,2,3,3][0,0,2,3,2,3][1,1,3,2,3,2][1,1,3,3,2,2] is case 3 but not a subcase we are looking for-1
Rearranged pattern: 
[2 , 2 , 3 , 3 , 0 , 0 ]
[2 , 3 , 2 , 3 , 0 , 0 ]
[3 , 2 , 3 , 2 , 1 , 1 ]
[3 , 3 , 2 , 2 , 1 , 1 ]
[0 , 0 , 0 , 0 , 0 , 0 ]
[0 , 0 , 0 , 0 , 0 , 0 ]
Pattern 81:[0,0,0,0,0,0][0,0,0,0,0,0][0,0,2,2,3,3][0,0,3,3,2,2][1,1,2,2,2,2][1,1,3,3,3,3] is case 3 but not a subcase we are looking for-1
Rearranged pattern: 
[2 , 2 , 3 , 3 , 0 , 0 ]
[3 , 3 , 2 , 2 , 0 , 0 ]
[2 , 2 , 2 , 2 , 1 , 1 ]
[3 , 3 , 3 , 3 , 1 , 1 ]
[0 , 0 , 0 , 0 , 0 , 0 ]
[0 , 0 , 0 , 0 , 0 , 0 ]
Pattern 82:[0,0,0,0,0,0][0,0,0,0,0,0][0,0,2,2,3,3][0,0,3,3,2,2][1,1,2,2,3,3][1,1,3,3,2,2] is case 3 but not a subcase we are looking for-1
Rearranged pattern: 
[2 , 2 , 3 , 3 , 0 , 0 ]
[3 , 3 , 2 , 2 , 0 , 0 ]
[2 , 2 , 3 , 3 , 1 , 1 ]
[3 , 3 , 2 , 2 , 1 , 1 ]
[0 , 0 , 0 , 0 , 0 , 0 ]
[0 , 0 , 0 , 0 , 0 , 0 ]
Pattern 83:[0,0,0,0,0,0][0,0,0,0,0,0][0,0,2,2,3,3][0,0,3,3,2,2][1,1,2,3,2,3][1,1,3,2,3,2] is case 3 but not a subcase we are looking for-1
Rearranged pattern: 
[2 , 2 , 3 , 3 , 0 , 0 ]
[3 , 3 , 2 , 2 , 0 , 0 ]
[2 , 3 , 2 , 3 , 1 , 1 ]
[3 , 2 , 3 , 2 , 1 , 1 ]
[0 , 0 , 0 , 0 , 0 , 0 ]
[0 , 0 , 0 , 0 , 0 , 0 ]
Pattern 100:[0,0,0,0,0,0][0,0,0,0,0,0][1,1,2,2,2,2][1,1,2,2,2,2][1,1,2,2,2,2][1,1,2,2,2,2] is case 3 2
Rearranged pattern to match case 3 layout: 
[2 , 2 , 2 , 2 , 1 , 1 ]
[2 , 2 , 2 , 2 , 1 , 1 ]
[2 , 2 , 2 , 2 , 1 , 1 ]
[2 , 2 , 2 , 2 , 1 , 1 ]
[0 , 0 , 0 , 0 , 0 , 0 ]
[0 , 0 , 0 , 0 , 0 , 0 ]
Pattern 101:[0,0,0,0,0,0][0,0,0,0,0,0][1,1,2,2,2,2][1,1,2,2,2,2][1,1,2,2,3,3][1,1,2,2,3,3] is case 3 2
Rearranged pattern to match case 3 layout: 
[2 , 2 , 2 , 2 , 1 , 1 ]
[2 , 2 , 2 , 2 , 1 , 1 ]
[2 , 2 , 3 , 3 , 1 , 1 ]
[2 , 2 , 3 , 3 , 1 , 1 ]
[0 , 0 , 0 , 0 , 0 , 0 ]
[0 , 0 , 0 , 0 , 0 , 0 ]
Pattern 102:[0,0,0,0,0,0][0,0,0,0,0,0][1,1,2,2,2,2][1,1,2,2,2,2][1,1,3,3,3,3][1,1,3,3,3,3] is case 3 2
Rearranged pattern to match case 3 layout: 
[2 , 2 , 2 , 2 , 1 , 1 ]
[2 , 2 , 2 , 2 , 1 , 1 ]
[3 , 3 , 3 , 3 , 1 , 1 ]
[3 , 3 , 3 , 3 , 1 , 1 ]
[0 , 0 , 0 , 0 , 0 , 0 ]
[0 , 0 , 0 , 0 , 0 , 0 ]
Pattern 103:[0,0,0,0,0,0][0,0,0,0,0,0][1,1,2,2,2,2][1,1,2,2,3,3][1,1,2,3,2,3][1,1,2,3,3,2] is case 3 2
Rearranged pattern to match case 3 layout: 
[2 , 2 , 2 , 2 , 1 , 1 ]
[2 , 2 , 3 , 3 , 1 , 1 ]
[2 , 3 , 2 , 3 , 1 , 1 ]
[2 , 3 , 3 , 2 , 1 , 1 ]
[0 , 0 , 0 , 0 , 0 , 0 ]
[0 , 0 , 0 , 0 , 0 , 0 ]
Pattern 104:[0,0,0,0,0,0][0,0,0,0,0,0][1,1,2,2,2,2][1,1,2,2,3,3][1,1,3,3,2,2][1,1,3,3,3,3] is case 3 2
Rearranged pattern to match case 3 layout: 
[2 , 2 , 2 , 2 , 1 , 1 ]
[2 , 2 , 3 , 3 , 1 , 1 ]
[3 , 3 , 2 , 2 , 1 , 1 ]
[3 , 3 , 3 , 3 , 1 , 1 ]
[0 , 0 , 0 , 0 , 0 , 0 ]
[0 , 0 , 0 , 0 , 0 , 0 ]
Pattern 105:[0,0,0,0,0,0][0,0,0,0,0,0][1,1,2,2,3,3][1,1,2,2,3,3][1,1,2,2,3,3][1,1,2,2,3,3] is case 3 2
Rearranged pattern to match case 3 layout: 
[2 , 2 , 3 , 3 , 1 , 1 ]
[2 , 2 , 3 , 3 , 1 , 1 ]
[2 , 2 , 3 , 3 , 1 , 1 ]
[2 , 2 , 3 , 3 , 1 , 1 ]
[0 , 0 , 0 , 0 , 0 , 0 ]
[0 , 0 , 0 , 0 , 0 , 0 ]
Pattern 106:[0,0,0,0,0,0][0,0,0,0,0,0][1,1,2,2,3,3][1,1,2,2,3,3][1,1,2,3,2,3][1,1,2,3,2,3] is case 3 2
Rearranged pattern to match case 3 layout: 
[2 , 2 , 3 , 3 , 1 , 1 ]
[2 , 2 , 3 , 3 , 1 , 1 ]
[2 , 3 , 2 , 3 , 1 , 1 ]
[2 , 3 , 2 , 3 , 1 , 1 ]
[0 , 0 , 0 , 0 , 0 , 0 ]
[0 , 0 , 0 , 0 , 0 , 0 ]
Pattern 107:[0,0,0,0,0,0][0,0,0,0,0,0][1,1,2,2,3,3][1,1,2,2,3,3][1,1,3,3,2,2][1,1,3,3,2,2] is case 3 2
Rearranged pattern to match case 3 layout: 
[2 , 2 , 3 , 3 , 1 , 1 ]
[2 , 2 , 3 , 3 , 1 , 1 ]
[3 , 3 , 2 , 2 , 1 , 1 ]
[3 , 3 , 2 , 2 , 1 , 1 ]
[0 , 0 , 0 , 0 , 0 , 0 ]
[0 , 0 , 0 , 0 , 0 , 0 ]
Pattern 108:[0,0,0,0,0,0][0,0,0,0,0,0][1,1,2,2,3,3][1,1,2,3,2,3][1,1,3,2,3,2][1,1,3,3,2,2] is case 3 2
Rearranged pattern to match case 3 layout: 
[2 , 2 , 3 , 3 , 1 , 1 ]
[2 , 3 , 2 , 3 , 1 , 1 ]
[3 , 2 , 3 , 2 , 1 , 1 ]
[3 , 3 , 2 , 2 , 1 , 1 ]
[0 , 0 , 0 , 0 , 0 , 0 ]
[0 , 0 , 0 , 0 , 0 , 0 ]
Pattern 273:[0,0,0,0,1,1][0,0,0,0,1,1][0,0,2,2,2,2][0,0,2,2,2,2][1,1,2,2,3,3][1,1,2,2,3,3] is case 3 but not a subcase we are looking for-1
Rearranged pattern: 
[2 , 2 , 2 , 2 , 0 , 0 ]
[2 , 2 , 2 , 2 , 0 , 0 ]
[2 , 2 , 3 , 3 , 1 , 1 ]
[2 , 2 , 3 , 3 , 1 , 1 ]
[0 , 0 , 1 , 1 , 0 , 0 ]
[0 , 0 , 1 , 1 , 0 , 0 ]
Pattern 274:[0,0,0,0,1,1][0,0,0,0,1,1][0,0,2,2,2,2][0,0,2,2,2,2][1,1,3,3,2,2][1,1,3,3,2,2] is case 3 but not a subcase we are looking for-1
Rearranged pattern: 
[2 , 2 , 2 , 2 , 0 , 0 ]
[2 , 2 , 2 , 2 , 0 , 0 ]
[3 , 3 , 2 , 2 , 1 , 1 ]
[3 , 3 , 2 , 2 , 1 , 1 ]
[0 , 0 , 1 , 1 , 0 , 0 ]
[0 , 0 , 1 , 1 , 0 , 0 ]
Pattern 275:[0,0,0,0,1,1][0,0,0,0,1,1][0,0,2,2,2,2][0,0,3,3,3,3][1,1,2,2,3,3][1,1,3,3,2,2] is case 3 but not a subcase we are looking for-1
Rearranged pattern: 
[2 , 2 , 2 , 2 , 0 , 0 ]
[3 , 3 , 3 , 3 , 0 , 0 ]
[2 , 2 , 3 , 3 , 1 , 1 ]
[3 , 3 , 2 , 2 , 1 , 1 ]
[0 , 0 , 1 , 1 , 0 , 0 ]
[0 , 0 , 1 , 1 , 0 , 0 ]
Pattern 283:[0,0,0,0,1,1][0,0,0,0,1,1][0,0,2,2,3,3][0,0,2,2,3,3][1,1,3,3,3,3][1,1,3,3,3,3] is case 3 but not a subcase we are looking for-1
Rearranged pattern: 
[2 , 2 , 3 , 3 , 0 , 0 ]
[2 , 2 , 3 , 3 , 0 , 0 ]
[3 , 3 , 3 , 3 , 1 , 1 ]
[3 , 3 , 3 , 3 , 1 , 1 ]
[0 , 0 , 1 , 1 , 0 , 0 ]
[0 , 0 , 1 , 1 , 0 , 0 ]
Pattern 284:[0,0,0,0,1,1][0,0,0,0,1,1][0,0,2,2,3,3][0,0,3,3,2,2][1,1,2,2,2,2][1,1,3,3,3,3] is case 3 but not a subcase we are looking for-1
Rearranged pattern: 
[2 , 2 , 3 , 3 , 0 , 0 ]
[3 , 3 , 2 , 2 , 0 , 0 ]
[2 , 2 , 2 , 2 , 1 , 1 ]
[3 , 3 , 3 , 3 , 1 , 1 ]
[0 , 0 , 1 , 1 , 0 , 0 ]
[0 , 0 , 1 , 1 , 0 , 0 ]
Pattern 293:[0,0,0,0,1,1][0,0,0,0,1,1][0,0,2,3,2,3][0,0,3,2,3,2][1,1,2,3,3,2][1,1,3,2,2,3] is case 3 but not a subcase we are looking for-1
Rearranged pattern: 
[2 , 3 , 2 , 3 , 0 , 0 ]
[3 , 2 , 3 , 2 , 0 , 0 ]
[2 , 3 , 3 , 2 , 1 , 1 ]
[3 , 2 , 2 , 3 , 1 , 1 ]
[0 , 0 , 1 , 1 , 0 , 0 ]
[0 , 0 , 1 , 1 , 0 , 0 ]
Pattern 349:[0,0,0,0,1,1][0,0,0,0,1,1][1,1,2,2,2,2][1,1,2,2,2,2][1,1,2,2,2,2][1,1,2,2,2,2] is case 3 2
Rearranged pattern to match case 3 layout: 
[2 , 2 , 2 , 2 , 1 , 1 ]
[2 , 2 , 2 , 2 , 1 , 1 ]
[2 , 2 , 2 , 2 , 1 , 1 ]
[2 , 2 , 2 , 2 , 1 , 1 ]
[0 , 0 , 1 , 1 , 0 , 0 ]
[0 , 0 , 1 , 1 , 0 , 0 ]
Pattern 350:[0,0,0,0,1,1][0,0,0,0,1,1][1,1,2,2,2,2][1,1,2,2,2,2][1,1,2,2,3,3][1,1,2,2,3,3] is case 3 2
Rearranged pattern to match case 3 layout: 
[2 , 2 , 2 , 2 , 1 , 1 ]
[2 , 2 , 2 , 2 , 1 , 1 ]
[2 , 2 , 3 , 3 , 1 , 1 ]
[2 , 2 , 3 , 3 , 1 , 1 ]
[0 , 0 , 1 , 1 , 0 , 0 ]
[0 , 0 , 1 , 1 , 0 , 0 ]
Pattern 351:[0,0,0,0,1,1][0,0,0,0,1,1][1,1,2,2,2,2][1,1,2,2,2,2][1,1,3,3,2,2][1,1,3,3,2,2] is case 3 2
Rearranged pattern to match case 3 layout: 
[2 , 2 , 2 , 2 , 1 , 1 ]
[2 , 2 , 2 , 2 , 1 , 1 ]
[3 , 3 , 2 , 2 , 1 , 1 ]
[3 , 3 , 2 , 2 , 1 , 1 ]
[0 , 0 , 1 , 1 , 0 , 0 ]
[0 , 0 , 1 , 1 , 0 , 0 ]
Pattern 352:[0,0,0,0,1,1][0,0,0,0,1,1][1,1,2,2,2,2][1,1,2,2,2,2][1,1,3,3,3,3][1,1,3,3,3,3] is case 3 2
Rearranged pattern to match case 3 layout: 
[2 , 2 , 2 , 2 , 1 , 1 ]
[2 , 2 , 2 , 2 , 1 , 1 ]
[3 , 3 , 3 , 3 , 1 , 1 ]
[3 , 3 , 3 , 3 , 1 , 1 ]
[0 , 0 , 1 , 1 , 0 , 0 ]
[0 , 0 , 1 , 1 , 0 , 0 ]
Pattern 353:[0,0,0,0,1,1][0,0,0,0,1,1][1,1,2,2,2,2][1,1,2,2,3,3][1,1,2,3,2,3][1,1,2,3,3,2] is case 3 2
Rearranged pattern to match case 3 layout: 
[2 , 2 , 2 , 2 , 1 , 1 ]
[2 , 2 , 3 , 3 , 1 , 1 ]
[2 , 3 , 2 , 3 , 1 , 1 ]
[2 , 3 , 3 , 2 , 1 , 1 ]
[0 , 0 , 1 , 1 , 0 , 0 ]
[0 , 0 , 1 , 1 , 0 , 0 ]
Pattern 354:[0,0,0,0,1,1][0,0,0,0,1,1][1,1,2,2,2,2][1,1,2,2,3,3][1,1,3,3,2,2][1,1,3,3,3,3] is case 3 2
Rearranged pattern to match case 3 layout: 
[2 , 2 , 2 , 2 , 1 , 1 ]
[2 , 2 , 3 , 3 , 1 , 1 ]
[3 , 3 , 2 , 2 , 1 , 1 ]
[3 , 3 , 3 , 3 , 1 , 1 ]
[0 , 0 , 1 , 1 , 0 , 0 ]
[0 , 0 , 1 , 1 , 0 , 0 ]
Pattern 355:[0,0,0,0,1,1][0,0,0,0,1,1][1,1,2,2,2,2][1,1,2,3,2,3][1,1,3,2,2,3][1,1,3,3,2,2] is case 3 2
Rearranged pattern to match case 3 layout: 
[2 , 2 , 2 , 2 , 1 , 1 ]
[2 , 3 , 2 , 3 , 1 , 1 ]
[3 , 2 , 2 , 3 , 1 , 1 ]
[3 , 3 , 2 , 2 , 1 , 1 ]
[0 , 0 , 1 , 1 , 0 , 0 ]
[0 , 0 , 1 , 1 , 0 , 0 ]
Pattern 356:[0,0,0,0,1,1][0,0,0,0,1,1][1,1,2,2,3,3][1,1,2,2,3,3][1,1,2,2,3,3][1,1,2,2,3,3] is case 3 2
Rearranged pattern to match case 3 layout: 
[2 , 2 , 3 , 3 , 1 , 1 ]
[2 , 2 , 3 , 3 , 1 , 1 ]
[2 , 2 , 3 , 3 , 1 , 1 ]
[2 , 2 , 3 , 3 , 1 , 1 ]
[0 , 0 , 1 , 1 , 0 , 0 ]
[0 , 0 , 1 , 1 , 0 , 0 ]
Pattern 357:[0,0,0,0,1,1][0,0,0,0,1,1][1,1,2,2,3,3][1,1,2,2,3,3][1,1,3,3,2,2][1,1,3,3,2,2] is case 3 2
Rearranged pattern to match case 3 layout: 
[2 , 2 , 3 , 3 , 1 , 1 ]
[2 , 2 , 3 , 3 , 1 , 1 ]
[3 , 3 , 2 , 2 , 1 , 1 ]
[3 , 3 , 2 , 2 , 1 , 1 ]
[0 , 0 , 1 , 1 , 0 , 0 ]
[0 , 0 , 1 , 1 , 0 , 0 ]
Pattern 358:[0,0,0,0,1,1][0,0,0,0,1,1][1,1,2,2,3,3][1,1,2,3,2,3][1,1,3,2,3,2][1,1,3,3,2,2] is case 3 2
Rearranged pattern to match case 3 layout: 
[2 , 2 , 3 , 3 , 1 , 1 ]
[2 , 3 , 2 , 3 , 1 , 1 ]
[3 , 2 , 3 , 2 , 1 , 1 ]
[3 , 3 , 2 , 2 , 1 , 1 ]
[0 , 0 , 1 , 1 , 0 , 0 ]
[0 , 0 , 1 , 1 , 0 , 0 ]
Pattern 359:[0,0,0,0,1,1][0,0,0,0,1,1][1,1,2,3,2,3][1,1,2,3,2,3][1,1,2,3,2,3][1,1,2,3,2,3] is case 3 2
Rearranged pattern to match case 3 layout: 
[2 , 3 , 2 , 3 , 1 , 1 ]
[2 , 3 , 2 , 3 , 1 , 1 ]
[2 , 3 , 2 , 3 , 1 , 1 ]
[2 , 3 , 2 , 3 , 1 , 1 ]
[0 , 0 , 1 , 1 , 0 , 0 ]
[0 , 0 , 1 , 1 , 0 , 0 ]
Pattern 360:[0,0,0,0,1,1][0,0,0,0,1,1][1,1,2,3,2,3][1,1,2,3,2,3][1,1,2,3,3,2][1,1,2,3,3,2] is case 3 2
Rearranged pattern to match case 3 layout: 
[2 , 3 , 2 , 3 , 1 , 1 ]
[2 , 3 , 2 , 3 , 1 , 1 ]
[2 , 3 , 3 , 2 , 1 , 1 ]
[2 , 3 , 3 , 2 , 1 , 1 ]
[0 , 0 , 1 , 1 , 0 , 0 ]
[0 , 0 , 1 , 1 , 0 , 0 ]
Pattern 361:[0,0,0,0,1,1][0,0,0,0,1,1][1,1,2,3,2,3][1,1,2,3,2,3][1,1,3,2,2,3][1,1,3,2,2,3] is case 3 2
Rearranged pattern to match case 3 layout: 
[2 , 3 , 2 , 3 , 1 , 1 ]
[2 , 3 , 2 , 3 , 1 , 1 ]
[3 , 2 , 2 , 3 , 1 , 1 ]
[3 , 2 , 2 , 3 , 1 , 1 ]
[0 , 0 , 1 , 1 , 0 , 0 ]
[0 , 0 , 1 , 1 , 0 , 0 ]
Pattern 362:[0,0,0,0,1,1][0,0,0,0,1,1][1,1,2,3,2,3][1,1,2,3,2,3][1,1,3,2,3,2][1,1,3,2,3,2] is case 3 2
Rearranged pattern to match case 3 layout: 
[2 , 3 , 2 , 3 , 1 , 1 ]
[2 , 3 , 2 , 3 , 1 , 1 ]
[3 , 2 , 3 , 2 , 1 , 1 ]
[3 , 2 , 3 , 2 , 1 , 1 ]
[0 , 0 , 1 , 1 , 0 , 0 ]
[0 , 0 , 1 , 1 , 0 , 0 ]
Pattern 363:[0,0,0,0,1,1][0,0,0,0,1,1][1,1,2,3,2,3][1,1,2,3,3,2][1,1,3,2,2,3][1,1,3,2,3,2] is case 3 2
Rearranged pattern to match case 3 layout: 
[2 , 3 , 2 , 3 , 1 , 1 ]
[2 , 3 , 3 , 2 , 1 , 1 ]
[3 , 2 , 2 , 3 , 1 , 1 ]
[3 , 2 , 3 , 2 , 1 , 1 ]
[0 , 0 , 1 , 1 , 0 , 0 ]
[0 , 0 , 1 , 1 , 0 , 0 ]
Pattern 364:[0,0,0,0,1,1][0,0,0,0,1,1][2,2,2,2,1,1][2,2,2,2,1,1][2,2,2,2,1,1][2,2,2,2,1,1] is case 3 1
Rearranged pattern to match case 3 layout: 
[2 , 2 , 2 , 2 , 1 , 1 ]
[2 , 2 , 2 , 2 , 1 , 1 ]
[2 , 2 , 2 , 2 , 1 , 1 ]
[2 , 2 , 2 , 2 , 1 , 1 ]
[0 , 0 , 0 , 0 , 1 , 1 ]
[0 , 0 , 0 , 0 , 1 , 1 ]
Pattern 365:[0,0,0,0,1,1][0,0,0,0,1,1][2,2,2,2,1,1][2,2,2,2,1,1][2,2,3,3,1,1][2,2,3,3,1,1] is case 3 1
Rearranged pattern to match case 3 layout: 
[2 , 2 , 2 , 2 , 1 , 1 ]
[2 , 2 , 2 , 2 , 1 , 1 ]
[2 , 2 , 3 , 3 , 1 , 1 ]
[2 , 2 , 3 , 3 , 1 , 1 ]
[0 , 0 , 0 , 0 , 1 , 1 ]
[0 , 0 , 0 , 0 , 1 , 1 ]
Pattern 366:[0,0,0,0,1,1][0,0,0,0,1,1][2,2,2,2,1,1][2,2,2,2,1,1][3,3,3,3,1,1][3,3,3,3,1,1] is case 3 1
Rearranged pattern to match case 3 layout: 
[2 , 2 , 2 , 2 , 1 , 1 ]
[2 , 2 , 2 , 2 , 1 , 1 ]
[3 , 3 , 3 , 3 , 1 , 1 ]
[3 , 3 , 3 , 3 , 1 , 1 ]
[0 , 0 , 0 , 0 , 1 , 1 ]
[0 , 0 , 0 , 0 , 1 , 1 ]
Pattern 367:[0,0,0,0,1,1][0,0,0,0,1,1][2,2,2,2,1,1][2,2,3,3,1,1][2,3,2,3,1,1][2,3,3,2,1,1] is case 3 1
Rearranged pattern to match case 3 layout: 
[2 , 2 , 2 , 2 , 1 , 1 ]
[2 , 2 , 3 , 3 , 1 , 1 ]
[2 , 3 , 2 , 3 , 1 , 1 ]
[2 , 3 , 3 , 2 , 1 , 1 ]
[0 , 0 , 0 , 0 , 1 , 1 ]
[0 , 0 , 0 , 0 , 1 , 1 ]
Pattern 368:[0,0,0,0,1,1][0,0,0,0,1,1][2,2,2,2,1,1][2,2,3,3,1,1][3,3,2,2,1,1][3,3,3,3,1,1] is case 3 1
Rearranged pattern to match case 3 layout: 
[2 , 2 , 2 , 2 , 1 , 1 ]
[2 , 2 , 3 , 3 , 1 , 1 ]
[3 , 3 , 2 , 2 , 1 , 1 ]
[3 , 3 , 3 , 3 , 1 , 1 ]
[0 , 0 , 0 , 0 , 1 , 1 ]
[0 , 0 , 0 , 0 , 1 , 1 ]
Pattern 369:[0,0,0,0,1,1][0,0,0,0,1,1][2,2,3,3,1,1][2,2,3,3,1,1][2,2,3,3,1,1][2,2,3,3,1,1] is case 3 1
Rearranged pattern to match case 3 layout: 
[2 , 2 , 3 , 3 , 1 , 1 ]
[2 , 2 , 3 , 3 , 1 , 1 ]
[2 , 2 , 3 , 3 , 1 , 1 ]
[2 , 2 , 3 , 3 , 1 , 1 ]
[0 , 0 , 0 , 0 , 1 , 1 ]
[0 , 0 , 0 , 0 , 1 , 1 ]
Pattern 370:[0,0,0,0,1,1][0,0,0,0,1,1][2,2,3,3,1,1][2,2,3,3,1,1][2,3,2,3,1,1][2,3,2,3,1,1] is case 3 1
Rearranged pattern to match case 3 layout: 
[2 , 2 , 3 , 3 , 1 , 1 ]
[2 , 2 , 3 , 3 , 1 , 1 ]
[2 , 3 , 2 , 3 , 1 , 1 ]
[2 , 3 , 2 , 3 , 1 , 1 ]
[0 , 0 , 0 , 0 , 1 , 1 ]
[0 , 0 , 0 , 0 , 1 , 1 ]
Pattern 371:[0,0,0,0,1,1][0,0,0,0,1,1][2,2,3,3,1,1][2,2,3,3,1,1][3,3,2,2,1,1][3,3,2,2,1,1] is case 3 1
Rearranged pattern to match case 3 layout: 
[2 , 2 , 3 , 3 , 1 , 1 ]
[2 , 2 , 3 , 3 , 1 , 1 ]
[3 , 3 , 2 , 2 , 1 , 1 ]
[3 , 3 , 2 , 2 , 1 , 1 ]
[0 , 0 , 0 , 0 , 1 , 1 ]
[0 , 0 , 0 , 0 , 1 , 1 ]
Pattern 372:[0,0,0,0,1,1][0,0,0,0,1,1][2,2,3,3,1,1][2,3,2,3,1,1][3,2,3,2,1,1][3,3,2,2,1,1] is case 3 1
Rearranged pattern to match case 3 layout: 
[2 , 2 , 3 , 3 , 1 , 1 ]
[2 , 3 , 2 , 3 , 1 , 1 ]
[3 , 2 , 3 , 2 , 1 , 1 ]
[3 , 3 , 2 , 2 , 1 , 1 ]
[0 , 0 , 0 , 0 , 1 , 1 ]
[0 , 0 , 0 , 0 , 1 , 1 ]
Pattern 595:[0,0,1,1,1,1][0,0,1,1,1,1][1,1,2,2,2,2][1,1,2,2,2,2][1,1,2,2,2,2][1,1,2,2,2,2] is case 3 2
Rearranged pattern to match case 3 layout: 
[2 , 2 , 2 , 2 , 1 , 1 ]
[2 , 2 , 2 , 2 , 1 , 1 ]
[2 , 2 , 2 , 2 , 1 , 1 ]
[2 , 2 , 2 , 2 , 1 , 1 ]
[1 , 1 , 1 , 1 , 0 , 0 ]
[1 , 1 , 1 , 1 , 0 , 0 ]
Pattern 596:[0,0,1,1,1,1][0,0,1,1,1,1][1,1,2,2,2,2][1,1,2,2,2,2][1,1,2,2,3,3][1,1,2,2,3,3] is case 3 2
Rearranged pattern to match case 3 layout: 
[2 , 2 , 2 , 2 , 1 , 1 ]
[2 , 2 , 2 , 2 , 1 , 1 ]
[2 , 2 , 3 , 3 , 1 , 1 ]
[2 , 2 , 3 , 3 , 1 , 1 ]
[1 , 1 , 1 , 1 , 0 , 0 ]
[1 , 1 , 1 , 1 , 0 , 0 ]
Pattern 597:[0,0,1,1,1,1][0,0,1,1,1,1][1,1,2,2,2,2][1,1,2,2,2,2][1,1,3,3,3,3][1,1,3,3,3,3] is case 3 2
Rearranged pattern to match case 3 layout: 
[2 , 2 , 2 , 2 , 1 , 1 ]
[2 , 2 , 2 , 2 , 1 , 1 ]
[3 , 3 , 3 , 3 , 1 , 1 ]
[3 , 3 , 3 , 3 , 1 , 1 ]
[1 , 1 , 1 , 1 , 0 , 0 ]
[1 , 1 , 1 , 1 , 0 , 0 ]
Pattern 598:[0,0,1,1,1,1][0,0,1,1,1,1][1,1,2,2,2,2][1,1,2,2,3,3][1,1,2,3,2,3][1,1,2,3,3,2] is case 3 2
Rearranged pattern to match case 3 layout: 
[2 , 2 , 2 , 2 , 1 , 1 ]
[2 , 2 , 3 , 3 , 1 , 1 ]
[2 , 3 , 2 , 3 , 1 , 1 ]
[2 , 3 , 3 , 2 , 1 , 1 ]
[1 , 1 , 1 , 1 , 0 , 0 ]
[1 , 1 , 1 , 1 , 0 , 0 ]
Pattern 599:[0,0,1,1,1,1][0,0,1,1,1,1][1,1,2,2,2,2][1,1,2,2,3,3][1,1,3,3,2,2][1,1,3,3,3,3] is case 3 2
Rearranged pattern to match case 3 layout: 
[2 , 2 , 2 , 2 , 1 , 1 ]
[2 , 2 , 3 , 3 , 1 , 1 ]
[3 , 3 , 2 , 2 , 1 , 1 ]
[3 , 3 , 3 , 3 , 1 , 1 ]
[1 , 1 , 1 , 1 , 0 , 0 ]
[1 , 1 , 1 , 1 , 0 , 0 ]
Pattern 600:[0,0,1,1,1,1][0,0,1,1,1,1][1,1,2,2,3,3][1,1,2,2,3,3][1,1,3,3,2,2][1,1,3,3,2,2] is case 3 2
Rearranged pattern to match case 3 layout: 
[2 , 2 , 3 , 3 , 1 , 1 ]
[2 , 2 , 3 , 3 , 1 , 1 ]
[3 , 3 , 2 , 2 , 1 , 1 ]
[3 , 3 , 2 , 2 , 1 , 1 ]
[1 , 1 , 1 , 1 , 0 , 0 ]
[1 , 1 , 1 , 1 , 0 , 0 ]
Pattern 601:[0,0,1,1,1,1][0,0,1,1,1,1][1,1,2,2,3,3][1,1,2,3,2,3][1,1,3,2,3,2][1,1,3,3,2,2] is case 3 2
Rearranged pattern to match case 3 layout: 
[2 , 2 , 3 , 3 , 1 , 1 ]
[2 , 3 , 2 , 3 , 1 , 1 ]
[3 , 2 , 3 , 2 , 1 , 1 ]
[3 , 3 , 2 , 2 , 1 , 1 ]
[1 , 1 , 1 , 1 , 0 , 0 ]
[1 , 1 , 1 , 1 , 0 , 0 ]
Pattern 610:[0,0,1,1,1,1][0,0,1,1,1,1][2,2,1,1,2,2][2,2,1,1,2,2][2,2,1,1,2,2][2,2,1,1,2,2] is case 3 but not a subcase we are looking for-1
Rearranged pattern: 
[2 , 2 , 2 , 2 , 1 , 1 ]
[2 , 2 , 2 , 2 , 1 , 1 ]
[2 , 2 , 2 , 2 , 1 , 1 ]
[2 , 2 , 2 , 2 , 1 , 1 ]
[0 , 0 , 1 , 1 , 1 , 1 ]
[0 , 0 , 1 , 1 , 1 , 1 ]
Pattern 611:[0,0,1,1,1,1][0,0,1,1,1,1][2,2,1,1,2,2][2,2,1,1,2,2][2,2,1,1,3,3][2,2,1,1,3,3] is case 3 but not a subcase we are looking for-1
Rearranged pattern: 
[2 , 2 , 2 , 2 , 1 , 1 ]
[2 , 2 , 2 , 2 , 1 , 1 ]
[2 , 2 , 3 , 3 , 1 , 1 ]
[2 , 2 , 3 , 3 , 1 , 1 ]
[0 , 0 , 1 , 1 , 1 , 1 ]
[0 , 0 , 1 , 1 , 1 , 1 ]
Pattern 612:[0,0,1,1,1,1][0,0,1,1,1,1][2,2,1,1,2,2][2,2,1,1,2,2][2,3,1,1,2,3][2,3,1,1,2,3] is case 3 but not a subcase we are looking for-1
Rearranged pattern: 
[2 , 2 , 2 , 2 , 1 , 1 ]
[2 , 2 , 2 , 2 , 1 , 1 ]
[2 , 3 , 2 , 3 , 1 , 1 ]
[2 , 3 , 2 , 3 , 1 , 1 ]
[0 , 0 , 1 , 1 , 1 , 1 ]
[0 , 0 , 1 , 1 , 1 , 1 ]
Pattern 613:[0,0,1,1,1,1][0,0,1,1,1,1][2,2,1,1,2,2][2,2,1,1,2,2][3,3,1,1,2,2][3,3,1,1,2,2] is case 3 but not a subcase we are looking for-1
Rearranged pattern: 
[2 , 2 , 2 , 2 , 1 , 1 ]
[2 , 2 , 2 , 2 , 1 , 1 ]
[3 , 3 , 2 , 2 , 1 , 1 ]
[3 , 3 , 2 , 2 , 1 , 1 ]
[0 , 0 , 1 , 1 , 1 , 1 ]
[0 , 0 , 1 , 1 , 1 , 1 ]
Pattern 614:[0,0,1,1,1,1][0,0,1,1,1,1][2,2,1,1,2,2][2,2,1,1,2,2][3,3,1,1,3,3][3,3,1,1,3,3] is case 3 but not a subcase we are looking for-1
Rearranged pattern: 
[2 , 2 , 2 , 2 , 1 , 1 ]
[2 , 2 , 2 , 2 , 1 , 1 ]
[3 , 3 , 3 , 3 , 1 , 1 ]
[3 , 3 , 3 , 3 , 1 , 1 ]
[0 , 0 , 1 , 1 , 1 , 1 ]
[0 , 0 , 1 , 1 , 1 , 1 ]
Pattern 615:[0,0,1,1,1,1][0,0,1,1,1,1][2,2,1,1,2,2][2,2,1,1,3,3][2,3,1,1,2,3][2,3,1,1,3,2] is case 3 but not a subcase we are looking for-1
Rearranged pattern: 
[2 , 2 , 2 , 2 , 1 , 1 ]
[2 , 2 , 3 , 3 , 1 , 1 ]
[2 , 3 , 2 , 3 , 1 , 1 ]
[2 , 3 , 3 , 2 , 1 , 1 ]
[0 , 0 , 1 , 1 , 1 , 1 ]
[0 , 0 , 1 , 1 , 1 , 1 ]
Pattern 616:[0,0,1,1,1,1][0,0,1,1,1,1][2,2,1,1,2,2][2,2,1,1,3,3][3,3,1,1,2,2][3,3,1,1,3,3] is case 3 but not a subcase we are looking for-1
Rearranged pattern: 
[2 , 2 , 2 , 2 , 1 , 1 ]
[2 , 2 , 3 , 3 , 1 , 1 ]
[3 , 3 , 2 , 2 , 1 , 1 ]
[3 , 3 , 3 , 3 , 1 , 1 ]
[0 , 0 , 1 , 1 , 1 , 1 ]
[0 , 0 , 1 , 1 , 1 , 1 ]
Pattern 617:[0,0,1,1,1,1][0,0,1,1,1,1][2,2,1,1,2,2][2,3,1,1,2,3][3,2,1,1,2,3][3,3,1,1,2,2] is case 3 but not a subcase we are looking for-1
Rearranged pattern: 
[2 , 2 , 2 , 2 , 1 , 1 ]
[2 , 3 , 2 , 3 , 1 , 1 ]
[3 , 2 , 2 , 3 , 1 , 1 ]
[3 , 3 , 2 , 2 , 1 , 1 ]
[0 , 0 , 1 , 1 , 1 , 1 ]
[0 , 0 , 1 , 1 , 1 , 1 ]
Pattern 618:[0,0,1,1,1,1][0,0,1,1,1,1][2,2,1,1,2,2][2,3,1,1,2,3][3,2,1,1,3,2][3,3,1,1,3,3] is case 3 but not a subcase we are looking for-1
Rearranged pattern: 
[2 , 2 , 2 , 2 , 1 , 1 ]
[2 , 3 , 2 , 3 , 1 , 1 ]
[3 , 2 , 3 , 2 , 1 , 1 ]
[3 , 3 , 3 , 3 , 1 , 1 ]
[0 , 0 , 1 , 1 , 1 , 1 ]
[0 , 0 , 1 , 1 , 1 , 1 ]
Pattern 619:[0,0,1,1,1,1][0,0,1,1,1,1][2,2,1,1,3,3][2,2,1,1,3,3][2,2,1,1,3,3][2,2,1,1,3,3] is case 3 but not a subcase we are looking for-1
Rearranged pattern: 
[2 , 2 , 3 , 3 , 1 , 1 ]
[2 , 2 , 3 , 3 , 1 , 1 ]
[2 , 2 , 3 , 3 , 1 , 1 ]
[2 , 2 , 3 , 3 , 1 , 1 ]
[0 , 0 , 1 , 1 , 1 , 1 ]
[0 , 0 , 1 , 1 , 1 , 1 ]
Pattern 620:[0,0,1,1,1,1][0,0,1,1,1,1][2,2,1,1,3,3][2,2,1,1,3,3][2,3,1,1,2,3][2,3,1,1,2,3] is case 3 but not a subcase we are looking for-1
Rearranged pattern: 
[2 , 2 , 3 , 3 , 1 , 1 ]
[2 , 2 , 3 , 3 , 1 , 1 ]
[2 , 3 , 2 , 3 , 1 , 1 ]
[2 , 3 , 2 , 3 , 1 , 1 ]
[0 , 0 , 1 , 1 , 1 , 1 ]
[0 , 0 , 1 , 1 , 1 , 1 ]
Pattern 621:[0,0,1,1,1,1][0,0,1,1,1,1][2,2,1,1,3,3][2,2,1,1,3,3][3,3,1,1,2,2][3,3,1,1,2,2] is case 3 but not a subcase we are looking for-1
Rearranged pattern: 
[2 , 2 , 3 , 3 , 1 , 1 ]
[2 , 2 , 3 , 3 , 1 , 1 ]
[3 , 3 , 2 , 2 , 1 , 1 ]
[3 , 3 , 2 , 2 , 1 , 1 ]
[0 , 0 , 1 , 1 , 1 , 1 ]
[0 , 0 , 1 , 1 , 1 , 1 ]
Pattern 622:[0,0,1,1,1,1][0,0,1,1,1,1][2,2,1,1,3,3][2,3,1,1,2,3][3,2,1,1,3,2][3,3,1,1,2,2] is case 3 but not a subcase we are looking for-1
Rearranged pattern: 
[2 , 2 , 3 , 3 , 1 , 1 ]
[2 , 3 , 2 , 3 , 1 , 1 ]
[3 , 2 , 3 , 2 , 1 , 1 ]
[3 , 3 , 2 , 2 , 1 , 1 ]
[0 , 0 , 1 , 1 , 1 , 1 ]
[0 , 0 , 1 , 1 , 1 , 1 ]
Pattern 625:[0,0,1,1,1,1][0,0,1,1,1,1][2,3,1,1,2,3][2,3,1,1,2,3][2,3,1,1,2,3][2,3,1,1,2,3] is case 3 but not a subcase we are looking for-1
Rearranged pattern: 
[2 , 3 , 2 , 3 , 1 , 1 ]
[2 , 3 , 2 , 3 , 1 , 1 ]
[2 , 3 , 2 , 3 , 1 , 1 ]
[2 , 3 , 2 , 3 , 1 , 1 ]
[0 , 0 , 1 , 1 , 1 , 1 ]
[0 , 0 , 1 , 1 , 1 , 1 ]
Pattern 626:[0,0,1,1,1,1][0,0,1,1,1,1][2,3,1,1,2,3][2,3,1,1,2,3][2,3,1,1,3,2][2,3,1,1,3,2] is case 3 but not a subcase we are looking for-1
Rearranged pattern: 
[2 , 3 , 2 , 3 , 1 , 1 ]
[2 , 3 , 2 , 3 , 1 , 1 ]
[2 , 3 , 3 , 2 , 1 , 1 ]
[2 , 3 , 3 , 2 , 1 , 1 ]
[0 , 0 , 1 , 1 , 1 , 1 ]
[0 , 0 , 1 , 1 , 1 , 1 ]
Pattern 627:[0,0,1,1,1,1][0,0,1,1,1,1][2,3,1,1,2,3][2,3,1,1,2,3][3,2,1,1,2,3][3,2,1,1,2,3] is case 3 but not a subcase we are looking for-1
Rearranged pattern: 
[2 , 3 , 2 , 3 , 1 , 1 ]
[2 , 3 , 2 , 3 , 1 , 1 ]
[3 , 2 , 2 , 3 , 1 , 1 ]
[3 , 2 , 2 , 3 , 1 , 1 ]
[0 , 0 , 1 , 1 , 1 , 1 ]
[0 , 0 , 1 , 1 , 1 , 1 ]
Pattern 628:[0,0,1,1,1,1][0,0,1,1,1,1][2,3,1,1,2,3][2,3,1,1,2,3][3,2,1,1,3,2][3,2,1,1,3,2] is case 3 but not a subcase we are looking for-1
Rearranged pattern: 
[2 , 3 , 2 , 3 , 1 , 1 ]
[2 , 3 , 2 , 3 , 1 , 1 ]
[3 , 2 , 3 , 2 , 1 , 1 ]
[3 , 2 , 3 , 2 , 1 , 1 ]
[0 , 0 , 1 , 1 , 1 , 1 ]
[0 , 0 , 1 , 1 , 1 , 1 ]
Pattern 629:[0,0,1,1,1,1][0,0,1,1,1,1][2,3,1,1,2,3][2,3,1,1,3,2][3,2,1,1,2,3][3,2,1,1,3,2] is case 3 but not a subcase we are looking for-1
Rearranged pattern: 
[2 , 3 , 2 , 3 , 1 , 1 ]
[2 , 3 , 3 , 2 , 1 , 1 ]
[3 , 2 , 2 , 3 , 1 , 1 ]
[3 , 2 , 3 , 2 , 1 , 1 ]
[0 , 0 , 1 , 1 , 1 , 1 ]
[0 , 0 , 1 , 1 , 1 , 1 ]
Pattern 641:[0,0,2,2,2,2][0,0,2,2,2,2][0,0,2,2,2,2][0,0,2,2,2,2][1,1,0,0,0,0][1,1,0,0,0,0] is case 3 1
Rearranged pattern to match case 3 layout: 
[2 , 2 , 2 , 2 , 0 , 0 ]
[2 , 2 , 2 , 2 , 0 , 0 ]
[2 , 2 , 2 , 2 , 0 , 0 ]
[2 , 2 , 2 , 2 , 0 , 0 ]
[0 , 0 , 0 , 0 , 1 , 1 ]
[0 , 0 , 0 , 0 , 1 , 1 ]
Pattern 642:[0,0,2,2,2,2][0,0,2,2,2,2][0,0,2,2,2,2][0,0,2,2,2,2][1,1,0,0,1,1][1,1,0,0,1,1] is case 3 1
Rearranged pattern to match case 3 layout: 
[2 , 2 , 2 , 2 , 0 , 0 ]
[2 , 2 , 2 , 2 , 0 , 0 ]
[2 , 2 , 2 , 2 , 0 , 0 ]
[2 , 2 , 2 , 2 , 0 , 0 ]
[0 , 0 , 1 , 1 , 1 , 1 ]
[0 , 0 , 1 , 1 , 1 , 1 ]
Pattern 643:[0,0,2,2,2,2][0,0,2,2,2,2][0,0,2,2,3,3][0,0,2,2,3,3][1,1,0,0,0,0][1,1,0,0,0,0] is case 3 1
Rearranged pattern to match case 3 layout: 
[2 , 2 , 2 , 2 , 0 , 0 ]
[2 , 2 , 2 , 2 , 0 , 0 ]
[2 , 2 , 3 , 3 , 0 , 0 ]
[2 , 2 , 3 , 3 , 0 , 0 ]
[0 , 0 , 0 , 0 , 1 , 1 ]
[0 , 0 , 0 , 0 , 1 , 1 ]
Pattern 644:[0,0,2,2,2,2][0,0,2,2,2,2][0,0,2,2,3,3][0,0,2,2,3,3][1,1,0,0,1,1][1,1,0,0,1,1] is case 3 1
Rearranged pattern to match case 3 layout: 
[2 , 2 , 2 , 2 , 0 , 0 ]
[2 , 2 , 2 , 2 , 0 , 0 ]
[2 , 2 , 3 , 3 , 0 , 0 ]
[2 , 2 , 3 , 3 , 0 , 0 ]
[0 , 0 , 1 , 1 , 1 , 1 ]
[0 , 0 , 1 , 1 , 1 , 1 ]
Pattern 645:[0,0,2,2,2,2][0,0,2,2,2,2][0,0,2,2,3,3][0,0,2,2,3,3][1,1,0,1,0,1][1,1,0,1,0,1] is case 3 1
Rearranged pattern to match case 3 layout: 
[2 , 2 , 2 , 2 , 0 , 0 ]
[2 , 2 , 2 , 2 , 0 , 0 ]
[2 , 2 , 3 , 3 , 0 , 0 ]
[2 , 2 , 3 , 3 , 0 , 0 ]
[0 , 1 , 0 , 1 , 1 , 1 ]
[0 , 1 , 0 , 1 , 1 , 1 ]
Pattern 646:[0,0,2,2,2,2][0,0,2,2,2,2][0,0,2,2,3,3][0,0,2,2,3,3][1,1,1,1,0,0][1,1,1,1,0,0] is case 3 1
Rearranged pattern to match case 3 layout: 
[2 , 2 , 2 , 2 , 0 , 0 ]
[2 , 2 , 2 , 2 , 0 , 0 ]
[2 , 2 , 3 , 3 , 0 , 0 ]
[2 , 2 , 3 , 3 , 0 , 0 ]
[1 , 1 , 0 , 0 , 1 , 1 ]
[1 , 1 , 0 , 0 , 1 , 1 ]
Pattern 647:[0,0,2,2,2,2][0,0,2,2,2,2][0,0,3,3,3,3][0,0,3,3,3,3][1,1,0,0,0,0][1,1,0,0,0,0] is case 3 1
Rearranged pattern to match case 3 layout: 
[2 , 2 , 2 , 2 , 0 , 0 ]
[2 , 2 , 2 , 2 , 0 , 0 ]
[3 , 3 , 3 , 3 , 0 , 0 ]
[3 , 3 , 3 , 3 , 0 , 0 ]
[0 , 0 , 0 , 0 , 1 , 1 ]
[0 , 0 , 0 , 0 , 1 , 1 ]
Pattern 648:[0,0,2,2,2,2][0,0,2,2,2,2][0,0,3,3,3,3][0,0,3,3,3,3][1,1,0,0,1,1][1,1,0,0,1,1] is case 3 1
Rearranged pattern to match case 3 layout: 
[2 , 2 , 2 , 2 , 0 , 0 ]
[2 , 2 , 2 , 2 , 0 , 0 ]
[3 , 3 , 3 , 3 , 0 , 0 ]
[3 , 3 , 3 , 3 , 0 , 0 ]
[0 , 0 , 1 , 1 , 1 , 1 ]
[0 , 0 , 1 , 1 , 1 , 1 ]
Pattern 653:[0,0,2,2,2,2][0,0,2,2,2,2][1,1,0,0,0,0][1,1,0,0,0,0][1,1,3,3,3,3][1,1,3,3,3,3] is case 3 1
Rearranged pattern to match case 3 layout: 
[2 , 2 , 2 , 2 , 0 , 0 ]
[2 , 2 , 2 , 2 , 0 , 0 ]
[3 , 3 , 3 , 3 , 1 , 1 ]
[3 , 3 , 3 , 3 , 1 , 1 ]
[0 , 0 , 0 , 0 , 1 , 1 ]
[0 , 0 , 0 , 0 , 1 , 1 ]
Pattern 655:[0,0,2,2,2,2][0,0,2,2,2,2][1,1,0,0,1,1][1,1,0,0,1,1][1,1,2,2,3,3][1,1,2,2,3,3] is case 3 but not a subcase we are looking for-1
Rearranged pattern: 
[2 , 2 , 2 , 2 , 0 , 0 ]
[2 , 2 , 2 , 2 , 0 , 0 ]
[2 , 2 , 3 , 3 , 1 , 1 ]
[2 , 2 , 3 , 3 , 1 , 1 ]
[0 , 0 , 1 , 1 , 1 , 1 ]
[0 , 0 , 1 , 1 , 1 , 1 ]
Pattern 656:[0,0,2,2,2,2][0,0,2,2,2,2][1,1,0,0,1,1][1,1,0,0,1,1][1,1,3,3,2,2][1,1,3,3,2,2] is case 3 but not a subcase we are looking for-1
Rearranged pattern: 
[2 , 2 , 2 , 2 , 0 , 0 ]
[2 , 2 , 2 , 2 , 0 , 0 ]
[3 , 3 , 2 , 2 , 1 , 1 ]
[3 , 3 , 2 , 2 , 1 , 1 ]
[0 , 0 , 1 , 1 , 1 , 1 ]
[0 , 0 , 1 , 1 , 1 , 1 ]
Pattern 678:[0,0,2,2,2,2][0,0,2,2,3,3][0,0,2,3,2,3][0,0,2,3,3,2][1,1,0,0,0,0][1,1,0,0,0,0] is case 3 1
Rearranged pattern to match case 3 layout: 
[2 , 2 , 2 , 2 , 0 , 0 ]
[2 , 2 , 3 , 3 , 0 , 0 ]
[2 , 3 , 2 , 3 , 0 , 0 ]
[2 , 3 , 3 , 2 , 0 , 0 ]
[0 , 0 , 0 , 0 , 1 , 1 ]
[0 , 0 , 0 , 0 , 1 , 1 ]
Pattern 679:[0,0,2,2,2,2][0,0,2,2,3,3][0,0,2,3,2,3][0,0,2,3,3,2][1,1,0,0,1,1][1,1,0,0,1,1] is case 3 1
Rearranged pattern to match case 3 layout: 
[2 , 2 , 2 , 2 , 0 , 0 ]
[2 , 2 , 3 , 3 , 0 , 0 ]
[2 , 3 , 2 , 3 , 0 , 0 ]
[2 , 3 , 3 , 2 , 0 , 0 ]
[0 , 0 , 1 , 1 , 1 , 1 ]
[0 , 0 , 1 , 1 , 1 , 1 ]
Pattern 680:[0,0,2,2,2,2][0,0,2,2,3,3][0,0,2,3,2,3][0,0,2,3,3,2][1,1,1,0,0,1][1,1,1,0,0,1] is case 3 1
Rearranged pattern to match case 3 layout: 
[2 , 2 , 2 , 2 , 0 , 0 ]
[2 , 2 , 3 , 3 , 0 , 0 ]
[2 , 3 , 2 , 3 , 0 , 0 ]
[2 , 3 , 3 , 2 , 0 , 0 ]
[1 , 0 , 0 , 1 , 1 , 1 ]
[1 , 0 , 0 , 1 , 1 , 1 ]
Pattern 681:[0,0,2,2,2,2][0,0,2,2,3,3][0,0,3,3,2,2][0,0,3,3,3,3][1,1,0,0,0,0][1,1,0,0,0,0] is case 3 1
Rearranged pattern to match case 3 layout: 
[2 , 2 , 2 , 2 , 0 , 0 ]
[2 , 2 , 3 , 3 , 0 , 0 ]
[3 , 3 , 2 , 2 , 0 , 0 ]
[3 , 3 , 3 , 3 , 0 , 0 ]
[0 , 0 , 0 , 0 , 1 , 1 ]
[0 , 0 , 0 , 0 , 1 , 1 ]
Pattern 682:[0,0,2,2,2,2][0,0,2,2,3,3][0,0,3,3,2,2][0,0,3,3,3,3][1,1,0,0,1,1][1,1,0,0,1,1] is case 3 1
Rearranged pattern to match case 3 layout: 
[2 , 2 , 2 , 2 , 0 , 0 ]
[2 , 2 , 3 , 3 , 0 , 0 ]
[3 , 3 , 2 , 2 , 0 , 0 ]
[3 , 3 , 3 , 3 , 0 , 0 ]
[0 , 0 , 1 , 1 , 1 , 1 ]
[0 , 0 , 1 , 1 , 1 , 1 ]
Pattern 683:[0,0,2,2,2,2][0,0,2,2,3,3][0,0,3,3,2,2][0,0,3,3,3,3][1,1,0,1,0,1][1,1,0,1,0,1] is case 3 1
Rearranged pattern to match case 3 layout: 
[2 , 2 , 2 , 2 , 0 , 0 ]
[2 , 2 , 3 , 3 , 0 , 0 ]
[3 , 3 , 2 , 2 , 0 , 0 ]
[3 , 3 , 3 , 3 , 0 , 0 ]
[0 , 1 , 0 , 1 , 1 , 1 ]
[0 , 1 , 0 , 1 , 1 , 1 ]
Pattern 684:[0,0,2,2,2,2][0,0,2,2,3,3][1,1,0,0,0,0][1,1,0,0,0,0][1,1,3,3,2,2][1,1,3,3,3,3] is case 3 1
Rearranged pattern to match case 3 layout: 
[2 , 2 , 2 , 2 , 0 , 0 ]
[2 , 2 , 3 , 3 , 0 , 0 ]
[3 , 3 , 2 , 2 , 1 , 1 ]
[3 , 3 , 3 , 3 , 1 , 1 ]
[0 , 0 , 0 , 0 , 1 , 1 ]
[0 , 0 , 0 , 0 , 1 , 1 ]
Pattern 685:[0,0,2,2,2,2][0,0,3,3,3,3][1,1,0,0,0,0][1,1,0,0,0,0][1,1,2,2,2,2][1,1,3,3,3,3] is case 3 1
Rearranged pattern to match case 3 layout: 
[2 , 2 , 2 , 2 , 0 , 0 ]
[3 , 3 , 3 , 3 , 0 , 0 ]
[2 , 2 , 2 , 2 , 1 , 1 ]
[3 , 3 , 3 , 3 , 1 , 1 ]
[0 , 0 , 0 , 0 , 1 , 1 ]
[0 , 0 , 0 , 0 , 1 , 1 ]
Pattern 686:[0,0,2,2,2,2][0,0,3,3,3,3][1,1,0,0,0,0][1,1,0,0,0,0][1,1,2,2,3,3][1,1,3,3,2,2] is case 3 1
Rearranged pattern to match case 3 layout: 
[2 , 2 , 2 , 2 , 0 , 0 ]
[3 , 3 , 3 , 3 , 0 , 0 ]
[2 , 2 , 3 , 3 , 1 , 1 ]
[3 , 3 , 2 , 2 , 1 , 1 ]
[0 , 0 , 0 , 0 , 1 , 1 ]
[0 , 0 , 0 , 0 , 1 , 1 ]
Pattern 687:[0,0,2,2,2,2][0,0,3,3,3,3][1,1,0,0,1,1][1,1,0,0,1,1][1,1,2,2,3,3][1,1,3,3,2,2] is case 3 but not a subcase we are looking for-1
Rearranged pattern: 
[2 , 2 , 2 , 2 , 0 , 0 ]
[3 , 3 , 3 , 3 , 0 , 0 ]
[2 , 2 , 3 , 3 , 1 , 1 ]
[3 , 3 , 2 , 2 , 1 , 1 ]
[0 , 0 , 1 , 1 , 1 , 1 ]
[0 , 0 , 1 , 1 , 1 , 1 ]
Pattern 699:[0,0,2,2,3,3][0,0,2,2,3,3][0,0,2,3,2,3][0,0,2,3,2,3][1,1,1,0,0,1][1,1,1,0,0,1] is case 3 1
Rearranged pattern to match case 3 layout: 
[2 , 2 , 3 , 3 , 0 , 0 ]
[2 , 2 , 3 , 3 , 0 , 0 ]
[2 , 3 , 2 , 3 , 0 , 0 ]
[2 , 3 , 2 , 3 , 0 , 0 ]
[1 , 0 , 0 , 1 , 1 , 1 ]
[1 , 0 , 0 , 1 , 1 , 1 ]
Pattern 700:[0,0,2,2,3,3][0,0,2,2,3,3][0,0,3,3,2,2][0,0,3,3,2,2][1,1,0,0,0,0][1,1,0,0,0,0] is case 3 1
Rearranged pattern to match case 3 layout: 
[2 , 2 , 3 , 3 , 0 , 0 ]
[2 , 2 , 3 , 3 , 0 , 0 ]
[3 , 3 , 2 , 2 , 0 , 0 ]
[3 , 3 , 2 , 2 , 0 , 0 ]
[0 , 0 , 0 , 0 , 1 , 1 ]
[0 , 0 , 0 , 0 , 1 , 1 ]
Pattern 701:[0,0,2,2,3,3][0,0,2,2,3,3][0,0,3,3,2,2][0,0,3,3,2,2][1,1,0,0,1,1][1,1,0,0,1,1] is case 3 1
Rearranged pattern to match case 3 layout: 
[2 , 2 , 3 , 3 , 0 , 0 ]
[2 , 2 , 3 , 3 , 0 , 0 ]
[3 , 3 , 2 , 2 , 0 , 0 ]
[3 , 3 , 2 , 2 , 0 , 0 ]
[0 , 0 , 1 , 1 , 1 , 1 ]
[0 , 0 , 1 , 1 , 1 , 1 ]
Pattern 702:[0,0,2,2,3,3][0,0,2,2,3,3][0,0,3,3,2,2][0,0,3,3,2,2][1,1,0,1,0,1][1,1,0,1,0,1] is case 3 1
Rearranged pattern to match case 3 layout: 
[2 , 2 , 3 , 3 , 0 , 0 ]
[2 , 2 , 3 , 3 , 0 , 0 ]
[3 , 3 , 2 , 2 , 0 , 0 ]
[3 , 3 , 2 , 2 , 0 , 0 ]
[0 , 1 , 0 , 1 , 1 , 1 ]
[0 , 1 , 0 , 1 , 1 , 1 ]
Pattern 707:[0,0,2,2,3,3][0,0,2,2,3,3][1,1,0,0,1,1][1,1,0,0,1,1][1,1,3,3,3,3][1,1,3,3,3,3] is case 3 but not a subcase we are looking for-1
Rearranged pattern: 
[2 , 2 , 3 , 3 , 0 , 0 ]
[2 , 2 , 3 , 3 , 0 , 0 ]
[3 , 3 , 3 , 3 , 1 , 1 ]
[3 , 3 , 3 , 3 , 1 , 1 ]
[0 , 0 , 1 , 1 , 1 , 1 ]
[0 , 0 , 1 , 1 , 1 , 1 ]
Pattern 709:[0,0,2,2,3,3][0,0,2,2,3,3][1,1,0,1,0,1][1,1,0,1,0,1][1,1,3,2,2,3][1,1,3,2,2,3] is case 3 but not a subcase we are looking for-1
Rearranged pattern: 
[2 , 2 , 3 , 3 , 0 , 0 ]
[2 , 2 , 3 , 3 , 0 , 0 ]
[3 , 2 , 2 , 3 , 1 , 1 ]
[3 , 2 , 2 , 3 , 1 , 1 ]
[0 , 1 , 0 , 1 , 1 , 1 ]
[0 , 1 , 0 , 1 , 1 , 1 ]
Pattern 732:[0,0,2,2,3,3][0,0,2,3,2,3][0,0,3,2,3,2][0,0,3,3,2,2][1,1,0,0,0,0][1,1,0,0,0,0] is case 3 1
Rearranged pattern to match case 3 layout: 
[2 , 2 , 3 , 3 , 0 , 0 ]
[2 , 3 , 2 , 3 , 0 , 0 ]
[3 , 2 , 3 , 2 , 0 , 0 ]
[3 , 3 , 2 , 2 , 0 , 0 ]
[0 , 0 , 0 , 0 , 1 , 1 ]
[0 , 0 , 0 , 0 , 1 , 1 ]
Pattern 733:[0,0,2,2,3,3][0,0,2,3,2,3][0,0,3,2,3,2][0,0,3,3,2,2][1,1,0,0,1,1][1,1,0,0,1,1] is case 3 1
Rearranged pattern to match case 3 layout: 
[2 , 2 , 3 , 3 , 0 , 0 ]
[2 , 3 , 2 , 3 , 0 , 0 ]
[3 , 2 , 3 , 2 , 0 , 0 ]
[3 , 3 , 2 , 2 , 0 , 0 ]
[0 , 0 , 1 , 1 , 1 , 1 ]
[0 , 0 , 1 , 1 , 1 , 1 ]
Pattern 734:[0,0,2,2,3,3][0,0,2,3,2,3][0,0,3,2,3,2][0,0,3,3,2,2][1,1,0,1,1,0][1,1,0,1,1,0] is case 3 1
Rearranged pattern to match case 3 layout: 
[2 , 2 , 3 , 3 , 0 , 0 ]
[2 , 3 , 2 , 3 , 0 , 0 ]
[3 , 2 , 3 , 2 , 0 , 0 ]
[3 , 3 , 2 , 2 , 0 , 0 ]
[0 , 1 , 1 , 0 , 1 , 1 ]
[0 , 1 , 1 , 0 , 1 , 1 ]
Pattern 737:[0,0,2,2,3,3][0,0,3,3,2,2][1,1,0,1,0,1][1,1,0,1,0,1][1,1,2,3,3,2][1,1,3,2,2,3] is case 3 but not a subcase we are looking for-1
Rearranged pattern: 
[2 , 2 , 3 , 3 , 0 , 0 ]
[3 , 3 , 2 , 2 , 0 , 0 ]
[2 , 3 , 3 , 2 , 1 , 1 ]
[3 , 2 , 2 , 3 , 1 , 1 ]
[0 , 1 , 0 , 1 , 1 , 1 ]
[0 , 1 , 0 , 1 , 1 , 1 ]
Pattern 765:[1,1,1,1,1,1][1,1,1,1,1,1][1,1,2,2,2,2][1,1,2,2,2,2][1,1,2,2,2,2][1,1,2,2,2,2] is case 3 but not a subcase we are looking for-1
Rearranged pattern: 
[2 , 2 , 2 , 2 , 1 , 1 ]
[2 , 2 , 2 , 2 , 1 , 1 ]
[2 , 2 , 2 , 2 , 1 , 1 ]
[2 , 2 , 2 , 2 , 1 , 1 ]
[1 , 1 , 1 , 1 , 1 , 1 ]
[1 , 1 , 1 , 1 , 1 , 1 ]
Pattern 766:[1,1,1,1,1,1][1,1,1,1,1,1][1,1,2,2,2,2][1,1,2,2,2,2][1,1,2,2,3,3][1,1,2,2,3,3] is case 3 but not a subcase we are looking for-1
Rearranged pattern: 
[2 , 2 , 2 , 2 , 1 , 1 ]
[2 , 2 , 2 , 2 , 1 , 1 ]
[2 , 2 , 3 , 3 , 1 , 1 ]
[2 , 2 , 3 , 3 , 1 , 1 ]
[1 , 1 , 1 , 1 , 1 , 1 ]
[1 , 1 , 1 , 1 , 1 , 1 ]
Pattern 767:[1,1,1,1,1,1][1,1,1,1,1,1][1,1,2,2,2,2][1,1,2,2,2,2][1,1,3,3,3,3][1,1,3,3,3,3] is case 3 but not a subcase we are looking for-1
Rearranged pattern: 
[2 , 2 , 2 , 2 , 1 , 1 ]
[2 , 2 , 2 , 2 , 1 , 1 ]
[3 , 3 , 3 , 3 , 1 , 1 ]
[3 , 3 , 3 , 3 , 1 , 1 ]
[1 , 1 , 1 , 1 , 1 , 1 ]
[1 , 1 , 1 , 1 , 1 , 1 ]
Pattern 768:[1,1,1,1,1,1][1,1,1,1,1,1][1,1,2,2,2,2][1,1,2,2,3,3][1,1,2,3,2,3][1,1,2,3,3,2] is case 3 but not a subcase we are looking for-1
Rearranged pattern: 
[2 , 2 , 2 , 2 , 1 , 1 ]
[2 , 2 , 3 , 3 , 1 , 1 ]
[2 , 3 , 2 , 3 , 1 , 1 ]
[2 , 3 , 3 , 2 , 1 , 1 ]
[1 , 1 , 1 , 1 , 1 , 1 ]
[1 , 1 , 1 , 1 , 1 , 1 ]
Pattern 769:[1,1,1,1,1,1][1,1,1,1,1,1][1,1,2,2,2,2][1,1,2,2,3,3][1,1,3,3,2,2][1,1,3,3,3,3] is case 3 but not a subcase we are looking for-1
Rearranged pattern: 
[2 , 2 , 2 , 2 , 1 , 1 ]
[2 , 2 , 3 , 3 , 1 , 1 ]
[3 , 3 , 2 , 2 , 1 , 1 ]
[3 , 3 , 3 , 3 , 1 , 1 ]
[1 , 1 , 1 , 1 , 1 , 1 ]
[1 , 1 , 1 , 1 , 1 , 1 ]
Pattern 770:[1,1,1,1,1,1][1,1,1,1,1,1][1,1,2,2,3,3][1,1,2,2,3,3][1,1,3,3,2,2][1,1,3,3,2,2] is case 3 but not a subcase we are looking for-1
Rearranged pattern: 
[2 , 2 , 3 , 3 , 1 , 1 ]
[2 , 2 , 3 , 3 , 1 , 1 ]
[3 , 3 , 2 , 2 , 1 , 1 ]
[3 , 3 , 2 , 2 , 1 , 1 ]
[1 , 1 , 1 , 1 , 1 , 1 ]
[1 , 1 , 1 , 1 , 1 , 1 ]
Pattern 771:[1,1,1,1,1,1][1,1,1,1,1,1][1,1,2,2,3,3][1,1,2,3,2,3][1,1,3,2,3,2][1,1,3,3,2,2] is case 3 but not a subcase we are looking for-1
Rearranged pattern: 
[2 , 2 , 3 , 3 , 1 , 1 ]
[2 , 3 , 2 , 3 , 1 , 1 ]
[3 , 2 , 3 , 2 , 1 , 1 ]
[3 , 3 , 2 , 2 , 1 , 1 ]
[1 , 1 , 1 , 1 , 1 , 1 ]
[1 , 1 , 1 , 1 , 1 , 1 ]
