Pattern 51:[0,0,0,0,0,0][0,0,0,0,0,0][0,0,2,2,2,2][0,0,2,2,2,2][0,0,2,2,2,2][0,0,2,2,2,2] is case 3 but not a subcase we are looking for-1
Rearranged pattern: 
[2 , 2 , 2 , 2 , 0 , 0 ]
[2 , 2 , 2 , 2 , 0 , 0 ]
[2 , 2 , 2 , 2 , 0 , 0 ]
[2 , 2 , 2 , 2 , 0 , 0 ]
[0 , 0 , 0 , 0 , 0 , 0 ]
[0 , 0 , 0 , 0 , 0 , 0 ]
Pattern 52:[0,0,0,0,0,0][0,0,0,0,0,0][0,0,2,2,2,2][0,0,2,2,2,2][0,0,2,2,3,3][0,0,2,2,3,3] is case 3 but not a subcase we are looking for-1
Rearranged pattern: 
[2 , 2 , 2 , 2 , 0 , 0 ]
[2 , 2 , 2 , 2 , 0 , 0 ]
[2 , 2 , 3 , 3 , 0 , 0 ]
[2 , 2 , 3 , 3 , 0 , 0 ]
[0 , 0 , 0 , 0 , 0 , 0 ]
[0 , 0 , 0 , 0 , 0 , 0 ]
Pattern 53:[0,0,0,0,0,0][0,0,0,0,0,0][0,0,2,2,2,2][0,0,2,2,2,2][0,0,3,3,3,3][0,0,3,3,3,3] is case 3 but not a subcase we are looking for-1
Rearranged pattern: 
[2 , 2 , 2 , 2 , 0 , 0 ]
[2 , 2 , 2 , 2 , 0 , 0 ]
[3 , 3 , 3 , 3 , 0 , 0 ]
[3 , 3 , 3 , 3 , 0 , 0 ]
[0 , 0 , 0 , 0 , 0 , 0 ]
[0 , 0 , 0 , 0 , 0 , 0 ]
Pattern 56:[0,0,0,0,0,0][0,0,0,0,0,0][0,0,2,2,2,2][0,0,2,2,2,2][1,1,2,2,2,2][1,1,2,2,2,2] is case 3 but not a subcase we are looking for-1
Rearranged pattern: 
[2 , 2 , 2 , 2 , 0 , 0 ]
[2 , 2 , 2 , 2 , 0 , 0 ]
[2 , 2 , 2 , 2 , 1 , 1 ]
[2 , 2 , 2 , 2 , 1 , 1 ]
[0 , 0 , 0 , 0 , 0 , 0 ]
[0 , 0 , 0 , 0 , 0 , 0 ]
Pattern 57:[0,0,0,0,0,0][0,0,0,0,0,0][0,0,2,2,2,2][0,0,2,2,2,2][1,1,2,2,3,3][1,1,2,2,3,3] is case 3 but not a subcase we are looking for-1
Rearranged pattern: 
[2 , 2 , 2 , 2 , 0 , 0 ]
[2 , 2 , 2 , 2 , 0 , 0 ]
[2 , 2 , 3 , 3 , 1 , 1 ]
[2 , 2 , 3 , 3 , 1 , 1 ]
[0 , 0 , 0 , 0 , 0 , 0 ]
[0 , 0 , 0 , 0 , 0 , 0 ]
Pattern 58:[0,0,0,0,0,0][0,0,0,0,0,0][0,0,2,2,2,2][0,0,2,2,2,2][1,1,3,3,3,3][1,1,3,3,3,3] is case 3 but not a subcase we are looking for-1
Rearranged pattern: 
[2 , 2 , 2 , 2 , 0 , 0 ]
[2 , 2 , 2 , 2 , 0 , 0 ]
[3 , 3 , 3 , 3 , 1 , 1 ]
[3 , 3 , 3 , 3 , 1 , 1 ]
[0 , 0 , 0 , 0 , 0 , 0 ]
[0 , 0 , 0 , 0 , 0 , 0 ]
Pattern 59:[0,0,0,0,0,0][0,0,0,0,0,0][0,0,2,2,2,2][0,0,2,2,3,3][0,0,2,3,2,3][0,0,2,3,3,2] is case 3 but not a subcase we are looking for-1
Rearranged pattern: 
[2 , 2 , 2 , 2 , 0 , 0 ]
[2 , 2 , 3 , 3 , 0 , 0 ]
[2 , 3 , 2 , 3 , 0 , 0 ]
[2 , 3 , 3 , 2 , 0 , 0 ]
[0 , 0 , 0 , 0 , 0 , 0 ]
[0 , 0 , 0 , 0 , 0 , 0 ]
Pattern 60:[0,0,0,0,0,0][0,0,0,0,0,0][0,0,2,2,2,2][0,0,2,2,3,3][0,0,3,3,2,2][0,0,3,3,3,3] is case 3 but not a subcase we are looking for-1
Rearranged pattern: 
[2 , 2 , 2 , 2 , 0 , 0 ]
[2 , 2 , 3 , 3 , 0 , 0 ]
[3 , 3 , 2 , 2 , 0 , 0 ]
[3 , 3 , 3 , 3 , 0 , 0 ]
[0 , 0 , 0 , 0 , 0 , 0 ]
[0 , 0 , 0 , 0 , 0 , 0 ]
Pattern 63:[0,0,0,0,0,0][0,0,0,0,0,0][0,0,2,2,2,2][0,0,2,2,3,3][1,1,2,2,2,2][1,1,2,2,3,3] is case 3 but not a subcase we are looking for-1
Rearranged pattern: 
[2 , 2 , 2 , 2 , 0 , 0 ]
[2 , 2 , 3 , 3 , 0 , 0 ]
[2 , 2 , 2 , 2 , 1 , 1 ]
[2 , 2 , 3 , 3 , 1 , 1 ]
[0 , 0 , 0 , 0 , 0 , 0 ]
[0 , 0 , 0 , 0 , 0 , 0 ]
Pattern 64:[0,0,0,0,0,0][0,0,0,0,0,0][0,0,2,2,2,2][0,0,2,2,3,3][1,1,2,3,2,3][1,1,2,3,3,2] is case 3 but not a subcase we are looking for-1
Rearranged pattern: 
[2 , 2 , 2 , 2 , 0 , 0 ]
[2 , 2 , 3 , 3 , 0 , 0 ]
[2 , 3 , 2 , 3 , 1 , 1 ]
[2 , 3 , 3 , 2 , 1 , 1 ]
[0 , 0 , 0 , 0 , 0 , 0 ]
[0 , 0 , 0 , 0 , 0 , 0 ]
Pattern 65:[0,0,0,0,0,0][0,0,0,0,0,0][0,0,2,2,2,2][0,0,2,2,3,3][1,1,3,3,2,2][1,1,3,3,3,3] is case 3 but not a subcase we are looking for-1
Rearranged pattern: 
[2 , 2 , 2 , 2 , 0 , 0 ]
[2 , 2 , 3 , 3 , 0 , 0 ]
[3 , 3 , 2 , 2 , 1 , 1 ]
[3 , 3 , 3 , 3 , 1 , 1 ]
[0 , 0 , 0 , 0 , 0 , 0 ]
[0 , 0 , 0 , 0 , 0 , 0 ]
Pattern 66:[0,0,0,0,0,0][0,0,0,0,0,0][0,0,2,2,2,2][0,0,3,3,3,3][1,1,2,2,2,2][1,1,3,3,3,3] is case 3 but not a subcase we are looking for-1
Rearranged pattern: 
[2 , 2 , 2 , 2 , 0 , 0 ]
[3 , 3 , 3 , 3 , 0 , 0 ]
[2 , 2 , 2 , 2 , 1 , 1 ]
[3 , 3 , 3 , 3 , 1 , 1 ]
[0 , 0 , 0 , 0 , 0 , 0 ]
[0 , 0 , 0 , 0 , 0 , 0 ]
Pattern 67:[0,0,0,0,0,0][0,0,0,0,0,0][0,0,2,2,2,2][0,0,3,3,3,3][1,1,2,2,3,3][1,1,3,3,2,2] is case 3 but not a subcase we are looking for-1
Rearranged pattern: 
[2 , 2 , 2 , 2 , 0 , 0 ]
[3 , 3 , 3 , 3 , 0 , 0 ]
[2 , 2 , 3 , 3 , 1 , 1 ]
[3 , 3 , 2 , 2 , 1 , 1 ]
[0 , 0 , 0 , 0 , 0 , 0 ]
[0 , 0 , 0 , 0 , 0 , 0 ]
Pattern 70:[0,0,0,0,0,0][0,0,0,0,0,0][0,0,2,2,3,3][0,0,2,2,3,3][0,0,3,3,2,2][0,0,3,3,2,2] is case 3 but not a subcase we are looking for-1
Rearranged pattern: 
[2 , 2 , 3 , 3 , 0 , 0 ]
[2 , 2 , 3 , 3 , 0 , 0 ]
[3 , 3 , 2 , 2 , 0 , 0 ]
[3 , 3 , 2 , 2 , 0 , 0 ]
[0 , 0 , 0 , 0 , 0 , 0 ]
[0 , 0 , 0 , 0 , 0 , 0 ]
Pattern 74:[0,0,0,0,0,0][0,0,0,0,0,0][0,0,2,2,3,3][0,0,2,2,3,3][1,1,2,2,2,2][1,1,2,2,2,2] is case 3 but not a subcase we are looking for-1
Rearranged pattern: 
[2 , 2 , 3 , 3 , 0 , 0 ]
[2 , 2 , 3 , 3 , 0 , 0 ]
[2 , 2 , 2 , 2 , 1 , 1 ]
[2 , 2 , 2 , 2 , 1 , 1 ]
[0 , 0 , 0 , 0 , 0 , 0 ]
[0 , 0 , 0 , 0 , 0 , 0 ]
Pattern 75:[0,0,0,0,0,0][0,0,0,0,0,0][0,0,2,2,3,3][0,0,2,2,3,3][1,1,2,2,3,3][1,1,2,2,3,3] is case 3 but not a subcase we are looking for-1
Rearranged pattern: 
[2 , 2 , 3 , 3 , 0 , 0 ]
[2 , 2 , 3 , 3 , 0 , 0 ]
[2 , 2 , 3 , 3 , 1 , 1 ]
[2 , 2 , 3 , 3 , 1 , 1 ]
[0 , 0 , 0 , 0 , 0 , 0 ]
[0 , 0 , 0 , 0 , 0 , 0 ]
Pattern 76:[0,0,0,0,0,0][0,0,0,0,0,0][0,0,2,2,3,3][0,0,2,2,3,3][1,1,2,3,2,3][1,1,2,3,2,3] is case 3 but not a subcase we are looking for-1
Rearranged pattern: 
[2 , 2 , 3 , 3 , 0 , 0 ]
[2 , 2 , 3 , 3 , 0 , 0 ]
[2 , 3 , 2 , 3 , 1 , 1 ]
[2 , 3 , 2 , 3 , 1 , 1 ]
[0 , 0 , 0 , 0 , 0 , 0 ]
[0 , 0 , 0 , 0 , 0 , 0 ]
Pattern 77:[0,0,0,0,0,0][0,0,0,0,0,0][0,0,2,2,3,3][0,0,2,2,3,3][1,1,3,3,2,2][1,1,3,3,2,2] is case 3 but not a subcase we are looking for-1
Rearranged pattern: 
[2 , 2 , 3 , 3 , 0 , 0 ]
[2 , 2 , 3 , 3 , 0 , 0 ]
[3 , 3 , 2 , 2 , 1 , 1 ]
[3 , 3 , 2 , 2 , 1 , 1 ]
[0 , 0 , 0 , 0 , 0 , 0 ]
[0 , 0 , 0 , 0 , 0 , 0 ]
Pattern 78:[0,0,0,0,0,0][0,0,0,0,0,0][0,0,2,2,3,3][0,0,2,3,2,3][0,0,3,2,3,2][0,0,3,3,2,2] is case 3 but not a subcase we are looking for-1
Rearranged pattern: 
[2 , 2 , 3 , 3 , 0 , 0 ]
[2 , 3 , 2 , 3 , 0 , 0 ]
[3 , 2 , 3 , 2 , 0 , 0 ]
[3 , 3 , 2 , 2 , 0 , 0 ]
[0 , 0 , 0 , 0 , 0 , 0 ]
[0 , 0 , 0 , 0 , 0 , 0 ]
Pattern 81:[0,0,0,0,0,0][0,0,0,0,0,0][0,0,2,2,3,3][0,0,2,3,2,3][1,1,2,2,2,2][1,1,2,3,3,2] is case 3 but not a subcase we are looking for-1
Rearranged pattern: 
[2 , 2 , 3 , 3 , 0 , 0 ]
[2 , 3 , 2 , 3 , 0 , 0 ]
[2 , 2 , 2 , 2 , 1 , 1 ]
[2 , 3 , 3 , 2 , 1 , 1 ]
[0 , 0 , 0 , 0 , 0 , 0 ]
[0 , 0 , 0 , 0 , 0 , 0 ]
Pattern 82:[0,0,0,0,0,0][0,0,0,0,0,0][0,0,2,2,3,3][0,0,2,3,2,3][1,1,2,2,3,3][1,1,2,3,2,3] is case 3 but not a subcase we are looking for-1
Rearranged pattern: 
[2 , 2 , 3 , 3 , 0 , 0 ]
[2 , 3 , 2 , 3 , 0 , 0 ]
[2 , 2 , 3 , 3 , 1 , 1 ]
[2 , 3 , 2 , 3 , 1 , 1 ]
[0 , 0 , 0 , 0 , 0 , 0 ]
[0 , 0 , 0 , 0 , 0 , 0 ]
Pattern 83:[0,0,0,0,0,0][0,0,0,0,0,0][0,0,2,2,3,3][0,0,2,3,2,3][1,1,3,2,3,2][1,1,3,3,2,2] is case 3 but not a subcase we are looking for-1
Rearranged pattern: 
[2 , 2 , 3 , 3 , 0 , 0 ]
[2 , 3 , 2 , 3 , 0 , 0 ]
[3 , 2 , 3 , 2 , 1 , 1 ]
[3 , 3 , 2 , 2 , 1 , 1 ]
[0 , 0 , 0 , 0 , 0 , 0 ]
[0 , 0 , 0 , 0 , 0 , 0 ]
Pattern 84:[0,0,0,0,0,0][0,0,0,0,0,0][0,0,2,2,3,3][0,0,3,3,2,2][1,1,2,2,2,2][1,1,3,3,3,3] is case 3 but not a subcase we are looking for-1
Rearranged pattern: 
[2 , 2 , 3 , 3 , 0 , 0 ]
[3 , 3 , 2 , 2 , 0 , 0 ]
[2 , 2 , 2 , 2 , 1 , 1 ]
[3 , 3 , 3 , 3 , 1 , 1 ]
[0 , 0 , 0 , 0 , 0 , 0 ]
[0 , 0 , 0 , 0 , 0 , 0 ]
Pattern 85:[0,0,0,0,0,0][0,0,0,0,0,0][0,0,2,2,3,3][0,0,3,3,2,2][1,1,2,2,3,3][1,1,3,3,2,2] is case 3 but not a subcase we are looking for-1
Rearranged pattern: 
[2 , 2 , 3 , 3 , 0 , 0 ]
[3 , 3 , 2 , 2 , 0 , 0 ]
[2 , 2 , 3 , 3 , 1 , 1 ]
[3 , 3 , 2 , 2 , 1 , 1 ]
[0 , 0 , 0 , 0 , 0 , 0 ]
[0 , 0 , 0 , 0 , 0 , 0 ]
Pattern 86:[0,0,0,0,0,0][0,0,0,0,0,0][0,0,2,2,3,3][0,0,3,3,2,2][1,1,2,3,2,3][1,1,3,2,3,2] is case 3 but not a subcase we are looking for-1
Rearranged pattern: 
[2 , 2 , 3 , 3 , 0 , 0 ]
[3 , 3 , 2 , 2 , 0 , 0 ]
[2 , 3 , 2 , 3 , 1 , 1 ]
[3 , 2 , 3 , 2 , 1 , 1 ]
[0 , 0 , 0 , 0 , 0 , 0 ]
[0 , 0 , 0 , 0 , 0 , 0 ]
Pattern 103:[0,0,0,0,0,0][0,0,0,0,0,0][1,1,2,2,2,2][1,1,2,2,2,2][1,1,2,2,2,2][1,1,2,2,2,2] is case 3 2
Rearranged pattern to match case 3 layout: 
[2 , 2 , 2 , 2 , 1 , 1 ]
[2 , 2 , 2 , 2 , 1 , 1 ]
[2 , 2 , 2 , 2 , 1 , 1 ]
[2 , 2 , 2 , 2 , 1 , 1 ]
[0 , 0 , 0 , 0 , 0 , 0 ]
[0 , 0 , 0 , 0 , 0 , 0 ]
Pattern 104:[0,0,0,0,0,0][0,0,0,0,0,0][1,1,2,2,2,2][1,1,2,2,2,2][1,1,2,2,3,3][1,1,2,2,3,3] is case 3 2
Rearranged pattern to match case 3 layout: 
[2 , 2 , 2 , 2 , 1 , 1 ]
[2 , 2 , 2 , 2 , 1 , 1 ]
[2 , 2 , 3 , 3 , 1 , 1 ]
[2 , 2 , 3 , 3 , 1 , 1 ]
[0 , 0 , 0 , 0 , 0 , 0 ]
[0 , 0 , 0 , 0 , 0 , 0 ]
Pattern 105:[0,0,0,0,0,0][0,0,0,0,0,0][1,1,2,2,2,2][1,1,2,2,2,2][1,1,3,3,3,3][1,1,3,3,3,3] is case 3 2
Rearranged pattern to match case 3 layout: 
[2 , 2 , 2 , 2 , 1 , 1 ]
[2 , 2 , 2 , 2 , 1 , 1 ]
[3 , 3 , 3 , 3 , 1 , 1 ]
[3 , 3 , 3 , 3 , 1 , 1 ]
[0 , 0 , 0 , 0 , 0 , 0 ]
[0 , 0 , 0 , 0 , 0 , 0 ]
Pattern 106:[0,0,0,0,0,0][0,0,0,0,0,0][1,1,2,2,2,2][1,1,2,2,3,3][1,1,2,3,2,3][1,1,2,3,3,2] is case 3 2
Rearranged pattern to match case 3 layout: 
[2 , 2 , 2 , 2 , 1 , 1 ]
[2 , 2 , 3 , 3 , 1 , 1 ]
[2 , 3 , 2 , 3 , 1 , 1 ]
[2 , 3 , 3 , 2 , 1 , 1 ]
[0 , 0 , 0 , 0 , 0 , 0 ]
[0 , 0 , 0 , 0 , 0 , 0 ]
Pattern 107:[0,0,0,0,0,0][0,0,0,0,0,0][1,1,2,2,2,2][1,1,2,2,3,3][1,1,3,3,2,2][1,1,3,3,3,3] is case 3 2
Rearranged pattern to match case 3 layout: 
[2 , 2 , 2 , 2 , 1 , 1 ]
[2 , 2 , 3 , 3 , 1 , 1 ]
[3 , 3 , 2 , 2 , 1 , 1 ]
[3 , 3 , 3 , 3 , 1 , 1 ]
[0 , 0 , 0 , 0 , 0 , 0 ]
[0 , 0 , 0 , 0 , 0 , 0 ]
Pattern 108:[0,0,0,0,0,0][0,0,0,0,0,0][1,1,2,2,3,3][1,1,2,2,3,3][1,1,2,2,3,3][1,1,2,2,3,3] is case 3 2
Rearranged pattern to match case 3 layout: 
[2 , 2 , 3 , 3 , 1 , 1 ]
[2 , 2 , 3 , 3 , 1 , 1 ]
[2 , 2 , 3 , 3 , 1 , 1 ]
[2 , 2 , 3 , 3 , 1 , 1 ]
[0 , 0 , 0 , 0 , 0 , 0 ]
[0 , 0 , 0 , 0 , 0 , 0 ]
Pattern 109:[0,0,0,0,0,0][0,0,0,0,0,0][1,1,2,2,3,3][1,1,2,2,3,3][1,1,2,3,2,3][1,1,2,3,2,3] is case 3 2
Rearranged pattern to match case 3 layout: 
[2 , 2 , 3 , 3 , 1 , 1 ]
[2 , 2 , 3 , 3 , 1 , 1 ]
[2 , 3 , 2 , 3 , 1 , 1 ]
[2 , 3 , 2 , 3 , 1 , 1 ]
[0 , 0 , 0 , 0 , 0 , 0 ]
[0 , 0 , 0 , 0 , 0 , 0 ]
Pattern 110:[0,0,0,0,0,0][0,0,0,0,0,0][1,1,2,2,3,3][1,1,2,2,3,3][1,1,3,3,2,2][1,1,3,3,2,2] is case 3 2
Rearranged pattern to match case 3 layout: 
[2 , 2 , 3 , 3 , 1 , 1 ]
[2 , 2 , 3 , 3 , 1 , 1 ]
[3 , 3 , 2 , 2 , 1 , 1 ]
[3 , 3 , 2 , 2 , 1 , 1 ]
[0 , 0 , 0 , 0 , 0 , 0 ]
[0 , 0 , 0 , 0 , 0 , 0 ]
Pattern 111:[0,0,0,0,0,0][0,0,0,0,0,0][1,1,2,2,3,3][1,1,2,3,2,3][1,1,3,2,3,2][1,1,3,3,2,2] is case 3 2
Rearranged pattern to match case 3 layout: 
[2 , 2 , 3 , 3 , 1 , 1 ]
[2 , 3 , 2 , 3 , 1 , 1 ]
[3 , 2 , 3 , 2 , 1 , 1 ]
[3 , 3 , 2 , 2 , 1 , 1 ]
[0 , 0 , 0 , 0 , 0 , 0 ]
[0 , 0 , 0 , 0 , 0 , 0 ]
Pattern 307:[0,0,0,0,1,1][0,0,0,0,1,1][0,0,2,2,2,2][0,0,2,2,2,2][1,1,2,2,2,2][1,1,2,2,2,2] is case 3 but not a subcase we are looking for-1
Rearranged pattern: 
[2 , 2 , 2 , 2 , 0 , 0 ]
[2 , 2 , 2 , 2 , 0 , 0 ]
[2 , 2 , 2 , 2 , 1 , 1 ]
[2 , 2 , 2 , 2 , 1 , 1 ]
[0 , 0 , 1 , 1 , 0 , 0 ]
[0 , 0 , 1 , 1 , 0 , 0 ]
Pattern 308:[0,0,0,0,1,1][0,0,0,0,1,1][0,0,2,2,2,2][0,0,2,2,2,2][1,1,2,2,3,3][1,1,2,2,3,3] is case 3 but not a subcase we are looking for-1
Rearranged pattern: 
[2 , 2 , 2 , 2 , 0 , 0 ]
[2 , 2 , 2 , 2 , 0 , 0 ]
[2 , 2 , 3 , 3 , 1 , 1 ]
[2 , 2 , 3 , 3 , 1 , 1 ]
[0 , 0 , 1 , 1 , 0 , 0 ]
[0 , 0 , 1 , 1 , 0 , 0 ]
Pattern 309:[0,0,0,0,1,1][0,0,0,0,1,1][0,0,2,2,2,2][0,0,2,2,2,2][1,1,2,3,2,3][1,1,2,3,2,3] is case 3 but not a subcase we are looking for-1
Rearranged pattern: 
[2 , 2 , 2 , 2 , 0 , 0 ]
[2 , 2 , 2 , 2 , 0 , 0 ]
[2 , 3 , 2 , 3 , 1 , 1 ]
[2 , 3 , 2 , 3 , 1 , 1 ]
[0 , 0 , 1 , 1 , 0 , 0 ]
[0 , 0 , 1 , 1 , 0 , 0 ]
Pattern 310:[0,0,0,0,1,1][0,0,0,0,1,1][0,0,2,2,2,2][0,0,2,2,2,2][1,1,3,3,2,2][1,1,3,3,2,2] is case 3 but not a subcase we are looking for-1
Rearranged pattern: 
[2 , 2 , 2 , 2 , 0 , 0 ]
[2 , 2 , 2 , 2 , 0 , 0 ]
[3 , 3 , 2 , 2 , 1 , 1 ]
[3 , 3 , 2 , 2 , 1 , 1 ]
[0 , 0 , 1 , 1 , 0 , 0 ]
[0 , 0 , 1 , 1 , 0 , 0 ]
Pattern 311:[0,0,0,0,1,1][0,0,0,0,1,1][0,0,2,2,2,2][0,0,2,2,2,2][1,1,3,3,3,3][1,1,3,3,3,3] is case 3 but not a subcase we are looking for-1
Rearranged pattern: 
[2 , 2 , 2 , 2 , 0 , 0 ]
[2 , 2 , 2 , 2 , 0 , 0 ]
[3 , 3 , 3 , 3 , 1 , 1 ]
[3 , 3 , 3 , 3 , 1 , 1 ]
[0 , 0 , 1 , 1 , 0 , 0 ]
[0 , 0 , 1 , 1 , 0 , 0 ]
Pattern 312:[0,0,0,0,1,1][0,0,0,0,1,1][0,0,2,2,2,2][0,0,2,2,3,3][1,1,2,3,2,3][1,1,2,3,3,2] is case 3 but not a subcase we are looking for-1
Rearranged pattern: 
[2 , 2 , 2 , 2 , 0 , 0 ]
[2 , 2 , 3 , 3 , 0 , 0 ]
[2 , 3 , 2 , 3 , 1 , 1 ]
[2 , 3 , 3 , 2 , 1 , 1 ]
[0 , 0 , 1 , 1 , 0 , 0 ]
[0 , 0 , 1 , 1 , 0 , 0 ]
Pattern 313:[0,0,0,0,1,1][0,0,0,0,1,1][0,0,2,2,2,2][0,0,2,2,3,3][1,1,3,3,2,2][1,1,3,3,3,3] is case 3 but not a subcase we are looking for-1
Rearranged pattern: 
[2 , 2 , 2 , 2 , 0 , 0 ]
[2 , 2 , 3 , 3 , 0 , 0 ]
[3 , 3 , 2 , 2 , 1 , 1 ]
[3 , 3 , 3 , 3 , 1 , 1 ]
[0 , 0 , 1 , 1 , 0 , 0 ]
[0 , 0 , 1 , 1 , 0 , 0 ]
Pattern 314:[0,0,0,0,1,1][0,0,0,0,1,1][0,0,2,2,2,2][0,0,2,3,2,3][1,1,2,2,2,2][1,1,2,3,2,3] is case 3 but not a subcase we are looking for-1
Rearranged pattern: 
[2 , 2 , 2 , 2 , 0 , 0 ]
[2 , 3 , 2 , 3 , 0 , 0 ]
[2 , 2 , 2 , 2 , 1 , 1 ]
[2 , 3 , 2 , 3 , 1 , 1 ]
[0 , 0 , 1 , 1 , 0 , 0 ]
[0 , 0 , 1 , 1 , 0 , 0 ]
Pattern 315:[0,0,0,0,1,1][0,0,0,0,1,1][0,0,2,2,2,2][0,0,2,3,2,3][1,1,2,2,3,3][1,1,2,3,3,2] is case 3 but not a subcase we are looking for-1
Rearranged pattern: 
[2 , 2 , 2 , 2 , 0 , 0 ]
[2 , 3 , 2 , 3 , 0 , 0 ]
[2 , 2 , 3 , 3 , 1 , 1 ]
[2 , 3 , 3 , 2 , 1 , 1 ]
[0 , 0 , 1 , 1 , 0 , 0 ]
[0 , 0 , 1 , 1 , 0 , 0 ]
Pattern 316:[0,0,0,0,1,1][0,0,0,0,1,1][0,0,2,2,2,2][0,0,2,3,2,3][1,1,3,2,2,3][1,1,3,3,2,2] is case 3 but not a subcase we are looking for-1
Rearranged pattern: 
[2 , 2 , 2 , 2 , 0 , 0 ]
[2 , 3 , 2 , 3 , 0 , 0 ]
[3 , 2 , 2 , 3 , 1 , 1 ]
[3 , 3 , 2 , 2 , 1 , 1 ]
[0 , 0 , 1 , 1 , 0 , 0 ]
[0 , 0 , 1 , 1 , 0 , 0 ]
Pattern 317:[0,0,0,0,1,1][0,0,0,0,1,1][0,0,2,2,2,2][0,0,2,3,2,3][1,1,3,2,3,2][1,1,3,3,3,3] is case 3 but not a subcase we are looking for-1
Rearranged pattern: 
[2 , 2 , 2 , 2 , 0 , 0 ]
[2 , 3 , 2 , 3 , 0 , 0 ]
[3 , 2 , 3 , 2 , 1 , 1 ]
[3 , 3 , 3 , 3 , 1 , 1 ]
[0 , 0 , 1 , 1 , 0 , 0 ]
[0 , 0 , 1 , 1 , 0 , 0 ]
Pattern 318:[0,0,0,0,1,1][0,0,0,0,1,1][0,0,2,2,2,2][0,0,3,3,2,2][1,1,2,2,2,2][1,1,3,3,2,2] is case 3 but not a subcase we are looking for-1
Rearranged pattern: 
[2 , 2 , 2 , 2 , 0 , 0 ]
[3 , 3 , 2 , 2 , 0 , 0 ]
[2 , 2 , 2 , 2 , 1 , 1 ]
[3 , 3 , 2 , 2 , 1 , 1 ]
[0 , 0 , 1 , 1 , 0 , 0 ]
[0 , 0 , 1 , 1 , 0 , 0 ]
Pattern 319:[0,0,0,0,1,1][0,0,0,0,1,1][0,0,2,2,2,2][0,0,3,3,2,2][1,1,2,2,3,3][1,1,3,3,3,3] is case 3 but not a subcase we are looking for-1
Rearranged pattern: 
[2 , 2 , 2 , 2 , 0 , 0 ]
[3 , 3 , 2 , 2 , 0 , 0 ]
[2 , 2 , 3 , 3 , 1 , 1 ]
[3 , 3 , 3 , 3 , 1 , 1 ]
[0 , 0 , 1 , 1 , 0 , 0 ]
[0 , 0 , 1 , 1 , 0 , 0 ]
Pattern 320:[0,0,0,0,1,1][0,0,0,0,1,1][0,0,2,2,2,2][0,0,3,3,2,2][1,1,2,3,2,3][1,1,3,2,2,3] is case 3 but not a subcase we are looking for-1
Rearranged pattern: 
[2 , 2 , 2 , 2 , 0 , 0 ]
[3 , 3 , 2 , 2 , 0 , 0 ]
[2 , 3 , 2 , 3 , 1 , 1 ]
[3 , 2 , 2 , 3 , 1 , 1 ]
[0 , 0 , 1 , 1 , 0 , 0 ]
[0 , 0 , 1 , 1 , 0 , 0 ]
Pattern 321:[0,0,0,0,1,1][0,0,0,0,1,1][0,0,2,2,2,2][0,0,3,3,3,3][1,1,2,2,2,2][1,1,3,3,3,3] is case 3 but not a subcase we are looking for-1
Rearranged pattern: 
[2 , 2 , 2 , 2 , 0 , 0 ]
[3 , 3 , 3 , 3 , 0 , 0 ]
[2 , 2 , 2 , 2 , 1 , 1 ]
[3 , 3 , 3 , 3 , 1 , 1 ]
[0 , 0 , 1 , 1 , 0 , 0 ]
[0 , 0 , 1 , 1 , 0 , 0 ]
Pattern 322:[0,0,0,0,1,1][0,0,0,0,1,1][0,0,2,2,2,2][0,0,3,3,3,3][1,1,2,2,3,3][1,1,3,3,2,2] is case 3 but not a subcase we are looking for-1
Rearranged pattern: 
[2 , 2 , 2 , 2 , 0 , 0 ]
[3 , 3 , 3 , 3 , 0 , 0 ]
[2 , 2 , 3 , 3 , 1 , 1 ]
[3 , 3 , 2 , 2 , 1 , 1 ]
[0 , 0 , 1 , 1 , 0 , 0 ]
[0 , 0 , 1 , 1 , 0 , 0 ]
Pattern 323:[0,0,0,0,1,1][0,0,0,0,1,1][0,0,2,2,2,2][0,0,3,3,3,3][1,1,2,3,2,3][1,1,3,2,3,2] is case 3 but not a subcase we are looking for-1
Rearranged pattern: 
[2 , 2 , 2 , 2 , 0 , 0 ]
[3 , 3 , 3 , 3 , 0 , 0 ]
[2 , 3 , 2 , 3 , 1 , 1 ]
[3 , 2 , 3 , 2 , 1 , 1 ]
[0 , 0 , 1 , 1 , 0 , 0 ]
[0 , 0 , 1 , 1 , 0 , 0 ]
Pattern 332:[0,0,0,0,1,1][0,0,0,0,1,1][0,0,2,2,3,3][0,0,2,2,3,3][1,1,3,3,2,2][1,1,3,3,2,2] is case 3 but not a subcase we are looking for-1
Rearranged pattern: 
[2 , 2 , 3 , 3 , 0 , 0 ]
[2 , 2 , 3 , 3 , 0 , 0 ]
[3 , 3 , 2 , 2 , 1 , 1 ]
[3 , 3 , 2 , 2 , 1 , 1 ]
[0 , 0 , 1 , 1 , 0 , 0 ]
[0 , 0 , 1 , 1 , 0 , 0 ]
Pattern 333:[0,0,0,0,1,1][0,0,0,0,1,1][0,0,2,2,3,3][0,0,2,2,3,3][1,1,3,3,3,3][1,1,3,3,3,3] is case 3 but not a subcase we are looking for-1
Rearranged pattern: 
[2 , 2 , 3 , 3 , 0 , 0 ]
[2 , 2 , 3 , 3 , 0 , 0 ]
[3 , 3 , 3 , 3 , 1 , 1 ]
[3 , 3 , 3 , 3 , 1 , 1 ]
[0 , 0 , 1 , 1 , 0 , 0 ]
[0 , 0 , 1 , 1 , 0 , 0 ]
Pattern 334:[0,0,0,0,1,1][0,0,0,0,1,1][0,0,2,2,3,3][0,0,2,3,2,3][1,1,3,2,2,3][1,1,3,3,3,3] is case 3 but not a subcase we are looking for-1
Rearranged pattern: 
[2 , 2 , 3 , 3 , 0 , 0 ]
[2 , 3 , 2 , 3 , 0 , 0 ]
[3 , 2 , 2 , 3 , 1 , 1 ]
[3 , 3 , 3 , 3 , 1 , 1 ]
[0 , 0 , 1 , 1 , 0 , 0 ]
[0 , 0 , 1 , 1 , 0 , 0 ]
Pattern 335:[0,0,0,0,1,1][0,0,0,0,1,1][0,0,2,2,3,3][0,0,2,3,2,3][1,1,3,2,3,2][1,1,3,3,2,2] is case 3 but not a subcase we are looking for-1
Rearranged pattern: 
[2 , 2 , 3 , 3 , 0 , 0 ]
[2 , 3 , 2 , 3 , 0 , 0 ]
[3 , 2 , 3 , 2 , 1 , 1 ]
[3 , 3 , 2 , 2 , 1 , 1 ]
[0 , 0 , 1 , 1 , 0 , 0 ]
[0 , 0 , 1 , 1 , 0 , 0 ]
Pattern 336:[0,0,0,0,1,1][0,0,0,0,1,1][0,0,2,2,3,3][0,0,3,3,2,2][1,1,2,2,2,2][1,1,3,3,3,3] is case 3 but not a subcase we are looking for-1
Rearranged pattern: 
[2 , 2 , 3 , 3 , 0 , 0 ]
[3 , 3 , 2 , 2 , 0 , 0 ]
[2 , 2 , 2 , 2 , 1 , 1 ]
[3 , 3 , 3 , 3 , 1 , 1 ]
[0 , 0 , 1 , 1 , 0 , 0 ]
[0 , 0 , 1 , 1 , 0 , 0 ]
Pattern 337:[0,0,0,0,1,1][0,0,0,0,1,1][0,0,2,2,3,3][0,0,3,3,2,2][1,1,2,2,3,3][1,1,3,3,2,2] is case 3 but not a subcase we are looking for-1
Rearranged pattern: 
[2 , 2 , 3 , 3 , 0 , 0 ]
[3 , 3 , 2 , 2 , 0 , 0 ]
[2 , 2 , 3 , 3 , 1 , 1 ]
[3 , 3 , 2 , 2 , 1 , 1 ]
[0 , 0 , 1 , 1 , 0 , 0 ]
[0 , 0 , 1 , 1 , 0 , 0 ]
Pattern 338:[0,0,0,0,1,1][0,0,0,0,1,1][0,0,2,2,3,3][0,0,3,3,2,2][1,1,2,3,2,3][1,1,3,2,3,2] is case 3 but not a subcase we are looking for-1
Rearranged pattern: 
[2 , 2 , 3 , 3 , 0 , 0 ]
[3 , 3 , 2 , 2 , 0 , 0 ]
[2 , 3 , 2 , 3 , 1 , 1 ]
[3 , 2 , 3 , 2 , 1 , 1 ]
[0 , 0 , 1 , 1 , 0 , 0 ]
[0 , 0 , 1 , 1 , 0 , 0 ]
Pattern 348:[0,0,0,0,1,1][0,0,0,0,1,1][0,0,2,3,2,3][0,0,3,2,2,3][1,1,2,2,2,2][1,1,3,3,2,2] is case 3 but not a subcase we are looking for-1
Rearranged pattern: 
[2 , 3 , 2 , 3 , 0 , 0 ]
[3 , 2 , 2 , 3 , 0 , 0 ]
[2 , 2 , 2 , 2 , 1 , 1 ]
[3 , 3 , 2 , 2 , 1 , 1 ]
[0 , 0 , 1 , 1 , 0 , 0 ]
[0 , 0 , 1 , 1 , 0 , 0 ]
Pattern 349:[0,0,0,0,1,1][0,0,0,0,1,1][0,0,2,3,2,3][0,0,3,2,2,3][1,1,2,3,2,3][1,1,3,2,2,3] is case 3 but not a subcase we are looking for-1
Rearranged pattern: 
[2 , 3 , 2 , 3 , 0 , 0 ]
[3 , 2 , 2 , 3 , 0 , 0 ]
[2 , 3 , 2 , 3 , 1 , 1 ]
[3 , 2 , 2 , 3 , 1 , 1 ]
[0 , 0 , 1 , 1 , 0 , 0 ]
[0 , 0 , 1 , 1 , 0 , 0 ]
Pattern 350:[0,0,0,0,1,1][0,0,0,0,1,1][0,0,2,3,2,3][0,0,3,2,2,3][1,1,2,3,3,2][1,1,3,2,3,2] is case 3 but not a subcase we are looking for-1
Rearranged pattern: 
[2 , 3 , 2 , 3 , 0 , 0 ]
[3 , 2 , 2 , 3 , 0 , 0 ]
[2 , 3 , 3 , 2 , 1 , 1 ]
[3 , 2 , 3 , 2 , 1 , 1 ]
[0 , 0 , 1 , 1 , 0 , 0 ]
[0 , 0 , 1 , 1 , 0 , 0 ]
Pattern 351:[0,0,0,0,1,1][0,0,0,0,1,1][0,0,2,3,2,3][0,0,3,2,3,2][1,1,2,3,2,3][1,1,3,2,3,2] is case 3 but not a subcase we are looking for-1
Rearranged pattern: 
[2 , 3 , 2 , 3 , 0 , 0 ]
[3 , 2 , 3 , 2 , 0 , 0 ]
[2 , 3 , 2 , 3 , 1 , 1 ]
[3 , 2 , 3 , 2 , 1 , 1 ]
[0 , 0 , 1 , 1 , 0 , 0 ]
[0 , 0 , 1 , 1 , 0 , 0 ]
Pattern 352:[0,0,0,0,1,1][0,0,0,0,1,1][0,0,2,3,2,3][0,0,3,2,3,2][1,1,2,3,3,2][1,1,3,2,2,3] is case 3 but not a subcase we are looking for-1
Rearranged pattern: 
[2 , 3 , 2 , 3 , 0 , 0 ]
[3 , 2 , 3 , 2 , 0 , 0 ]
[2 , 3 , 3 , 2 , 1 , 1 ]
[3 , 2 , 2 , 3 , 1 , 1 ]
[0 , 0 , 1 , 1 , 0 , 0 ]
[0 , 0 , 1 , 1 , 0 , 0 ]
Pattern 408:[0,0,0,0,1,1][0,0,0,0,1,1][1,1,2,2,2,2][1,1,2,2,2,2][1,1,2,2,2,2][1,1,2,2,2,2] is case 3 2
Rearranged pattern to match case 3 layout: 
[2 , 2 , 2 , 2 , 1 , 1 ]
[2 , 2 , 2 , 2 , 1 , 1 ]
[2 , 2 , 2 , 2 , 1 , 1 ]
[2 , 2 , 2 , 2 , 1 , 1 ]
[0 , 0 , 1 , 1 , 0 , 0 ]
[0 , 0 , 1 , 1 , 0 , 0 ]
Pattern 409:[0,0,0,0,1,1][0,0,0,0,1,1][1,1,2,2,2,2][1,1,2,2,2,2][1,1,2,2,3,3][1,1,2,2,3,3] is case 3 2
Rearranged pattern to match case 3 layout: 
[2 , 2 , 2 , 2 , 1 , 1 ]
[2 , 2 , 2 , 2 , 1 , 1 ]
[2 , 2 , 3 , 3 , 1 , 1 ]
[2 , 2 , 3 , 3 , 1 , 1 ]
[0 , 0 , 1 , 1 , 0 , 0 ]
[0 , 0 , 1 , 1 , 0 , 0 ]
Pattern 410:[0,0,0,0,1,1][0,0,0,0,1,1][1,1,2,2,2,2][1,1,2,2,2,2][1,1,2,3,2,3][1,1,2,3,2,3] is case 3 2
Rearranged pattern to match case 3 layout: 
[2 , 2 , 2 , 2 , 1 , 1 ]
[2 , 2 , 2 , 2 , 1 , 1 ]
[2 , 3 , 2 , 3 , 1 , 1 ]
[2 , 3 , 2 , 3 , 1 , 1 ]
[0 , 0 , 1 , 1 , 0 , 0 ]
[0 , 0 , 1 , 1 , 0 , 0 ]
Pattern 411:[0,0,0,0,1,1][0,0,0,0,1,1][1,1,2,2,2,2][1,1,2,2,2,2][1,1,3,3,2,2][1,1,3,3,2,2] is case 3 2
Rearranged pattern to match case 3 layout: 
[2 , 2 , 2 , 2 , 1 , 1 ]
[2 , 2 , 2 , 2 , 1 , 1 ]
[3 , 3 , 2 , 2 , 1 , 1 ]
[3 , 3 , 2 , 2 , 1 , 1 ]
[0 , 0 , 1 , 1 , 0 , 0 ]
[0 , 0 , 1 , 1 , 0 , 0 ]
Pattern 412:[0,0,0,0,1,1][0,0,0,0,1,1][1,1,2,2,2,2][1,1,2,2,2,2][1,1,3,3,3,3][1,1,3,3,3,3] is case 3 2
Rearranged pattern to match case 3 layout: 
[2 , 2 , 2 , 2 , 1 , 1 ]
[2 , 2 , 2 , 2 , 1 , 1 ]
[3 , 3 , 3 , 3 , 1 , 1 ]
[3 , 3 , 3 , 3 , 1 , 1 ]
[0 , 0 , 1 , 1 , 0 , 0 ]
[0 , 0 , 1 , 1 , 0 , 0 ]
Pattern 413:[0,0,0,0,1,1][0,0,0,0,1,1][1,1,2,2,2,2][1,1,2,2,3,3][1,1,2,3,2,3][1,1,2,3,3,2] is case 3 2
Rearranged pattern to match case 3 layout: 
[2 , 2 , 2 , 2 , 1 , 1 ]
[2 , 2 , 3 , 3 , 1 , 1 ]
[2 , 3 , 2 , 3 , 1 , 1 ]
[2 , 3 , 3 , 2 , 1 , 1 ]
[0 , 0 , 1 , 1 , 0 , 0 ]
[0 , 0 , 1 , 1 , 0 , 0 ]
Pattern 414:[0,0,0,0,1,1][0,0,0,0,1,1][1,1,2,2,2,2][1,1,2,2,3,3][1,1,3,3,2,2][1,1,3,3,3,3] is case 3 2
Rearranged pattern to match case 3 layout: 
[2 , 2 , 2 , 2 , 1 , 1 ]
[2 , 2 , 3 , 3 , 1 , 1 ]
[3 , 3 , 2 , 2 , 1 , 1 ]
[3 , 3 , 3 , 3 , 1 , 1 ]
[0 , 0 , 1 , 1 , 0 , 0 ]
[0 , 0 , 1 , 1 , 0 , 0 ]
Pattern 415:[0,0,0,0,1,1][0,0,0,0,1,1][1,1,2,2,2,2][1,1,2,3,2,3][1,1,3,2,2,3][1,1,3,3,2,2] is case 3 2
Rearranged pattern to match case 3 layout: 
[2 , 2 , 2 , 2 , 1 , 1 ]
[2 , 3 , 2 , 3 , 1 , 1 ]
[3 , 2 , 2 , 3 , 1 , 1 ]
[3 , 3 , 2 , 2 , 1 , 1 ]
[0 , 0 , 1 , 1 , 0 , 0 ]
[0 , 0 , 1 , 1 , 0 , 0 ]
Pattern 416:[0,0,0,0,1,1][0,0,0,0,1,1][1,1,2,2,2,2][1,1,2,3,2,3][1,1,3,2,3,2][1,1,3,3,3,3] is case 3 2
Rearranged pattern to match case 3 layout: 
[2 , 2 , 2 , 2 , 1 , 1 ]
[2 , 3 , 2 , 3 , 1 , 1 ]
[3 , 2 , 3 , 2 , 1 , 1 ]
[3 , 3 , 3 , 3 , 1 , 1 ]
[0 , 0 , 1 , 1 , 0 , 0 ]
[0 , 0 , 1 , 1 , 0 , 0 ]
Pattern 417:[0,0,0,0,1,1][0,0,0,0,1,1][1,1,2,2,3,3][1,1,2,2,3,3][1,1,2,2,3,3][1,1,2,2,3,3] is case 3 2
Rearranged pattern to match case 3 layout: 
[2 , 2 , 3 , 3 , 1 , 1 ]
[2 , 2 , 3 , 3 , 1 , 1 ]
[2 , 2 , 3 , 3 , 1 , 1 ]
[2 , 2 , 3 , 3 , 1 , 1 ]
[0 , 0 , 1 , 1 , 0 , 0 ]
[0 , 0 , 1 , 1 , 0 , 0 ]
Pattern 418:[0,0,0,0,1,1][0,0,0,0,1,1][1,1,2,2,3,3][1,1,2,2,3,3][1,1,2,3,2,3][1,1,2,3,2,3] is case 3 2
Rearranged pattern to match case 3 layout: 
[2 , 2 , 3 , 3 , 1 , 1 ]
[2 , 2 , 3 , 3 , 1 , 1 ]
[2 , 3 , 2 , 3 , 1 , 1 ]
[2 , 3 , 2 , 3 , 1 , 1 ]
[0 , 0 , 1 , 1 , 0 , 0 ]
[0 , 0 , 1 , 1 , 0 , 0 ]
Pattern 419:[0,0,0,0,1,1][0,0,0,0,1,1][1,1,2,2,3,3][1,1,2,2,3,3][1,1,3,3,2,2][1,1,3,3,2,2] is case 3 2
Rearranged pattern to match case 3 layout: 
[2 , 2 , 3 , 3 , 1 , 1 ]
[2 , 2 , 3 , 3 , 1 , 1 ]
[3 , 3 , 2 , 2 , 1 , 1 ]
[3 , 3 , 2 , 2 , 1 , 1 ]
[0 , 0 , 1 , 1 , 0 , 0 ]
[0 , 0 , 1 , 1 , 0 , 0 ]
Pattern 420:[0,0,0,0,1,1][0,0,0,0,1,1][1,1,2,2,3,3][1,1,2,3,2,3][1,1,3,2,3,2][1,1,3,3,2,2] is case 3 2
Rearranged pattern to match case 3 layout: 
[2 , 2 , 3 , 3 , 1 , 1 ]
[2 , 3 , 2 , 3 , 1 , 1 ]
[3 , 2 , 3 , 2 , 1 , 1 ]
[3 , 3 , 2 , 2 , 1 , 1 ]
[0 , 0 , 1 , 1 , 0 , 0 ]
[0 , 0 , 1 , 1 , 0 , 0 ]
Pattern 421:[0,0,0,0,1,1][0,0,0,0,1,1][1,1,2,3,2,3][1,1,2,3,2,3][1,1,2,3,2,3][1,1,2,3,2,3] is case 3 2
Rearranged pattern to match case 3 layout: 
[2 , 3 , 2 , 3 , 1 , 1 ]
[2 , 3 , 2 , 3 , 1 , 1 ]
[2 , 3 , 2 , 3 , 1 , 1 ]
[2 , 3 , 2 , 3 , 1 , 1 ]
[0 , 0 , 1 , 1 , 0 , 0 ]
[0 , 0 , 1 , 1 , 0 , 0 ]
Pattern 422:[0,0,0,0,1,1][0,0,0,0,1,1][1,1,2,3,2,3][1,1,2,3,2,3][1,1,2,3,3,2][1,1,2,3,3,2] is case 3 2
Rearranged pattern to match case 3 layout: 
[2 , 3 , 2 , 3 , 1 , 1 ]
[2 , 3 , 2 , 3 , 1 , 1 ]
[2 , 3 , 3 , 2 , 1 , 1 ]
[2 , 3 , 3 , 2 , 1 , 1 ]
[0 , 0 , 1 , 1 , 0 , 0 ]
[0 , 0 , 1 , 1 , 0 , 0 ]
Pattern 423:[0,0,0,0,1,1][0,0,0,0,1,1][1,1,2,3,2,3][1,1,2,3,2,3][1,1,3,2,2,3][1,1,3,2,2,3] is case 3 2
Rearranged pattern to match case 3 layout: 
[2 , 3 , 2 , 3 , 1 , 1 ]
[2 , 3 , 2 , 3 , 1 , 1 ]
[3 , 2 , 2 , 3 , 1 , 1 ]
[3 , 2 , 2 , 3 , 1 , 1 ]
[0 , 0 , 1 , 1 , 0 , 0 ]
[0 , 0 , 1 , 1 , 0 , 0 ]
Pattern 424:[0,0,0,0,1,1][0,0,0,0,1,1][1,1,2,3,2,3][1,1,2,3,2,3][1,1,3,2,3,2][1,1,3,2,3,2] is case 3 2
Rearranged pattern to match case 3 layout: 
[2 , 3 , 2 , 3 , 1 , 1 ]
[2 , 3 , 2 , 3 , 1 , 1 ]
[3 , 2 , 3 , 2 , 1 , 1 ]
[3 , 2 , 3 , 2 , 1 , 1 ]
[0 , 0 , 1 , 1 , 0 , 0 ]
[0 , 0 , 1 , 1 , 0 , 0 ]
Pattern 425:[0,0,0,0,1,1][0,0,0,0,1,1][1,1,2,3,2,3][1,1,2,3,3,2][1,1,3,2,2,3][1,1,3,2,3,2] is case 3 2
Rearranged pattern to match case 3 layout: 
[2 , 3 , 2 , 3 , 1 , 1 ]
[2 , 3 , 3 , 2 , 1 , 1 ]
[3 , 2 , 2 , 3 , 1 , 1 ]
[3 , 2 , 3 , 2 , 1 , 1 ]
[0 , 0 , 1 , 1 , 0 , 0 ]
[0 , 0 , 1 , 1 , 0 , 0 ]
Pattern 426:[0,0,0,0,1,1][0,0,0,0,1,1][2,2,2,2,1,1][2,2,2,2,1,1][2,2,2,2,1,1][2,2,2,2,1,1] is case 3 1
Rearranged pattern to match case 3 layout: 
[2 , 2 , 2 , 2 , 1 , 1 ]
[2 , 2 , 2 , 2 , 1 , 1 ]
[2 , 2 , 2 , 2 , 1 , 1 ]
[2 , 2 , 2 , 2 , 1 , 1 ]
[0 , 0 , 0 , 0 , 1 , 1 ]
[0 , 0 , 0 , 0 , 1 , 1 ]
Pattern 427:[0,0,0,0,1,1][0,0,0,0,1,1][2,2,2,2,1,1][2,2,2,2,1,1][2,2,3,3,1,1][2,2,3,3,1,1] is case 3 1
Rearranged pattern to match case 3 layout: 
[2 , 2 , 2 , 2 , 1 , 1 ]
[2 , 2 , 2 , 2 , 1 , 1 ]
[2 , 2 , 3 , 3 , 1 , 1 ]
[2 , 2 , 3 , 3 , 1 , 1 ]
[0 , 0 , 0 , 0 , 1 , 1 ]
[0 , 0 , 0 , 0 , 1 , 1 ]
Pattern 428:[0,0,0,0,1,1][0,0,0,0,1,1][2,2,2,2,1,1][2,2,2,2,1,1][3,3,3,3,1,1][3,3,3,3,1,1] is case 3 1
Rearranged pattern to match case 3 layout: 
[2 , 2 , 2 , 2 , 1 , 1 ]
[2 , 2 , 2 , 2 , 1 , 1 ]
[3 , 3 , 3 , 3 , 1 , 1 ]
[3 , 3 , 3 , 3 , 1 , 1 ]
[0 , 0 , 0 , 0 , 1 , 1 ]
[0 , 0 , 0 , 0 , 1 , 1 ]
Pattern 429:[0,0,0,0,1,1][0,0,0,0,1,1][2,2,2,2,1,1][2,2,3,3,1,1][2,3,2,3,1,1][2,3,3,2,1,1] is case 3 1
Rearranged pattern to match case 3 layout: 
[2 , 2 , 2 , 2 , 1 , 1 ]
[2 , 2 , 3 , 3 , 1 , 1 ]
[2 , 3 , 2 , 3 , 1 , 1 ]
[2 , 3 , 3 , 2 , 1 , 1 ]
[0 , 0 , 0 , 0 , 1 , 1 ]
[0 , 0 , 0 , 0 , 1 , 1 ]
Pattern 430:[0,0,0,0,1,1][0,0,0,0,1,1][2,2,2,2,1,1][2,2,3,3,1,1][3,3,2,2,1,1][3,3,3,3,1,1] is case 3 1
Rearranged pattern to match case 3 layout: 
[2 , 2 , 2 , 2 , 1 , 1 ]
[2 , 2 , 3 , 3 , 1 , 1 ]
[3 , 3 , 2 , 2 , 1 , 1 ]
[3 , 3 , 3 , 3 , 1 , 1 ]
[0 , 0 , 0 , 0 , 1 , 1 ]
[0 , 0 , 0 , 0 , 1 , 1 ]
Pattern 431:[0,0,0,0,1,1][0,0,0,0,1,1][2,2,3,3,1,1][2,2,3,3,1,1][2,2,3,3,1,1][2,2,3,3,1,1] is case 3 1
Rearranged pattern to match case 3 layout: 
[2 , 2 , 3 , 3 , 1 , 1 ]
[2 , 2 , 3 , 3 , 1 , 1 ]
[2 , 2 , 3 , 3 , 1 , 1 ]
[2 , 2 , 3 , 3 , 1 , 1 ]
[0 , 0 , 0 , 0 , 1 , 1 ]
[0 , 0 , 0 , 0 , 1 , 1 ]
Pattern 432:[0,0,0,0,1,1][0,0,0,0,1,1][2,2,3,3,1,1][2,2,3,3,1,1][2,3,2,3,1,1][2,3,2,3,1,1] is case 3 1
Rearranged pattern to match case 3 layout: 
[2 , 2 , 3 , 3 , 1 , 1 ]
[2 , 2 , 3 , 3 , 1 , 1 ]
[2 , 3 , 2 , 3 , 1 , 1 ]
[2 , 3 , 2 , 3 , 1 , 1 ]
[0 , 0 , 0 , 0 , 1 , 1 ]
[0 , 0 , 0 , 0 , 1 , 1 ]
Pattern 433:[0,0,0,0,1,1][0,0,0,0,1,1][2,2,3,3,1,1][2,2,3,3,1,1][3,3,2,2,1,1][3,3,2,2,1,1] is case 3 1
Rearranged pattern to match case 3 layout: 
[2 , 2 , 3 , 3 , 1 , 1 ]
[2 , 2 , 3 , 3 , 1 , 1 ]
[3 , 3 , 2 , 2 , 1 , 1 ]
[3 , 3 , 2 , 2 , 1 , 1 ]
[0 , 0 , 0 , 0 , 1 , 1 ]
[0 , 0 , 0 , 0 , 1 , 1 ]
Pattern 434:[0,0,0,0,1,1][0,0,0,0,1,1][2,2,3,3,1,1][2,3,2,3,1,1][3,2,3,2,1,1][3,3,2,2,1,1] is case 3 1
Rearranged pattern to match case 3 layout: 
[2 , 2 , 3 , 3 , 1 , 1 ]
[2 , 3 , 2 , 3 , 1 , 1 ]
[3 , 2 , 3 , 2 , 1 , 1 ]
[3 , 3 , 2 , 2 , 1 , 1 ]
[0 , 0 , 0 , 0 , 1 , 1 ]
[0 , 0 , 0 , 0 , 1 , 1 ]
Pattern 708:[0,0,1,1,1,1][0,0,1,1,1,1][1,1,2,2,2,2][1,1,2,2,2,2][1,1,2,2,2,2][1,1,2,2,2,2] is case 3 2
Rearranged pattern to match case 3 layout: 
[2 , 2 , 2 , 2 , 1 , 1 ]
[2 , 2 , 2 , 2 , 1 , 1 ]
[2 , 2 , 2 , 2 , 1 , 1 ]
[2 , 2 , 2 , 2 , 1 , 1 ]
[1 , 1 , 1 , 1 , 0 , 0 ]
[1 , 1 , 1 , 1 , 0 , 0 ]
Pattern 709:[0,0,1,1,1,1][0,0,1,1,1,1][1,1,2,2,2,2][1,1,2,2,2,2][1,1,2,2,3,3][1,1,2,2,3,3] is case 3 2
Rearranged pattern to match case 3 layout: 
[2 , 2 , 2 , 2 , 1 , 1 ]
[2 , 2 , 2 , 2 , 1 , 1 ]
[2 , 2 , 3 , 3 , 1 , 1 ]
[2 , 2 , 3 , 3 , 1 , 1 ]
[1 , 1 , 1 , 1 , 0 , 0 ]
[1 , 1 , 1 , 1 , 0 , 0 ]
Pattern 710:[0,0,1,1,1,1][0,0,1,1,1,1][1,1,2,2,2,2][1,1,2,2,2,2][1,1,3,3,3,3][1,1,3,3,3,3] is case 3 2
Rearranged pattern to match case 3 layout: 
[2 , 2 , 2 , 2 , 1 , 1 ]
[2 , 2 , 2 , 2 , 1 , 1 ]
[3 , 3 , 3 , 3 , 1 , 1 ]
[3 , 3 , 3 , 3 , 1 , 1 ]
[1 , 1 , 1 , 1 , 0 , 0 ]
[1 , 1 , 1 , 1 , 0 , 0 ]
Pattern 711:[0,0,1,1,1,1][0,0,1,1,1,1][1,1,2,2,2,2][1,1,2,2,3,3][1,1,2,3,2,3][1,1,2,3,3,2] is case 3 2
Rearranged pattern to match case 3 layout: 
[2 , 2 , 2 , 2 , 1 , 1 ]
[2 , 2 , 3 , 3 , 1 , 1 ]
[2 , 3 , 2 , 3 , 1 , 1 ]
[2 , 3 , 3 , 2 , 1 , 1 ]
[1 , 1 , 1 , 1 , 0 , 0 ]
[1 , 1 , 1 , 1 , 0 , 0 ]
Pattern 712:[0,0,1,1,1,1][0,0,1,1,1,1][1,1,2,2,2,2][1,1,2,2,3,3][1,1,3,3,2,2][1,1,3,3,3,3] is case 3 2
Rearranged pattern to match case 3 layout: 
[2 , 2 , 2 , 2 , 1 , 1 ]
[2 , 2 , 3 , 3 , 1 , 1 ]
[3 , 3 , 2 , 2 , 1 , 1 ]
[3 , 3 , 3 , 3 , 1 , 1 ]
[1 , 1 , 1 , 1 , 0 , 0 ]
[1 , 1 , 1 , 1 , 0 , 0 ]
Pattern 713:[0,0,1,1,1,1][0,0,1,1,1,1][1,1,2,2,3,3][1,1,2,2,3,3][1,1,3,3,2,2][1,1,3,3,2,2] is case 3 2
Rearranged pattern to match case 3 layout: 
[2 , 2 , 3 , 3 , 1 , 1 ]
[2 , 2 , 3 , 3 , 1 , 1 ]
[3 , 3 , 2 , 2 , 1 , 1 ]
[3 , 3 , 2 , 2 , 1 , 1 ]
[1 , 1 , 1 , 1 , 0 , 0 ]
[1 , 1 , 1 , 1 , 0 , 0 ]
Pattern 714:[0,0,1,1,1,1][0,0,1,1,1,1][1,1,2,2,3,3][1,1,2,3,2,3][1,1,3,2,3,2][1,1,3,3,2,2] is case 3 2
Rearranged pattern to match case 3 layout: 
[2 , 2 , 3 , 3 , 1 , 1 ]
[2 , 3 , 2 , 3 , 1 , 1 ]
[3 , 2 , 3 , 2 , 1 , 1 ]
[3 , 3 , 2 , 2 , 1 , 1 ]
[1 , 1 , 1 , 1 , 0 , 0 ]
[1 , 1 , 1 , 1 , 0 , 0 ]
Pattern 723:[0,0,1,1,1,1][0,0,1,1,1,1][2,2,1,1,2,2][2,2,1,1,2,2][2,2,1,1,2,2][2,2,1,1,2,2] is case 3 but not a subcase we are looking for-1
Rearranged pattern: 
[2 , 2 , 2 , 2 , 1 , 1 ]
[2 , 2 , 2 , 2 , 1 , 1 ]
[2 , 2 , 2 , 2 , 1 , 1 ]
[2 , 2 , 2 , 2 , 1 , 1 ]
[0 , 0 , 1 , 1 , 1 , 1 ]
[0 , 0 , 1 , 1 , 1 , 1 ]
Pattern 724:[0,0,1,1,1,1][0,0,1,1,1,1][2,2,1,1,2,2][2,2,1,1,2,2][2,2,1,1,3,3][2,2,1,1,3,3] is case 3 but not a subcase we are looking for-1
Rearranged pattern: 
[2 , 2 , 2 , 2 , 1 , 1 ]
[2 , 2 , 2 , 2 , 1 , 1 ]
[2 , 2 , 3 , 3 , 1 , 1 ]
[2 , 2 , 3 , 3 , 1 , 1 ]
[0 , 0 , 1 , 1 , 1 , 1 ]
[0 , 0 , 1 , 1 , 1 , 1 ]
Pattern 725:[0,0,1,1,1,1][0,0,1,1,1,1][2,2,1,1,2,2][2,2,1,1,2,2][2,3,1,1,2,3][2,3,1,1,2,3] is case 3 but not a subcase we are looking for-1
Rearranged pattern: 
[2 , 2 , 2 , 2 , 1 , 1 ]
[2 , 2 , 2 , 2 , 1 , 1 ]
[2 , 3 , 2 , 3 , 1 , 1 ]
[2 , 3 , 2 , 3 , 1 , 1 ]
[0 , 0 , 1 , 1 , 1 , 1 ]
[0 , 0 , 1 , 1 , 1 , 1 ]
Pattern 726:[0,0,1,1,1,1][0,0,1,1,1,1][2,2,1,1,2,2][2,2,1,1,2,2][3,3,1,1,2,2][3,3,1,1,2,2] is case 3 but not a subcase we are looking for-1
Rearranged pattern: 
[2 , 2 , 2 , 2 , 1 , 1 ]
[2 , 2 , 2 , 2 , 1 , 1 ]
[3 , 3 , 2 , 2 , 1 , 1 ]
[3 , 3 , 2 , 2 , 1 , 1 ]
[0 , 0 , 1 , 1 , 1 , 1 ]
[0 , 0 , 1 , 1 , 1 , 1 ]
Pattern 727:[0,0,1,1,1,1][0,0,1,1,1,1][2,2,1,1,2,2][2,2,1,1,2,2][3,3,1,1,3,3][3,3,1,1,3,3] is case 3 but not a subcase we are looking for-1
Rearranged pattern: 
[2 , 2 , 2 , 2 , 1 , 1 ]
[2 , 2 , 2 , 2 , 1 , 1 ]
[3 , 3 , 3 , 3 , 1 , 1 ]
[3 , 3 , 3 , 3 , 1 , 1 ]
[0 , 0 , 1 , 1 , 1 , 1 ]
[0 , 0 , 1 , 1 , 1 , 1 ]
Pattern 728:[0,0,1,1,1,1][0,0,1,1,1,1][2,2,1,1,2,2][2,2,1,1,3,3][2,3,1,1,2,3][2,3,1,1,3,2] is case 3 but not a subcase we are looking for-1
Rearranged pattern: 
[2 , 2 , 2 , 2 , 1 , 1 ]
[2 , 2 , 3 , 3 , 1 , 1 ]
[2 , 3 , 2 , 3 , 1 , 1 ]
[2 , 3 , 3 , 2 , 1 , 1 ]
[0 , 0 , 1 , 1 , 1 , 1 ]
[0 , 0 , 1 , 1 , 1 , 1 ]
Pattern 729:[0,0,1,1,1,1][0,0,1,1,1,1][2,2,1,1,2,2][2,2,1,1,3,3][3,3,1,1,2,2][3,3,1,1,3,3] is case 3 but not a subcase we are looking for-1
Rearranged pattern: 
[2 , 2 , 2 , 2 , 1 , 1 ]
[2 , 2 , 3 , 3 , 1 , 1 ]
[3 , 3 , 2 , 2 , 1 , 1 ]
[3 , 3 , 3 , 3 , 1 , 1 ]
[0 , 0 , 1 , 1 , 1 , 1 ]
[0 , 0 , 1 , 1 , 1 , 1 ]
Pattern 730:[0,0,1,1,1,1][0,0,1,1,1,1][2,2,1,1,2,2][2,3,1,1,2,3][3,2,1,1,2,3][3,3,1,1,2,2] is case 3 but not a subcase we are looking for-1
Rearranged pattern: 
[2 , 2 , 2 , 2 , 1 , 1 ]
[2 , 3 , 2 , 3 , 1 , 1 ]
[3 , 2 , 2 , 3 , 1 , 1 ]
[3 , 3 , 2 , 2 , 1 , 1 ]
[0 , 0 , 1 , 1 , 1 , 1 ]
[0 , 0 , 1 , 1 , 1 , 1 ]
Pattern 731:[0,0,1,1,1,1][0,0,1,1,1,1][2,2,1,1,2,2][2,3,1,1,2,3][3,2,1,1,3,2][3,3,1,1,3,3] is case 3 but not a subcase we are looking for-1
Rearranged pattern: 
[2 , 2 , 2 , 2 , 1 , 1 ]
[2 , 3 , 2 , 3 , 1 , 1 ]
[3 , 2 , 3 , 2 , 1 , 1 ]
[3 , 3 , 3 , 3 , 1 , 1 ]
[0 , 0 , 1 , 1 , 1 , 1 ]
[0 , 0 , 1 , 1 , 1 , 1 ]
Pattern 732:[0,0,1,1,1,1][0,0,1,1,1,1][2,2,1,1,3,3][2,2,1,1,3,3][2,2,1,1,3,3][2,2,1,1,3,3] is case 3 but not a subcase we are looking for-1
Rearranged pattern: 
[2 , 2 , 3 , 3 , 1 , 1 ]
[2 , 2 , 3 , 3 , 1 , 1 ]
[2 , 2 , 3 , 3 , 1 , 1 ]
[2 , 2 , 3 , 3 , 1 , 1 ]
[0 , 0 , 1 , 1 , 1 , 1 ]
[0 , 0 , 1 , 1 , 1 , 1 ]
Pattern 733:[0,0,1,1,1,1][0,0,1,1,1,1][2,2,1,1,3,3][2,2,1,1,3,3][2,3,1,1,2,3][2,3,1,1,2,3] is case 3 but not a subcase we are looking for-1
Rearranged pattern: 
[2 , 2 , 3 , 3 , 1 , 1 ]
[2 , 2 , 3 , 3 , 1 , 1 ]
[2 , 3 , 2 , 3 , 1 , 1 ]
[2 , 3 , 2 , 3 , 1 , 1 ]
[0 , 0 , 1 , 1 , 1 , 1 ]
[0 , 0 , 1 , 1 , 1 , 1 ]
Pattern 734:[0,0,1,1,1,1][0,0,1,1,1,1][2,2,1,1,3,3][2,2,1,1,3,3][3,3,1,1,2,2][3,3,1,1,2,2] is case 3 but not a subcase we are looking for-1
Rearranged pattern: 
[2 , 2 , 3 , 3 , 1 , 1 ]
[2 , 2 , 3 , 3 , 1 , 1 ]
[3 , 3 , 2 , 2 , 1 , 1 ]
[3 , 3 , 2 , 2 , 1 , 1 ]
[0 , 0 , 1 , 1 , 1 , 1 ]
[0 , 0 , 1 , 1 , 1 , 1 ]
Pattern 735:[0,0,1,1,1,1][0,0,1,1,1,1][2,2,1,1,3,3][2,3,1,1,2,3][3,2,1,1,3,2][3,3,1,1,2,2] is case 3 but not a subcase we are looking for-1
Rearranged pattern: 
[2 , 2 , 3 , 3 , 1 , 1 ]
[2 , 3 , 2 , 3 , 1 , 1 ]
[3 , 2 , 3 , 2 , 1 , 1 ]
[3 , 3 , 2 , 2 , 1 , 1 ]
[0 , 0 , 1 , 1 , 1 , 1 ]
[0 , 0 , 1 , 1 , 1 , 1 ]
Pattern 738:[0,0,1,1,1,1][0,0,1,1,1,1][2,3,1,1,2,3][2,3,1,1,2,3][2,3,1,1,2,3][2,3,1,1,2,3] is case 3 but not a subcase we are looking for-1
Rearranged pattern: 
[2 , 3 , 2 , 3 , 1 , 1 ]
[2 , 3 , 2 , 3 , 1 , 1 ]
[2 , 3 , 2 , 3 , 1 , 1 ]
[2 , 3 , 2 , 3 , 1 , 1 ]
[0 , 0 , 1 , 1 , 1 , 1 ]
[0 , 0 , 1 , 1 , 1 , 1 ]
Pattern 739:[0,0,1,1,1,1][0,0,1,1,1,1][2,3,1,1,2,3][2,3,1,1,2,3][2,3,1,1,3,2][2,3,1,1,3,2] is case 3 but not a subcase we are looking for-1
Rearranged pattern: 
[2 , 3 , 2 , 3 , 1 , 1 ]
[2 , 3 , 2 , 3 , 1 , 1 ]
[2 , 3 , 3 , 2 , 1 , 1 ]
[2 , 3 , 3 , 2 , 1 , 1 ]
[0 , 0 , 1 , 1 , 1 , 1 ]
[0 , 0 , 1 , 1 , 1 , 1 ]
Pattern 740:[0,0,1,1,1,1][0,0,1,1,1,1][2,3,1,1,2,3][2,3,1,1,2,3][3,2,1,1,2,3][3,2,1,1,2,3] is case 3 but not a subcase we are looking for-1
Rearranged pattern: 
[2 , 3 , 2 , 3 , 1 , 1 ]
[2 , 3 , 2 , 3 , 1 , 1 ]
[3 , 2 , 2 , 3 , 1 , 1 ]
[3 , 2 , 2 , 3 , 1 , 1 ]
[0 , 0 , 1 , 1 , 1 , 1 ]
[0 , 0 , 1 , 1 , 1 , 1 ]
Pattern 741:[0,0,1,1,1,1][0,0,1,1,1,1][2,3,1,1,2,3][2,3,1,1,2,3][3,2,1,1,3,2][3,2,1,1,3,2] is case 3 but not a subcase we are looking for-1
Rearranged pattern: 
[2 , 3 , 2 , 3 , 1 , 1 ]
[2 , 3 , 2 , 3 , 1 , 1 ]
[3 , 2 , 3 , 2 , 1 , 1 ]
[3 , 2 , 3 , 2 , 1 , 1 ]
[0 , 0 , 1 , 1 , 1 , 1 ]
[0 , 0 , 1 , 1 , 1 , 1 ]
Pattern 742:[0,0,1,1,1,1][0,0,1,1,1,1][2,3,1,1,2,3][2,3,1,1,3,2][3,2,1,1,2,3][3,2,1,1,3,2] is case 3 but not a subcase we are looking for-1
Rearranged pattern: 
[2 , 3 , 2 , 3 , 1 , 1 ]
[2 , 3 , 3 , 2 , 1 , 1 ]
[3 , 2 , 2 , 3 , 1 , 1 ]
[3 , 2 , 3 , 2 , 1 , 1 ]
[0 , 0 , 1 , 1 , 1 , 1 ]
[0 , 0 , 1 , 1 , 1 , 1 ]
Pattern 757:[0,0,2,2,2,2][0,0,2,2,2,2][0,0,2,2,2,2][0,0,2,2,2,2][1,1,0,0,0,0][1,1,0,0,0,0] is case 3 1
Rearranged pattern to match case 3 layout: 
[2 , 2 , 2 , 2 , 0 , 0 ]
[2 , 2 , 2 , 2 , 0 , 0 ]
[2 , 2 , 2 , 2 , 0 , 0 ]
[2 , 2 , 2 , 2 , 0 , 0 ]
[0 , 0 , 0 , 0 , 1 , 1 ]
[0 , 0 , 0 , 0 , 1 , 1 ]
Pattern 758:[0,0,2,2,2,2][0,0,2,2,2,2][0,0,2,2,2,2][0,0,2,2,2,2][1,1,0,0,1,1][1,1,0,0,1,1] is case 3 1
Rearranged pattern to match case 3 layout: 
[2 , 2 , 2 , 2 , 0 , 0 ]
[2 , 2 , 2 , 2 , 0 , 0 ]
[2 , 2 , 2 , 2 , 0 , 0 ]
[2 , 2 , 2 , 2 , 0 , 0 ]
[0 , 0 , 1 , 1 , 1 , 1 ]
[0 , 0 , 1 , 1 , 1 , 1 ]
Pattern 759:[0,0,2,2,2,2][0,0,2,2,2,2][0,0,2,2,3,3][0,0,2,2,3,3][1,1,0,0,0,0][1,1,0,0,0,0] is case 3 1
Rearranged pattern to match case 3 layout: 
[2 , 2 , 2 , 2 , 0 , 0 ]
[2 , 2 , 2 , 2 , 0 , 0 ]
[2 , 2 , 3 , 3 , 0 , 0 ]
[2 , 2 , 3 , 3 , 0 , 0 ]
[0 , 0 , 0 , 0 , 1 , 1 ]
[0 , 0 , 0 , 0 , 1 , 1 ]
Pattern 760:[0,0,2,2,2,2][0,0,2,2,2,2][0,0,2,2,3,3][0,0,2,2,3,3][1,1,0,0,1,1][1,1,0,0,1,1] is case 3 1
Rearranged pattern to match case 3 layout: 
[2 , 2 , 2 , 2 , 0 , 0 ]
[2 , 2 , 2 , 2 , 0 , 0 ]
[2 , 2 , 3 , 3 , 0 , 0 ]
[2 , 2 , 3 , 3 , 0 , 0 ]
[0 , 0 , 1 , 1 , 1 , 1 ]
[0 , 0 , 1 , 1 , 1 , 1 ]
Pattern 761:[0,0,2,2,2,2][0,0,2,2,2,2][0,0,2,2,3,3][0,0,2,2,3,3][1,1,0,1,0,1][1,1,0,1,0,1] is case 3 1
Rearranged pattern to match case 3 layout: 
[2 , 2 , 2 , 2 , 0 , 0 ]
[2 , 2 , 2 , 2 , 0 , 0 ]
[2 , 2 , 3 , 3 , 0 , 0 ]
[2 , 2 , 3 , 3 , 0 , 0 ]
[0 , 1 , 0 , 1 , 1 , 1 ]
[0 , 1 , 0 , 1 , 1 , 1 ]
Pattern 762:[0,0,2,2,2,2][0,0,2,2,2,2][0,0,2,2,3,3][0,0,2,2,3,3][1,1,1,1,0,0][1,1,1,1,0,0] is case 3 1
Rearranged pattern to match case 3 layout: 
[2 , 2 , 2 , 2 , 0 , 0 ]
[2 , 2 , 2 , 2 , 0 , 0 ]
[2 , 2 , 3 , 3 , 0 , 0 ]
[2 , 2 , 3 , 3 , 0 , 0 ]
[1 , 1 , 0 , 0 , 1 , 1 ]
[1 , 1 , 0 , 0 , 1 , 1 ]
Pattern 763:[0,0,2,2,2,2][0,0,2,2,2,2][0,0,3,3,3,3][0,0,3,3,3,3][1,1,0,0,0,0][1,1,0,0,0,0] is case 3 1
Rearranged pattern to match case 3 layout: 
[2 , 2 , 2 , 2 , 0 , 0 ]
[2 , 2 , 2 , 2 , 0 , 0 ]
[3 , 3 , 3 , 3 , 0 , 0 ]
[3 , 3 , 3 , 3 , 0 , 0 ]
[0 , 0 , 0 , 0 , 1 , 1 ]
[0 , 0 , 0 , 0 , 1 , 1 ]
Pattern 764:[0,0,2,2,2,2][0,0,2,2,2,2][0,0,3,3,3,3][0,0,3,3,3,3][1,1,0,0,1,1][1,1,0,0,1,1] is case 3 1
Rearranged pattern to match case 3 layout: 
[2 , 2 , 2 , 2 , 0 , 0 ]
[2 , 2 , 2 , 2 , 0 , 0 ]
[3 , 3 , 3 , 3 , 0 , 0 ]
[3 , 3 , 3 , 3 , 0 , 0 ]
[0 , 0 , 1 , 1 , 1 , 1 ]
[0 , 0 , 1 , 1 , 1 , 1 ]
Pattern 771:[0,0,2,2,2,2][0,0,2,2,2,2][1,1,0,0,0,0][1,1,0,0,0,0][1,1,3,3,3,3][1,1,3,3,3,3] is case 3 1
Rearranged pattern to match case 3 layout: 
[2 , 2 , 2 , 2 , 0 , 0 ]
[2 , 2 , 2 , 2 , 0 , 0 ]
[3 , 3 , 3 , 3 , 1 , 1 ]
[3 , 3 , 3 , 3 , 1 , 1 ]
[0 , 0 , 0 , 0 , 1 , 1 ]
[0 , 0 , 0 , 0 , 1 , 1 ]
Pattern 773:[0,0,2,2,2,2][0,0,2,2,2,2][1,1,0,0,1,1][1,1,0,0,1,1][1,1,2,2,2,2][1,1,2,2,2,2] is case 3 but not a subcase we are looking for-1
Rearranged pattern: 
[2 , 2 , 2 , 2 , 0 , 0 ]
[2 , 2 , 2 , 2 , 0 , 0 ]
[2 , 2 , 2 , 2 , 1 , 1 ]
[2 , 2 , 2 , 2 , 1 , 1 ]
[0 , 0 , 1 , 1 , 1 , 1 ]
[0 , 0 , 1 , 1 , 1 , 1 ]
Pattern 774:[0,0,2,2,2,2][0,0,2,2,2,2][1,1,0,0,1,1][1,1,0,0,1,1][1,1,2,2,3,3][1,1,2,2,3,3] is case 3 but not a subcase we are looking for-1
Rearranged pattern: 
[2 , 2 , 2 , 2 , 0 , 0 ]
[2 , 2 , 2 , 2 , 0 , 0 ]
[2 , 2 , 3 , 3 , 1 , 1 ]
[2 , 2 , 3 , 3 , 1 , 1 ]
[0 , 0 , 1 , 1 , 1 , 1 ]
[0 , 0 , 1 , 1 , 1 , 1 ]
Pattern 775:[0,0,2,2,2,2][0,0,2,2,2,2][1,1,0,0,1,1][1,1,0,0,1,1][1,1,2,3,2,3][1,1,2,3,2,3] is case 3 but not a subcase we are looking for-1
Rearranged pattern: 
[2 , 2 , 2 , 2 , 0 , 0 ]
[2 , 2 , 2 , 2 , 0 , 0 ]
[2 , 3 , 2 , 3 , 1 , 1 ]
[2 , 3 , 2 , 3 , 1 , 1 ]
[0 , 0 , 1 , 1 , 1 , 1 ]
[0 , 0 , 1 , 1 , 1 , 1 ]
Pattern 776:[0,0,2,2,2,2][0,0,2,2,2,2][1,1,0,0,1,1][1,1,0,0,1,1][1,1,3,3,2,2][1,1,3,3,2,2] is case 3 but not a subcase we are looking for-1
Rearranged pattern: 
[2 , 2 , 2 , 2 , 0 , 0 ]
[2 , 2 , 2 , 2 , 0 , 0 ]
[3 , 3 , 2 , 2 , 1 , 1 ]
[3 , 3 , 2 , 2 , 1 , 1 ]
[0 , 0 , 1 , 1 , 1 , 1 ]
[0 , 0 , 1 , 1 , 1 , 1 ]
Pattern 777:[0,0,2,2,2,2][0,0,2,2,2,2][1,1,0,0,1,1][1,1,0,0,1,1][1,1,3,3,3,3][1,1,3,3,3,3] is case 3 but not a subcase we are looking for-1
Rearranged pattern: 
[2 , 2 , 2 , 2 , 0 , 0 ]
[2 , 2 , 2 , 2 , 0 , 0 ]
[3 , 3 , 3 , 3 , 1 , 1 ]
[3 , 3 , 3 , 3 , 1 , 1 ]
[0 , 0 , 1 , 1 , 1 , 1 ]
[0 , 0 , 1 , 1 , 1 , 1 ]
Pattern 799:[0,0,2,2,2,2][0,0,2,2,3,3][0,0,2,3,2,3][0,0,2,3,3,2][1,1,0,0,0,0][1,1,0,0,0,0] is case 3 1
Rearranged pattern to match case 3 layout: 
[2 , 2 , 2 , 2 , 0 , 0 ]
[2 , 2 , 3 , 3 , 0 , 0 ]
[2 , 3 , 2 , 3 , 0 , 0 ]
[2 , 3 , 3 , 2 , 0 , 0 ]
[0 , 0 , 0 , 0 , 1 , 1 ]
[0 , 0 , 0 , 0 , 1 , 1 ]
Pattern 800:[0,0,2,2,2,2][0,0,2,2,3,3][0,0,2,3,2,3][0,0,2,3,3,2][1,1,0,0,1,1][1,1,0,0,1,1] is case 3 1
Rearranged pattern to match case 3 layout: 
[2 , 2 , 2 , 2 , 0 , 0 ]
[2 , 2 , 3 , 3 , 0 , 0 ]
[2 , 3 , 2 , 3 , 0 , 0 ]
[2 , 3 , 3 , 2 , 0 , 0 ]
[0 , 0 , 1 , 1 , 1 , 1 ]
[0 , 0 , 1 , 1 , 1 , 1 ]
Pattern 801:[0,0,2,2,2,2][0,0,2,2,3,3][0,0,2,3,2,3][0,0,2,3,3,2][1,1,1,0,0,1][1,1,1,0,0,1] is case 3 1
Rearranged pattern to match case 3 layout: 
[2 , 2 , 2 , 2 , 0 , 0 ]
[2 , 2 , 3 , 3 , 0 , 0 ]
[2 , 3 , 2 , 3 , 0 , 0 ]
[2 , 3 , 3 , 2 , 0 , 0 ]
[1 , 0 , 0 , 1 , 1 , 1 ]
[1 , 0 , 0 , 1 , 1 , 1 ]
Pattern 802:[0,0,2,2,2,2][0,0,2,2,3,3][0,0,3,3,2,2][0,0,3,3,3,3][1,1,0,0,0,0][1,1,0,0,0,0] is case 3 1
Rearranged pattern to match case 3 layout: 
[2 , 2 , 2 , 2 , 0 , 0 ]
[2 , 2 , 3 , 3 , 0 , 0 ]
[3 , 3 , 2 , 2 , 0 , 0 ]
[3 , 3 , 3 , 3 , 0 , 0 ]
[0 , 0 , 0 , 0 , 1 , 1 ]
[0 , 0 , 0 , 0 , 1 , 1 ]
Pattern 803:[0,0,2,2,2,2][0,0,2,2,3,3][0,0,3,3,2,2][0,0,3,3,3,3][1,1,0,0,1,1][1,1,0,0,1,1] is case 3 1
Rearranged pattern to match case 3 layout: 
[2 , 2 , 2 , 2 , 0 , 0 ]
[2 , 2 , 3 , 3 , 0 , 0 ]
[3 , 3 , 2 , 2 , 0 , 0 ]
[3 , 3 , 3 , 3 , 0 , 0 ]
[0 , 0 , 1 , 1 , 1 , 1 ]
[0 , 0 , 1 , 1 , 1 , 1 ]
Pattern 804:[0,0,2,2,2,2][0,0,2,2,3,3][0,0,3,3,2,2][0,0,3,3,3,3][1,1,0,1,0,1][1,1,0,1,0,1] is case 3 1
Rearranged pattern to match case 3 layout: 
[2 , 2 , 2 , 2 , 0 , 0 ]
[2 , 2 , 3 , 3 , 0 , 0 ]
[3 , 3 , 2 , 2 , 0 , 0 ]
[3 , 3 , 3 , 3 , 0 , 0 ]
[0 , 1 , 0 , 1 , 1 , 1 ]
[0 , 1 , 0 , 1 , 1 , 1 ]
Pattern 805:[0,0,2,2,2,2][0,0,2,2,3,3][1,1,0,0,0,0][1,1,0,0,0,0][1,1,3,3,2,2][1,1,3,3,3,3] is case 3 1
Rearranged pattern to match case 3 layout: 
[2 , 2 , 2 , 2 , 0 , 0 ]
[2 , 2 , 3 , 3 , 0 , 0 ]
[3 , 3 , 2 , 2 , 1 , 1 ]
[3 , 3 , 3 , 3 , 1 , 1 ]
[0 , 0 , 0 , 0 , 1 , 1 ]
[0 , 0 , 0 , 0 , 1 , 1 ]
Pattern 806:[0,0,2,2,2,2][0,0,2,2,3,3][1,1,0,0,1,1][1,1,0,0,1,1][1,1,2,3,2,3][1,1,2,3,3,2] is case 3 but not a subcase we are looking for-1
Rearranged pattern: 
[2 , 2 , 2 , 2 , 0 , 0 ]
[2 , 2 , 3 , 3 , 0 , 0 ]
[2 , 3 , 2 , 3 , 1 , 1 ]
[2 , 3 , 3 , 2 , 1 , 1 ]
[0 , 0 , 1 , 1 , 1 , 1 ]
[0 , 0 , 1 , 1 , 1 , 1 ]
Pattern 807:[0,0,2,2,2,2][0,0,2,2,3,3][1,1,0,0,1,1][1,1,0,0,1,1][1,1,3,3,2,2][1,1,3,3,3,3] is case 3 but not a subcase we are looking for-1
Rearranged pattern: 
[2 , 2 , 2 , 2 , 0 , 0 ]
[2 , 2 , 3 , 3 , 0 , 0 ]
[3 , 3 , 2 , 2 , 1 , 1 ]
[3 , 3 , 3 , 3 , 1 , 1 ]
[0 , 0 , 1 , 1 , 1 , 1 ]
[0 , 0 , 1 , 1 , 1 , 1 ]
Pattern 808:[0,0,2,2,2,2][0,0,2,2,3,3][1,1,0,1,0,1][1,1,0,1,0,1][1,1,2,2,2,2][1,1,2,2,3,3] is case 3 but not a subcase we are looking for-1
Rearranged pattern: 
[2 , 2 , 2 , 2 , 0 , 0 ]
[2 , 2 , 3 , 3 , 0 , 0 ]
[2 , 2 , 2 , 2 , 1 , 1 ]
[2 , 2 , 3 , 3 , 1 , 1 ]
[0 , 1 , 0 , 1 , 1 , 1 ]
[0 , 1 , 0 , 1 , 1 , 1 ]
Pattern 809:[0,0,2,2,2,2][0,0,2,2,3,3][1,1,0,1,0,1][1,1,0,1,0,1][1,1,2,3,2,3][1,1,2,3,3,2] is case 3 but not a subcase we are looking for-1
Rearranged pattern: 
[2 , 2 , 2 , 2 , 0 , 0 ]
[2 , 2 , 3 , 3 , 0 , 0 ]
[2 , 3 , 2 , 3 , 1 , 1 ]
[2 , 3 , 3 , 2 , 1 , 1 ]
[0 , 1 , 0 , 1 , 1 , 1 ]
[0 , 1 , 0 , 1 , 1 , 1 ]
Pattern 810:[0,0,2,2,2,2][0,0,2,2,3,3][1,1,0,1,0,1][1,1,0,1,0,1][1,1,3,2,2,3][1,1,3,2,3,2] is case 3 but not a subcase we are looking for-1
Rearranged pattern: 
[2 , 2 , 2 , 2 , 0 , 0 ]
[2 , 2 , 3 , 3 , 0 , 0 ]
[3 , 2 , 2 , 3 , 1 , 1 ]
[3 , 2 , 3 , 2 , 1 , 1 ]
[0 , 1 , 0 , 1 , 1 , 1 ]
[0 , 1 , 0 , 1 , 1 , 1 ]
Pattern 811:[0,0,2,2,2,2][0,0,2,2,3,3][1,1,0,1,0,1][1,1,0,1,0,1][1,1,3,3,2,2][1,1,3,3,3,3] is case 3 but not a subcase we are looking for-1
Rearranged pattern: 
[2 , 2 , 2 , 2 , 0 , 0 ]
[2 , 2 , 3 , 3 , 0 , 0 ]
[3 , 3 , 2 , 2 , 1 , 1 ]
[3 , 3 , 3 , 3 , 1 , 1 ]
[0 , 1 , 0 , 1 , 1 , 1 ]
[0 , 1 , 0 , 1 , 1 , 1 ]
Pattern 812:[0,0,2,2,2,2][0,0,2,2,3,3][1,1,1,1,0,0][1,1,1,1,0,0][1,1,2,2,2,2][1,1,2,2,3,3] is case 3 but not a subcase we are looking for-1
Rearranged pattern: 
[2 , 2 , 2 , 2 , 0 , 0 ]
[2 , 2 , 3 , 3 , 0 , 0 ]
[2 , 2 , 2 , 2 , 1 , 1 ]
[2 , 2 , 3 , 3 , 1 , 1 ]
[1 , 1 , 0 , 0 , 1 , 1 ]
[1 , 1 , 0 , 0 , 1 , 1 ]
Pattern 813:[0,0,2,2,2,2][0,0,2,2,3,3][1,1,1,1,0,0][1,1,1,1,0,0][1,1,2,3,2,3][1,1,2,3,3,2] is case 3 but not a subcase we are looking for-1
Rearranged pattern: 
[2 , 2 , 2 , 2 , 0 , 0 ]
[2 , 2 , 3 , 3 , 0 , 0 ]
[2 , 3 , 2 , 3 , 1 , 1 ]
[2 , 3 , 3 , 2 , 1 , 1 ]
[1 , 1 , 0 , 0 , 1 , 1 ]
[1 , 1 , 0 , 0 , 1 , 1 ]
Pattern 814:[0,0,2,2,2,2][0,0,2,2,3,3][1,1,1,1,0,0][1,1,1,1,0,0][1,1,3,3,2,2][1,1,3,3,3,3] is case 3 but not a subcase we are looking for-1
Rearranged pattern: 
[2 , 2 , 2 , 2 , 0 , 0 ]
[2 , 2 , 3 , 3 , 0 , 0 ]
[3 , 3 , 2 , 2 , 1 , 1 ]
[3 , 3 , 3 , 3 , 1 , 1 ]
[1 , 1 , 0 , 0 , 1 , 1 ]
[1 , 1 , 0 , 0 , 1 , 1 ]
Pattern 815:[0,0,2,2,2,2][0,0,3,3,3,3][1,1,0,0,0,0][1,1,0,0,0,0][1,1,2,2,2,2][1,1,3,3,3,3] is case 3 1
Rearranged pattern to match case 3 layout: 
[2 , 2 , 2 , 2 , 0 , 0 ]
[3 , 3 , 3 , 3 , 0 , 0 ]
[2 , 2 , 2 , 2 , 1 , 1 ]
[3 , 3 , 3 , 3 , 1 , 1 ]
[0 , 0 , 0 , 0 , 1 , 1 ]
[0 , 0 , 0 , 0 , 1 , 1 ]
Pattern 816:[0,0,2,2,2,2][0,0,3,3,3,3][1,1,0,0,0,0][1,1,0,0,0,0][1,1,2,2,3,3][1,1,3,3,2,2] is case 3 1
Rearranged pattern to match case 3 layout: 
[2 , 2 , 2 , 2 , 0 , 0 ]
[3 , 3 , 3 , 3 , 0 , 0 ]
[2 , 2 , 3 , 3 , 1 , 1 ]
[3 , 3 , 2 , 2 , 1 , 1 ]
[0 , 0 , 0 , 0 , 1 , 1 ]
[0 , 0 , 0 , 0 , 1 , 1 ]
Pattern 817:[0,0,2,2,2,2][0,0,3,3,3,3][1,1,0,0,1,1][1,1,0,0,1,1][1,1,2,2,2,2][1,1,3,3,3,3] is case 3 but not a subcase we are looking for-1
Rearranged pattern: 
[2 , 2 , 2 , 2 , 0 , 0 ]
[3 , 3 , 3 , 3 , 0 , 0 ]
[2 , 2 , 2 , 2 , 1 , 1 ]
[3 , 3 , 3 , 3 , 1 , 1 ]
[0 , 0 , 1 , 1 , 1 , 1 ]
[0 , 0 , 1 , 1 , 1 , 1 ]
Pattern 818:[0,0,2,2,2,2][0,0,3,3,3,3][1,1,0,0,1,1][1,1,0,0,1,1][1,1,2,2,3,3][1,1,3,3,2,2] is case 3 but not a subcase we are looking for-1
Rearranged pattern: 
[2 , 2 , 2 , 2 , 0 , 0 ]
[3 , 3 , 3 , 3 , 0 , 0 ]
[2 , 2 , 3 , 3 , 1 , 1 ]
[3 , 3 , 2 , 2 , 1 , 1 ]
[0 , 0 , 1 , 1 , 1 , 1 ]
[0 , 0 , 1 , 1 , 1 , 1 ]
Pattern 819:[0,0,2,2,2,2][0,0,3,3,3,3][1,1,0,0,1,1][1,1,0,0,1,1][1,1,2,3,2,3][1,1,3,2,3,2] is case 3 but not a subcase we are looking for-1
Rearranged pattern: 
[2 , 2 , 2 , 2 , 0 , 0 ]
[3 , 3 , 3 , 3 , 0 , 0 ]
[2 , 3 , 2 , 3 , 1 , 1 ]
[3 , 2 , 3 , 2 , 1 , 1 ]
[0 , 0 , 1 , 1 , 1 , 1 ]
[0 , 0 , 1 , 1 , 1 , 1 ]
Pattern 831:[0,0,2,2,3,3][0,0,2,2,3,3][0,0,2,3,2,3][0,0,2,3,2,3][1,1,1,0,0,1][1,1,1,0,0,1] is case 3 1
Rearranged pattern to match case 3 layout: 
[2 , 2 , 3 , 3 , 0 , 0 ]
[2 , 2 , 3 , 3 , 0 , 0 ]
[2 , 3 , 2 , 3 , 0 , 0 ]
[2 , 3 , 2 , 3 , 0 , 0 ]
[1 , 0 , 0 , 1 , 1 , 1 ]
[1 , 0 , 0 , 1 , 1 , 1 ]
Pattern 832:[0,0,2,2,3,3][0,0,2,2,3,3][0,0,3,3,2,2][0,0,3,3,2,2][1,1,0,0,0,0][1,1,0,0,0,0] is case 3 1
Rearranged pattern to match case 3 layout: 
[2 , 2 , 3 , 3 , 0 , 0 ]
[2 , 2 , 3 , 3 , 0 , 0 ]
[3 , 3 , 2 , 2 , 0 , 0 ]
[3 , 3 , 2 , 2 , 0 , 0 ]
[0 , 0 , 0 , 0 , 1 , 1 ]
[0 , 0 , 0 , 0 , 1 , 1 ]
Pattern 833:[0,0,2,2,3,3][0,0,2,2,3,3][0,0,3,3,2,2][0,0,3,3,2,2][1,1,0,0,1,1][1,1,0,0,1,1] is case 3 1
Rearranged pattern to match case 3 layout: 
[2 , 2 , 3 , 3 , 0 , 0 ]
[2 , 2 , 3 , 3 , 0 , 0 ]
[3 , 3 , 2 , 2 , 0 , 0 ]
[3 , 3 , 2 , 2 , 0 , 0 ]
[0 , 0 , 1 , 1 , 1 , 1 ]
[0 , 0 , 1 , 1 , 1 , 1 ]
Pattern 834:[0,0,2,2,3,3][0,0,2,2,3,3][0,0,3,3,2,2][0,0,3,3,2,2][1,1,0,1,0,1][1,1,0,1,0,1] is case 3 1
Rearranged pattern to match case 3 layout: 
[2 , 2 , 3 , 3 , 0 , 0 ]
[2 , 2 , 3 , 3 , 0 , 0 ]
[3 , 3 , 2 , 2 , 0 , 0 ]
[3 , 3 , 2 , 2 , 0 , 0 ]
[0 , 1 , 0 , 1 , 1 , 1 ]
[0 , 1 , 0 , 1 , 1 , 1 ]
Pattern 840:[0,0,2,2,3,3][0,0,2,2,3,3][1,1,0,0,1,1][1,1,0,0,1,1][1,1,3,3,2,2][1,1,3,3,2,2] is case 3 but not a subcase we are looking for-1
Rearranged pattern: 
[2 , 2 , 3 , 3 , 0 , 0 ]
[2 , 2 , 3 , 3 , 0 , 0 ]
[3 , 3 , 2 , 2 , 1 , 1 ]
[3 , 3 , 2 , 2 , 1 , 1 ]
[0 , 0 , 1 , 1 , 1 , 1 ]
[0 , 0 , 1 , 1 , 1 , 1 ]
Pattern 841:[0,0,2,2,3,3][0,0,2,2,3,3][1,1,0,0,1,1][1,1,0,0,1,1][1,1,3,3,3,3][1,1,3,3,3,3] is case 3 but not a subcase we are looking for-1
Rearranged pattern: 
[2 , 2 , 3 , 3 , 0 , 0 ]
[2 , 2 , 3 , 3 , 0 , 0 ]
[3 , 3 , 3 , 3 , 1 , 1 ]
[3 , 3 , 3 , 3 , 1 , 1 ]
[0 , 0 , 1 , 1 , 1 , 1 ]
[0 , 0 , 1 , 1 , 1 , 1 ]
Pattern 843:[0,0,2,2,3,3][0,0,2,2,3,3][1,1,0,1,0,1][1,1,0,1,0,1][1,1,3,2,2,3][1,1,3,2,2,3] is case 3 but not a subcase we are looking for-1
Rearranged pattern: 
[2 , 2 , 3 , 3 , 0 , 0 ]
[2 , 2 , 3 , 3 , 0 , 0 ]
[3 , 2 , 2 , 3 , 1 , 1 ]
[3 , 2 , 2 , 3 , 1 , 1 ]
[0 , 1 , 0 , 1 , 1 , 1 ]
[0 , 1 , 0 , 1 , 1 , 1 ]
Pattern 844:[0,0,2,2,3,3][0,0,2,2,3,3][1,1,0,1,0,1][1,1,0,1,0,1][1,1,3,3,2,2][1,1,3,3,2,2] is case 3 but not a subcase we are looking for-1
Rearranged pattern: 
[2 , 2 , 3 , 3 , 0 , 0 ]
[2 , 2 , 3 , 3 , 0 , 0 ]
[3 , 3 , 2 , 2 , 1 , 1 ]
[3 , 3 , 2 , 2 , 1 , 1 ]
[0 , 1 , 0 , 1 , 1 , 1 ]
[0 , 1 , 0 , 1 , 1 , 1 ]
Pattern 867:[0,0,2,2,3,3][0,0,2,3,2,3][0,0,3,2,3,2][0,0,3,3,2,2][1,1,0,0,0,0][1,1,0,0,0,0] is case 3 1
Rearranged pattern to match case 3 layout: 
[2 , 2 , 3 , 3 , 0 , 0 ]
[2 , 3 , 2 , 3 , 0 , 0 ]
[3 , 2 , 3 , 2 , 0 , 0 ]
[3 , 3 , 2 , 2 , 0 , 0 ]
[0 , 0 , 0 , 0 , 1 , 1 ]
[0 , 0 , 0 , 0 , 1 , 1 ]
Pattern 868:[0,0,2,2,3,3][0,0,2,3,2,3][0,0,3,2,3,2][0,0,3,3,2,2][1,1,0,0,1,1][1,1,0,0,1,1] is case 3 1
Rearranged pattern to match case 3 layout: 
[2 , 2 , 3 , 3 , 0 , 0 ]
[2 , 3 , 2 , 3 , 0 , 0 ]
[3 , 2 , 3 , 2 , 0 , 0 ]
[3 , 3 , 2 , 2 , 0 , 0 ]
[0 , 0 , 1 , 1 , 1 , 1 ]
[0 , 0 , 1 , 1 , 1 , 1 ]
Pattern 869:[0,0,2,2,3,3][0,0,2,3,2,3][0,0,3,2,3,2][0,0,3,3,2,2][1,1,0,1,1,0][1,1,0,1,1,0] is case 3 1
Rearranged pattern to match case 3 layout: 
[2 , 2 , 3 , 3 , 0 , 0 ]
[2 , 3 , 2 , 3 , 0 , 0 ]
[3 , 2 , 3 , 2 , 0 , 0 ]
[3 , 3 , 2 , 2 , 0 , 0 ]
[0 , 1 , 1 , 0 , 1 , 1 ]
[0 , 1 , 1 , 0 , 1 , 1 ]
Pattern 870:[0,0,2,2,3,3][0,0,2,3,2,3][1,1,0,0,1,1][1,1,0,0,1,1][1,1,3,2,2,3][1,1,3,3,3,3] is case 3 but not a subcase we are looking for-1
Rearranged pattern: 
[2 , 2 , 3 , 3 , 0 , 0 ]
[2 , 3 , 2 , 3 , 0 , 0 ]
[3 , 2 , 2 , 3 , 1 , 1 ]
[3 , 3 , 3 , 3 , 1 , 1 ]
[0 , 0 , 1 , 1 , 1 , 1 ]
[0 , 0 , 1 , 1 , 1 , 1 ]
Pattern 871:[0,0,2,2,3,3][0,0,2,3,2,3][1,1,0,0,1,1][1,1,0,0,1,1][1,1,3,2,3,2][1,1,3,3,2,2] is case 3 but not a subcase we are looking for-1
Rearranged pattern: 
[2 , 2 , 3 , 3 , 0 , 0 ]
[2 , 3 , 2 , 3 , 0 , 0 ]
[3 , 2 , 3 , 2 , 1 , 1 ]
[3 , 3 , 2 , 2 , 1 , 1 ]
[0 , 0 , 1 , 1 , 1 , 1 ]
[0 , 0 , 1 , 1 , 1 , 1 ]
Pattern 872:[0,0,2,2,3,3][0,0,2,3,2,3][1,1,0,1,1,0][1,1,0,1,1,0][1,1,3,2,3,2][1,1,3,3,2,2] is case 3 but not a subcase we are looking for-1
Rearranged pattern: 
[2 , 2 , 3 , 3 , 0 , 0 ]
[2 , 3 , 2 , 3 , 0 , 0 ]
[3 , 2 , 3 , 2 , 1 , 1 ]
[3 , 3 , 2 , 2 , 1 , 1 ]
[0 , 1 , 1 , 0 , 1 , 1 ]
[0 , 1 , 1 , 0 , 1 , 1 ]
Pattern 875:[0,0,2,2,3,3][0,0,2,3,2,3][1,1,1,0,0,1][1,1,1,0,0,1][1,1,2,2,2,2][1,1,2,3,3,2] is case 3 but not a subcase we are looking for-1
Rearranged pattern: 
[2 , 2 , 3 , 3 , 0 , 0 ]
[2 , 3 , 2 , 3 , 0 , 0 ]
[2 , 2 , 2 , 2 , 1 , 1 ]
[2 , 3 , 3 , 2 , 1 , 1 ]
[1 , 0 , 0 , 1 , 1 , 1 ]
[1 , 0 , 0 , 1 , 1 , 1 ]
Pattern 876:[0,0,2,2,3,3][0,0,2,3,2,3][1,1,1,0,0,1][1,1,1,0,0,1][1,1,2,2,3,3][1,1,2,3,2,3] is case 3 but not a subcase we are looking for-1
Rearranged pattern: 
[2 , 2 , 3 , 3 , 0 , 0 ]
[2 , 3 , 2 , 3 , 0 , 0 ]
[2 , 2 , 3 , 3 , 1 , 1 ]
[2 , 3 , 2 , 3 , 1 , 1 ]
[1 , 0 , 0 , 1 , 1 , 1 ]
[1 , 0 , 0 , 1 , 1 , 1 ]
Pattern 877:[0,0,2,2,3,3][0,0,2,3,2,3][1,1,1,0,0,1][1,1,1,0,0,1][1,1,3,2,3,2][1,1,3,3,2,2] is case 3 but not a subcase we are looking for-1
Rearranged pattern: 
[2 , 2 , 3 , 3 , 0 , 0 ]
[2 , 3 , 2 , 3 , 0 , 0 ]
[3 , 2 , 3 , 2 , 1 , 1 ]
[3 , 3 , 2 , 2 , 1 , 1 ]
[1 , 0 , 0 , 1 , 1 , 1 ]
[1 , 0 , 0 , 1 , 1 , 1 ]
Pattern 878:[0,0,2,2,3,3][0,0,3,3,2,2][1,1,0,1,0,1][1,1,0,1,0,1][1,1,2,2,3,3][1,1,3,3,2,2] is case 3 but not a subcase we are looking for-1
Rearranged pattern: 
[2 , 2 , 3 , 3 , 0 , 0 ]
[3 , 3 , 2 , 2 , 0 , 0 ]
[2 , 2 , 3 , 3 , 1 , 1 ]
[3 , 3 , 2 , 2 , 1 , 1 ]
[0 , 1 , 0 , 1 , 1 , 1 ]
[0 , 1 , 0 , 1 , 1 , 1 ]
Pattern 879:[0,0,2,2,3,3][0,0,3,3,2,2][1,1,0,1,0,1][1,1,0,1,0,1][1,1,2,3,3,2][1,1,3,2,2,3] is case 3 but not a subcase we are looking for-1
Rearranged pattern: 
[2 , 2 , 3 , 3 , 0 , 0 ]
[3 , 3 , 2 , 2 , 0 , 0 ]
[2 , 3 , 3 , 2 , 1 , 1 ]
[3 , 2 , 2 , 3 , 1 , 1 ]
[0 , 1 , 0 , 1 , 1 , 1 ]
[0 , 1 , 0 , 1 , 1 , 1 ]
Pattern 908:[1,1,1,1,1,1][1,1,1,1,1,1][1,1,2,2,2,2][1,1,2,2,2,2][1,1,2,2,2,2][1,1,2,2,2,2] is case 3 but not a subcase we are looking for-1
Rearranged pattern: 
[2 , 2 , 2 , 2 , 1 , 1 ]
[2 , 2 , 2 , 2 , 1 , 1 ]
[2 , 2 , 2 , 2 , 1 , 1 ]
[2 , 2 , 2 , 2 , 1 , 1 ]
[1 , 1 , 1 , 1 , 1 , 1 ]
[1 , 1 , 1 , 1 , 1 , 1 ]
Pattern 909:[1,1,1,1,1,1][1,1,1,1,1,1][1,1,2,2,2,2][1,1,2,2,2,2][1,1,2,2,3,3][1,1,2,2,3,3] is case 3 but not a subcase we are looking for-1
Rearranged pattern: 
[2 , 2 , 2 , 2 , 1 , 1 ]
[2 , 2 , 2 , 2 , 1 , 1 ]
[2 , 2 , 3 , 3 , 1 , 1 ]
[2 , 2 , 3 , 3 , 1 , 1 ]
[1 , 1 , 1 , 1 , 1 , 1 ]
[1 , 1 , 1 , 1 , 1 , 1 ]
Pattern 910:[1,1,1,1,1,1][1,1,1,1,1,1][1,1,2,2,2,2][1,1,2,2,2,2][1,1,3,3,3,3][1,1,3,3,3,3] is case 3 but not a subcase we are looking for-1
Rearranged pattern: 
[2 , 2 , 2 , 2 , 1 , 1 ]
[2 , 2 , 2 , 2 , 1 , 1 ]
[3 , 3 , 3 , 3 , 1 , 1 ]
[3 , 3 , 3 , 3 , 1 , 1 ]
[1 , 1 , 1 , 1 , 1 , 1 ]
[1 , 1 , 1 , 1 , 1 , 1 ]
Pattern 911:[1,1,1,1,1,1][1,1,1,1,1,1][1,1,2,2,2,2][1,1,2,2,3,3][1,1,2,3,2,3][1,1,2,3,3,2] is case 3 but not a subcase we are looking for-1
Rearranged pattern: 
[2 , 2 , 2 , 2 , 1 , 1 ]
[2 , 2 , 3 , 3 , 1 , 1 ]
[2 , 3 , 2 , 3 , 1 , 1 ]
[2 , 3 , 3 , 2 , 1 , 1 ]
[1 , 1 , 1 , 1 , 1 , 1 ]
[1 , 1 , 1 , 1 , 1 , 1 ]
Pattern 912:[1,1,1,1,1,1][1,1,1,1,1,1][1,1,2,2,2,2][1,1,2,2,3,3][1,1,3,3,2,2][1,1,3,3,3,3] is case 3 but not a subcase we are looking for-1
Rearranged pattern: 
[2 , 2 , 2 , 2 , 1 , 1 ]
[2 , 2 , 3 , 3 , 1 , 1 ]
[3 , 3 , 2 , 2 , 1 , 1 ]
[3 , 3 , 3 , 3 , 1 , 1 ]
[1 , 1 , 1 , 1 , 1 , 1 ]
[1 , 1 , 1 , 1 , 1 , 1 ]
Pattern 913:[1,1,1,1,1,1][1,1,1,1,1,1][1,1,2,2,3,3][1,1,2,2,3,3][1,1,3,3,2,2][1,1,3,3,2,2] is case 3 but not a subcase we are looking for-1
Rearranged pattern: 
[2 , 2 , 3 , 3 , 1 , 1 ]
[2 , 2 , 3 , 3 , 1 , 1 ]
[3 , 3 , 2 , 2 , 1 , 1 ]
[3 , 3 , 2 , 2 , 1 , 1 ]
[1 , 1 , 1 , 1 , 1 , 1 ]
[1 , 1 , 1 , 1 , 1 , 1 ]
Pattern 914:[1,1,1,1,1,1][1,1,1,1,1,1][1,1,2,2,3,3][1,1,2,3,2,3][1,1,3,2,3,2][1,1,3,3,2,2] is case 3 but not a subcase we are looking for-1
Rearranged pattern: 
[2 , 2 , 3 , 3 , 1 , 1 ]
[2 , 3 , 2 , 3 , 1 , 1 ]
[3 , 2 , 3 , 2 , 1 , 1 ]
[3 , 3 , 2 , 2 , 1 , 1 ]
[1 , 1 , 1 , 1 , 1 , 1 ]
[1 , 1 , 1 , 1 , 1 , 1 ]
