2704 0 0 [1,1,3,3,3,3][1,1,3,3,3,3][3,3,1,1,3,3][3,3,1,1,3,3][3,3,3,3,1,1][3,3,3,3,1,1]
2703 0 0 [1,1,3,3,3,3][1,1,3,3,3,3][2,2,1,1,3,3][2,2,1,1,3,3][3,3,3,3,1,1][3,3,3,3,1,1]
2702 0 0 [1,1,3,3,3,3][1,1,3,3,3,3][2,2,1,1,3,3][2,2,1,1,3,3][2,2,3,3,1,1][2,2,3,3,1,1]
2700 0 0 [1,1,3,3,3,3][1,1,3,3,3,3][2,2,1,1,2,2][2,2,1,1,2,2][3,3,3,3,1,1][3,3,3,3,1,1]
2699 0 0 [1,1,3,3,3,3][1,1,3,3,3,3][2,2,1,1,2,2][2,2,1,1,2,2][2,2,2,2,1,1][2,2,2,2,1,1]
2690 0 0 [1,1,2,2,3,3][1,1,2,2,3,3][2,2,3,3,1,1][2,2,3,3,1,1][3,3,1,1,3,3][3,3,1,1,3,3]
2688 0 0 [1,1,2,2,3,3][1,1,2,2,3,3][2,2,1,1,3,3][2,2,1,1,3,3][3,3,3,3,1,1][3,3,3,3,1,1]
2678 0 0 [1,1,1,1,1,1][1,1,1,1,1,1][1,1,3,3,3,3][1,1,3,3,3,3][1,1,3,3,3,3][1,1,3,3,3,3]
2676 0 0 [1,1,1,1,1,1][1,1,1,1,1,1][1,1,2,2,3,3][1,1,2,3,2,3][1,1,3,2,2,3][1,1,3,3,3,3]
2675 0 0 [1,1,1,1,1,1][1,1,1,1,1,1][1,1,2,2,3,3][1,1,2,2,3,3][1,1,3,3,3,3][1,1,3,3,3,3]
2666 0 0 [0,1,1,1,3,3][1,0,1,1,3,3][1,1,1,1,1,1][1,1,1,1,1,1][3,3,1,1,0,1][3,3,1,1,1,0]
2660 0 0 [0,1,1,1,3,3][0,1,1,1,3,3][2,1,1,2,0,1][2,1,1,2,0,1][3,1,1,2,3,2][3,1,1,2,3,2]
2657 0 0 [0,1,1,1,3,3][0,1,1,1,3,3][2,1,1,2,0,1][2,1,1,2,0,1][2,1,1,3,2,3][2,1,1,3,2,3]
2656 0 0 [0,1,1,1,3,3][0,1,1,1,3,3][1,1,1,1,0,0][1,1,1,1,1,1][1,1,1,1,1,1][1,1,1,1,1,1]
2652 0 0 [0,1,1,1,3,3][0,1,1,1,3,3][1,0,3,3,1,1][1,0,3,3,1,1][1,1,0,0,1,1][1,1,1,1,0,0]
2651 0 0 [0,1,1,1,3,3][0,1,1,1,3,3][1,0,3,3,1,1][1,0,3,3,1,1][1,1,0,0,0,0][1,1,1,1,1,1]
2650 0 0 [0,1,1,1,3,3][0,1,1,1,3,3][1,0,2,2,1,1][1,0,2,2,1,1][1,1,3,3,3,3][1,1,3,3,3,3]
2647 0 0 [0,1,1,1,3,3][0,1,1,1,3,3][1,0,2,2,1,1][1,0,2,2,1,1][1,1,2,2,2,2][1,1,2,2,2,2]
2643 0 0 [0,1,1,1,3,3][0,1,1,1,3,3][1,0,1,1,3,3][1,0,1,1,3,3][1,1,1,1,0,0][1,1,1,1,0,0]
2642 0 0 [0,1,1,1,3,3][0,1,1,1,3,3][1,0,0,1,1,1][1,1,1,1,1,1][1,3,3,1,3,3][1,3,3,1,3,3]
2641 0 0 [0,1,1,1,3,3][0,1,1,1,3,3][1,0,0,1,1,1][1,1,1,1,1,1][1,3,3,1,2,2][1,3,3,1,2,2]
2640 0 0 [0,1,1,1,3,3][0,1,1,1,3,3][1,0,0,1,1,1][1,1,1,1,1,1][1,2,2,1,3,3][1,2,2,1,3,3]
2639 0 0 [0,1,1,1,3,3][0,1,1,1,3,3][1,0,0,1,1,1][1,1,1,1,1,1][1,2,2,1,2,2][1,2,2,1,2,2]
2638 0 0 [0,1,1,1,3,3][0,1,1,1,3,3][1,0,0,1,0,0][1,1,1,1,0,0][1,3,3,1,3,3][1,3,3,1,3,3]
2637 0 0 [0,1,1,1,3,3][0,1,1,1,3,3][1,0,0,1,0,0][1,1,1,1,0,0][1,3,3,1,2,2][1,3,3,1,2,2]
2636 0 0 [0,1,1,1,3,3][0,1,1,1,3,3][1,0,0,1,0,0][1,1,1,1,0,0][1,2,2,1,3,3][1,2,2,1,3,3]
2635 0 0 [0,1,1,1,3,3][0,1,1,1,3,3][1,0,0,1,0,0][1,1,1,1,0,0][1,2,2,1,2,2][1,2,2,1,2,2]
2631 0 0 [0,1,1,1,3,3][0,1,1,1,3,3][0,1,3,3,1,1][0,1,3,3,1,1][1,1,0,0,1,1][1,1,1,1,0,0]
2630 0 0 [0,1,1,1,3,3][0,1,1,1,3,3][0,1,3,3,1,1][0,1,3,3,1,1][1,1,0,0,0,0][1,1,1,1,1,1]
2629 0 0 [0,1,1,1,3,3][0,1,1,1,3,3][0,1,2,2,1,1][0,1,2,2,1,1][1,1,3,3,3,3][1,1,3,3,3,3]
2626 0 0 [0,1,1,1,3,3][0,1,1,1,3,3][0,1,2,2,1,1][0,1,2,2,1,1][1,1,2,2,2,2][1,1,2,2,2,2]
2622 0 0 [0,1,1,1,3,3][0,1,1,1,3,3][0,1,1,1,3,3][0,1,1,1,3,3][1,1,1,1,0,0][1,1,1,1,0,0]
2621 0 0 [0,1,1,1,3,3][0,1,1,1,3,3][0,1,1,1,3,3][0,1,1,1,3,3][1,0,0,1,1,1][1,0,0,1,1,1]
2620 0 0 [0,1,1,1,3,3][0,1,1,1,3,3][0,1,1,1,3,3][0,1,1,1,3,3][1,0,0,1,0,0][1,0,0,1,0,0]
2612 0 0 [0,1,1,1,2,2][0,1,1,1,3,3][1,0,1,1,2,2][1,0,1,1,3,3][1,1,1,1,0,0][1,1,1,1,0,0]
2601 0 0 [0,1,1,1,2,2][0,1,1,1,2,2][1,0,2,2,1,1][1,0,2,2,1,1][1,1,0,0,0,0][1,1,1,1,1,1]
2599 0 0 [0,1,1,1,2,2][0,1,1,1,2,2][1,0,1,1,3,3][1,0,1,1,3,3][1,1,1,1,0,0][1,1,1,1,0,0]
2597 0 0 [0,1,1,1,2,2][0,1,1,1,2,2][1,0,1,1,2,2][1,0,1,1,2,2][1,1,1,1,0,0][1,1,1,1,0,0]
2596 0 0 [0,1,1,1,2,2][0,1,1,1,2,2][1,0,0,1,1,1][1,1,1,1,1,1][1,3,3,1,3,3][1,3,3,1,3,3]
2592 0 0 [0,1,1,1,2,2][0,1,1,1,2,2][1,0,0,1,0,0][1,1,1,1,0,0][1,3,3,1,3,3][1,3,3,1,3,3]
2591 0 0 [0,1,1,1,2,2][0,1,1,1,2,2][1,0,0,1,0,0][1,1,1,1,0,0][1,3,3,1,2,2][1,3,3,1,2,2]
2590 0 0 [0,1,1,1,2,2][0,1,1,1,2,2][1,0,0,1,0,0][1,1,1,1,0,0][1,2,2,1,3,3][1,2,2,1,3,3]
2589 0 0 [0,1,1,1,2,2][0,1,1,1,2,2][1,0,0,1,0,0][1,1,1,1,0,0][1,2,2,1,2,2][1,2,2,1,2,2]
2581 0 0 [0,1,1,1,2,2][0,1,1,1,2,2][0,1,1,1,3,3][0,1,1,1,3,3][1,0,0,1,1,1][1,0,0,1,1,1]
2580 0 0 [0,1,1,1,2,2][0,1,1,1,2,2][0,1,1,1,3,3][0,1,1,1,3,3][1,0,0,1,0,0][1,0,0,1,0,0]
2578 0 0 [0,1,1,1,2,2][0,1,1,1,2,2][0,1,1,1,2,2][0,1,1,1,2,2][1,1,1,1,0,0][1,1,1,1,0,0]
2577 0 0 [0,1,1,1,2,2][0,1,1,1,2,2][0,1,1,1,2,2][0,1,1,1,2,2][1,0,0,1,1,1][1,0,0,1,1,1]
2576 0 0 [0,1,1,1,2,2][0,1,1,1,2,2][0,1,1,1,2,2][0,1,1,1,2,2][1,0,0,1,0,0][1,0,0,1,0,0]
2574 0 0 [0,0,3,3,3,3][1,1,1,1,1,1][1,1,1,1,1,1][1,1,2,2,3,3][2,2,2,2,1,1][2,2,3,3,0,0]
2572 0 0 [0,0,3,3,3,3][0,0,3,3,3,3][3,3,1,1,3,3][3,3,1,1,3,3][3,3,3,3,1,1][3,3,3,3,1,1]
2571 0 0 [0,0,3,3,3,3][0,0,3,3,3,3][3,3,1,1,3,3][3,3,1,1,3,3][3,3,2,2,1,1][3,3,2,2,1,1]
2570 0 0 [0,0,3,3,3,3][0,0,3,3,3,3][3,3,1,1,2,2][3,3,1,1,2,2][3,3,2,2,1,1][3,3,2,2,1,1]
2569 0 0 [0,0,3,3,3,3][0,0,3,3,3,3][3,3,0,0,3,3][3,3,0,0,3,3][3,3,3,3,1,1][3,3,3,3,1,1]
2568 0 0 [0,0,3,3,3,3][0,0,3,3,3,3][3,3,0,0,3,3][3,3,0,0,3,3][3,3,3,3,0,0][3,3,3,3,0,0]
2567 0 0 [0,0,3,3,3,3][0,0,3,3,3,3][2,2,1,1,3,3][2,2,1,1,3,3][3,3,3,3,1,1][3,3,3,3,1,1]
2566 0 0 [0,0,3,3,3,3][0,0,3,3,3,3][2,2,1,1,3,3][2,2,1,1,3,3][3,3,3,3,0,0][3,3,3,3,0,0]
2565 0 0 [0,0,3,3,3,3][0,0,3,3,3,3][2,2,1,1,3,3][2,2,1,1,3,3][3,3,2,2,1,1][3,3,2,2,1,1]
2564 0 0 [0,0,3,3,3,3][0,0,3,3,3,3][2,2,1,1,3,3][2,2,1,1,3,3][3,3,2,2,0,0][3,3,2,2,0,0]
2563 0 0 [0,0,3,3,3,3][0,0,3,3,3,3][2,2,1,1,3,3][2,2,1,1,3,3][2,2,3,3,1,1][2,2,3,3,1,1]
2562 0 0 [0,0,3,3,3,3][0,0,3,3,3,3][2,2,1,1,3,3][2,2,1,1,3,3][2,2,2,2,1,1][2,2,2,2,1,1]
2561 0 0 [0,0,3,3,3,3][0,0,3,3,3,3][2,2,1,1,2,2][2,2,1,1,2,2][3,3,3,3,1,1][3,3,3,3,1,1]
2560 0 0 [0,0,3,3,3,3][0,0,3,3,3,3][2,2,1,1,2,2][2,2,1,1,2,2][3,3,3,3,0,0][3,3,3,3,0,0]
2559 0 0 [0,0,3,3,3,3][0,0,3,3,3,3][2,2,1,1,2,2][2,2,1,1,2,2][3,3,2,2,1,1][3,3,2,2,1,1]
2557 0 0 [0,0,3,3,3,3][0,0,3,3,3,3][2,2,0,0,3,3][2,2,0,0,3,3][3,3,3,3,1,1][3,3,3,3,1,1]
2556 0 0 [0,0,3,3,3,3][0,0,3,3,3,3][2,2,0,0,3,3][2,2,0,0,3,3][3,3,3,3,0,0][3,3,3,3,0,0]
2555 0 0 [0,0,3,3,3,3][0,0,3,3,3,3][2,2,0,0,3,3][2,2,0,0,3,3][2,2,3,3,1,1][2,2,3,3,1,1]
2554 0 0 [0,0,3,3,3,3][0,0,3,3,3,3][2,2,0,0,3,3][2,2,0,0,3,3][2,2,3,3,0,0][2,2,3,3,0,0]
2553 0 0 [0,0,3,3,3,3][0,0,3,3,3,3][2,2,0,0,3,3][2,2,0,0,3,3][2,2,2,2,1,1][2,2,2,2,1,1]
2551 0 0 [0,0,3,3,3,3][0,0,3,3,3,3][2,2,0,0,2,2][2,2,0,0,2,2][3,3,3,3,1,1][3,3,3,3,1,1]
2550 0 0 [0,0,3,3,3,3][0,0,3,3,3,3][2,2,0,0,2,2][2,2,0,0,2,2][3,3,3,3,0,0][3,3,3,3,0,0]
2548 0 0 [0,0,3,3,3,3][0,0,3,3,3,3][2,2,0,0,2,2][2,2,0,0,2,2][2,2,2,2,1,1][2,2,2,2,1,1]
2547 0 0 [0,0,3,3,3,3][0,0,3,3,3,3][2,2,0,0,2,2][2,2,0,0,2,2][2,2,2,2,0,0][2,2,2,2,0,0]
2543 0 0 [0,0,3,3,3,3][0,0,3,3,3,3][1,1,0,0,1,1][1,1,1,1,0,0][1,1,1,1,1,1][1,1,1,1,1,1]
2542 0 0 [0,0,3,3,3,3][0,0,3,3,3,3][1,1,0,0,1,1][1,1,0,0,1,1][1,1,3,3,3,3][1,1,3,3,3,3]
2541 0 0 [0,0,3,3,3,3][0,0,3,3,3,3][1,1,0,0,1,1][1,1,0,0,1,1][1,1,3,3,2,2][1,1,3,3,2,2]
2540 0 0 [0,0,3,3,3,3][0,0,3,3,3,3][1,1,0,0,1,1][1,1,0,0,1,1][1,1,2,3,2,3][1,1,2,3,2,3]
2539 0 0 [0,0,3,3,3,3][0,0,3,3,3,3][1,1,0,0,1,1][1,1,0,0,1,1][1,1,2,2,3,3][1,1,2,2,3,3]
2538 0 0 [0,0,3,3,3,3][0,0,3,3,3,3][1,1,0,0,1,1][1,1,0,0,1,1][1,1,2,2,2,2][1,1,2,2,2,2]
2537 0 0 [0,0,3,3,3,3][0,0,3,3,3,3][1,1,0,0,0,0][1,1,1,1,1,1][1,1,1,1,1,1][1,1,1,1,1,1]
2536 0 0 [0,0,3,3,3,3][0,0,3,3,3,3][1,1,0,0,0,0][1,1,0,0,0,0][1,1,3,3,3,3][1,1,3,3,3,3]
2535 0 0 [0,0,3,3,3,3][0,0,3,3,3,3][1,1,0,0,0,0][1,1,0,0,0,0][1,1,2,2,3,3][1,1,2,2,3,3]
2534 0 0 [0,0,3,3,3,3][0,0,3,3,3,3][1,1,0,0,0,0][1,1,0,0,0,0][1,1,2,2,2,2][1,1,2,2,2,2]
2533 0 0 [0,0,3,3,3,3][0,0,3,3,3,3][0,1,1,1,3,3][0,1,1,1,3,3][1,1,0,0,1,1][1,1,1,1,1,1]
2532 0 0 [0,0,3,3,3,3][0,0,3,3,3,3][0,1,1,1,3,3][0,1,1,1,3,3][1,1,0,0,0,0][1,1,1,1,0,0]
2530 0 0 [0,0,3,3,3,3][0,0,3,3,3,3][0,1,1,1,3,3][0,1,1,1,3,3][1,0,2,2,1,1][1,0,2,2,1,1]
2528 0 0 [0,0,3,3,3,3][0,0,3,3,3,3][0,1,1,1,3,3][0,1,1,1,3,3][0,1,2,2,1,1][0,1,2,2,1,1]
2527 0 0 [0,0,3,3,3,3][0,0,3,3,3,3][0,1,1,1,2,2][0,1,1,1,2,2][1,1,0,0,1,1][1,1,1,1,1,1]
2526 0 0 [0,0,3,3,3,3][0,0,3,3,3,3][0,1,1,1,2,2][0,1,1,1,2,2][1,1,0,0,0,0][1,1,1,1,0,0]
2523 0 0 [0,0,3,3,3,3][0,0,3,3,3,3][0,1,0,0,3,3][0,1,0,0,3,3][1,1,0,0,1,1][1,1,1,1,1,1]
2522 0 0 [0,0,3,3,3,3][0,0,3,3,3,3][0,1,0,0,3,3][0,1,0,0,3,3][1,1,0,0,0,0][1,1,1,1,0,0]
2521 0 0 [0,0,3,3,3,3][0,0,3,3,3,3][0,1,0,0,3,3][0,1,0,0,3,3][1,0,3,3,1,1][1,0,3,3,1,1]
2520 0 0 [0,0,3,3,3,3][0,0,3,3,3,3][0,1,0,0,3,3][0,1,0,0,3,3][1,0,3,3,0,0][1,0,3,3,0,0]
2519 0 0 [0,0,3,3,3,3][0,0,3,3,3,3][0,1,0,0,3,3][0,1,0,0,3,3][1,0,2,2,1,1][1,0,2,2,1,1]
2518 0 0 [0,0,3,3,3,3][0,0,3,3,3,3][0,1,0,0,3,3][0,1,0,0,3,3][1,0,2,2,0,0][1,0,2,2,0,0]
2517 0 0 [0,0,3,3,3,3][0,0,3,3,3,3][0,1,0,0,3,3][0,1,0,0,3,3][0,1,3,3,1,1][0,1,3,3,1,1]
2516 0 0 [0,0,3,3,3,3][0,0,3,3,3,3][0,1,0,0,3,3][0,1,0,0,3,3][0,1,3,3,0,0][0,1,3,3,0,0]
2515 0 0 [0,0,3,3,3,3][0,0,3,3,3,3][0,1,0,0,3,3][0,1,0,0,3,3][0,1,2,2,1,1][0,1,2,2,1,1]
2514 0 0 [0,0,3,3,3,3][0,0,3,3,3,3][0,1,0,0,3,3][0,1,0,0,3,3][0,1,2,2,0,0][0,1,2,2,0,0]
2513 0 0 [0,0,3,3,3,3][0,0,3,3,3,3][0,1,0,0,2,2][0,1,0,0,2,2][1,1,0,0,1,1][1,1,1,1,1,1]
2512 0 0 [0,0,3,3,3,3][0,0,3,3,3,3][0,1,0,0,2,2][0,1,0,0,2,2][1,1,0,0,0,0][1,1,1,1,0,0]
2511 0 0 [0,0,3,3,3,3][0,0,3,3,3,3][0,1,0,0,2,2][0,1,0,0,2,2][1,0,3,3,1,1][1,0,3,3,1,1]
2510 0 0 [0,0,3,3,3,3][0,0,3,3,3,3][0,1,0,0,2,2][0,1,0,0,2,2][1,0,2,2,1,1][1,0,2,2,1,1]
2509 0 0 [0,0,3,3,3,3][0,0,3,3,3,3][0,1,0,0,2,2][0,1,0,0,2,2][1,0,2,2,0,0][1,0,2,2,0,0]
2508 0 0 [0,0,3,3,3,3][0,0,3,3,3,3][0,1,0,0,2,2][0,1,0,0,2,2][0,1,3,3,1,1][0,1,3,3,1,1]
2507 0 0 [0,0,3,3,3,3][0,0,3,3,3,3][0,1,0,0,2,2][0,1,0,0,2,2][0,1,2,2,1,1][0,1,2,2,1,1]
2506 0 0 [0,0,3,3,3,3][0,0,3,3,3,3][0,1,0,0,2,2][0,1,0,0,2,2][0,1,2,2,0,0][0,1,2,2,0,0]
2504 0 0 [0,0,3,3,3,3][0,0,3,3,3,3][0,0,3,3,3,3][0,0,3,3,3,3][1,1,0,0,1,1][1,1,0,0,1,1]
2503 0 0 [0,0,3,3,3,3][0,0,3,3,3,3][0,0,3,3,3,3][0,0,3,3,3,3][1,1,0,0,0,0][1,1,0,0,0,0]
2492 0 0 [0,0,2,2,3,3][0,0,3,3,3,3][1,1,1,1,0,0][1,1,1,1,0,0][1,1,2,3,2,3][1,1,3,2,2,3]
2491 0 0 [0,0,2,2,3,3][0,0,3,3,3,3][1,1,1,1,0,0][1,1,1,1,0,0][1,1,2,2,3,3][1,1,3,3,3,3]
2490 0 0 [0,0,2,2,3,3][0,0,3,3,3,3][1,1,1,1,0,0][1,1,1,1,0,0][1,1,2,2,2,2][1,1,3,3,2,2]
2489 0 0 [0,0,2,2,3,3][0,0,3,3,3,3][1,1,0,1,0,1][1,1,0,1,0,1][1,1,2,3,3,2][1,1,3,2,3,2]
2488 0 0 [0,0,2,2,3,3][0,0,3,3,3,3][1,1,0,1,0,1][1,1,0,1,0,1][1,1,2,3,2,3][1,1,3,2,2,3]
2487 0 0 [0,0,2,2,3,3][0,0,3,3,3,3][1,1,0,1,0,1][1,1,0,1,0,1][1,1,2,2,3,3][1,1,3,3,3,3]
2486 0 0 [0,0,2,2,3,3][0,0,3,3,3,3][1,1,0,1,0,1][1,1,0,1,0,1][1,1,2,2,2,2][1,1,3,3,2,2]
2485 0 0 [0,0,2,2,3,3][0,0,3,3,3,3][1,1,0,0,1,1][1,1,0,0,1,1][1,1,2,3,2,3][1,1,3,2,2,3]
2484 0 0 [0,0,2,2,3,3][0,0,3,3,3,3][1,1,0,0,1,1][1,1,0,0,1,1][1,1,2,2,3,3][1,1,3,3,3,3]
2483 0 0 [0,0,2,2,3,3][0,0,3,3,3,3][1,1,0,0,1,1][1,1,0,0,1,1][1,1,2,2,2,2][1,1,3,3,2,2]
2482 0 0 [0,0,2,2,3,3][0,0,3,3,3,3][1,1,0,0,0,0][1,1,0,0,0,0][1,1,2,3,2,3][1,1,3,2,2,3]
2481 0 0 [0,0,2,2,3,3][0,0,3,3,3,3][1,1,0,0,0,0][1,1,0,0,0,0][1,1,2,2,3,3][1,1,3,3,3,3]
2480 0 0 [0,0,2,2,3,3][0,0,3,3,3,3][1,1,0,0,0,0][1,1,0,0,0,0][1,1,2,2,2,2][1,1,3,3,2,2]
2479 0 0 [0,0,2,2,3,3][0,0,3,3,3,3][0,1,2,2,1,1][0,1,3,3,0,0][1,1,1,1,1,1][1,1,1,1,1,1]
2478 0 0 [0,0,2,2,3,3][0,0,3,3,3,3][0,1,2,2,1,1][0,1,3,3,0,0][1,1,1,1,0,0][1,1,1,1,0,0]
2477 0 0 [0,0,2,2,3,3][0,0,3,3,3,3][0,1,2,2,1,1][0,1,3,3,0,0][1,1,0,0,1,1][1,1,0,0,1,1]
2476 0 0 [0,0,2,2,3,3][0,0,3,3,3,3][0,1,2,2,1,1][0,1,3,3,0,0][1,1,0,0,0,0][1,1,0,0,0,0]
2475 0 0 [0,0,2,2,3,3][0,0,3,3,3,3][0,1,2,2,0,0][0,1,3,3,1,1][1,1,1,1,1,1][1,1,1,1,1,1]
2474 0 0 [0,0,2,2,3,3][0,0,3,3,3,3][0,1,2,2,0,0][0,1,3,3,1,1][1,1,1,1,0,0][1,1,1,1,0,0]
2473 0 0 [0,0,2,2,3,3][0,0,3,3,3,3][0,1,2,2,0,0][0,1,3,3,1,1][1,1,0,0,1,1][1,1,0,0,1,1]
2472 0 0 [0,0,2,2,3,3][0,0,3,3,3,3][0,1,2,2,0,0][0,1,3,3,1,1][1,1,0,0,0,0][1,1,0,0,0,0]
2452 0 0 [0,0,2,2,3,3][0,0,3,3,2,2][1,1,0,1,0,1][1,1,0,1,0,1][1,1,2,3,2,3][1,1,3,2,3,2]
2450 0 0 [0,0,2,2,3,3][0,0,3,3,2,2][1,1,0,1,0,1][1,1,0,1,0,1][1,1,2,2,2,2][1,1,3,3,3,3]
2449 0 0 [0,0,2,2,3,3][0,0,3,3,2,2][1,1,0,0,1,1][1,1,0,0,1,1][1,1,2,3,2,3][1,1,3,2,3,2]
2448 0 0 [0,0,2,2,3,3][0,0,3,3,2,2][1,1,0,0,1,1][1,1,0,0,1,1][1,1,2,2,3,3][1,1,3,3,2,2]
2447 0 0 [0,0,2,2,3,3][0,0,3,3,2,2][1,1,0,0,1,1][1,1,0,0,1,1][1,1,2,2,2,2][1,1,3,3,3,3]
2446 0 0 [0,0,2,2,3,3][0,0,3,3,2,2][1,1,0,0,0,0][1,1,0,0,0,0][1,1,2,3,2,3][1,1,3,2,3,2]
2445 0 0 [0,0,2,2,3,3][0,0,3,3,2,2][1,1,0,0,0,0][1,1,0,0,0,0][1,1,2,2,3,3][1,1,3,3,2,2]
2440 0 0 [0,0,2,2,3,3][0,0,3,3,2,2][0,1,0,0,2,2][0,1,0,0,3,3][1,0,2,2,0,0][1,0,3,3,0,0]
2438 0 0 [0,0,2,2,3,3][0,0,3,3,2,2][0,1,0,0,2,2][0,1,0,0,3,3][0,1,2,2,0,0][0,1,3,3,0,0]
2433 0 0 [0,0,2,2,3,3][0,0,2,3,2,3][1,1,1,0,1,0][1,1,1,0,1,0][1,1,3,2,3,2][1,1,3,3,2,2]
2432 0 0 [0,0,2,2,3,3][0,0,2,3,2,3][1,1,1,0,1,0][1,1,1,0,1,0][1,1,3,2,2,3][1,1,3,3,3,3]
2431 0 0 [0,0,2,2,3,3][0,0,2,3,2,3][1,1,1,0,1,0][1,1,1,0,1,0][1,1,2,2,3,3][1,1,2,3,2,3]
2430 0 0 [0,0,2,2,3,3][0,0,2,3,2,3][1,1,1,0,1,0][1,1,1,0,1,0][1,1,2,2,2,2][1,1,2,3,3,2]
2428 0 0 [0,0,2,2,3,3][0,0,2,3,2,3][1,1,1,0,0,1][1,1,1,0,0,1][1,1,3,2,2,3][1,1,3,3,3,3]
2420 0 0 [0,0,2,2,3,3][0,0,2,3,2,3][1,1,0,1,1,0][1,1,0,1,1,0][1,1,3,2,2,3][1,1,3,3,3,3]
2419 0 0 [0,0,2,2,3,3][0,0,2,3,2,3][1,1,0,1,1,0][1,1,0,1,1,0][1,1,2,2,3,3][1,1,2,3,2,3]
2418 0 0 [0,0,2,2,3,3][0,0,2,3,2,3][1,1,0,1,1,0][1,1,0,1,1,0][1,1,2,2,2,2][1,1,2,3,3,2]
2415 0 0 [0,0,2,2,3,3][0,0,2,3,2,3][1,1,0,0,1,1][1,1,0,0,1,1][1,1,2,2,3,3][1,1,2,3,2,3]
2414 0 0 [0,0,2,2,3,3][0,0,2,3,2,3][1,1,0,0,1,1][1,1,0,0,1,1][1,1,2,2,2,2][1,1,2,3,3,2]
2413 0 0 [0,0,2,2,3,3][0,0,2,3,2,3][1,1,0,0,0,0][1,1,0,0,0,0][1,1,3,2,3,2][1,1,3,3,2,2]
2412 0 0 [0,0,2,2,3,3][0,0,2,3,2,3][1,1,0,0,0,0][1,1,0,0,0,0][1,1,3,2,2,3][1,1,3,3,3,3]
2411 0 0 [0,0,2,2,3,3][0,0,2,3,2,3][1,1,0,0,0,0][1,1,0,0,0,0][1,1,2,2,3,3][1,1,2,3,2,3]
2410 0 0 [0,0,2,2,3,3][0,0,2,3,2,3][1,1,0,0,0,0][1,1,0,0,0,0][1,1,2,2,2,2][1,1,2,3,3,2]
2404 0 0 [0,0,2,2,3,3][0,0,2,3,2,3][0,0,3,2,2,3][0,0,3,3,3,3][1,1,0,1,1,0][1,1,0,1,1,0]
2403 0 0 [0,0,2,2,3,3][0,0,2,3,2,3][0,0,3,2,2,3][0,0,3,3,3,3][1,1,0,0,1,1][1,1,0,0,1,1]
2402 0 0 [0,0,2,2,3,3][0,0,2,3,2,3][0,0,3,2,2,3][0,0,3,3,3,3][1,1,0,0,0,0][1,1,0,0,0,0]
2379 0 0 [0,0,2,2,3,3][0,0,2,2,3,3][2,2,3,3,1,1][2,2,3,3,1,1][3,3,1,1,3,3][3,3,1,1,3,3]
2377 0 0 [0,0,2,2,3,3][0,0,2,2,3,3][2,2,3,3,1,1][2,2,3,3,1,1][3,3,0,0,3,3][3,3,0,0,3,3]
2374 0 0 [0,0,2,2,3,3][0,0,2,2,3,3][2,2,3,3,0,0][2,2,3,3,0,0][3,3,0,0,3,3][3,3,0,0,3,3]
2369 0 0 [0,0,2,2,3,3][0,0,2,2,3,3][2,2,1,1,3,3][2,2,1,1,3,3][3,3,3,3,1,1][3,3,3,3,1,1]
2368 0 0 [0,0,2,2,3,3][0,0,2,2,3,3][2,2,1,1,3,3][2,2,1,1,3,3][3,3,3,3,0,0][3,3,3,3,0,0]
2358 0 0 [0,0,2,2,3,3][0,0,2,2,3,3][2,2,1,1,2,2][2,2,1,1,2,2][3,3,2,2,0,0][3,3,2,2,0,0]
2352 0 0 [0,0,2,2,3,3][0,0,2,2,3,3][2,2,0,0,3,3][2,2,0,0,3,3][3,3,3,3,0,0][3,3,3,3,0,0]
2344 0 0 [0,0,2,2,3,3][0,0,2,2,3,3][1,1,1,3,0,3][1,1,1,3,0,3][1,1,2,1,2,0][1,1,2,1,2,0]
2337 0 0 [0,0,2,2,3,3][0,0,2,2,3,3][1,1,1,1,0,0][1,1,1,1,0,0][1,1,3,3,3,3][1,1,3,3,3,3]
2336 0 0 [0,0,2,2,3,3][0,0,2,2,3,3][1,1,1,1,0,0][1,1,1,1,0,0][1,1,3,3,2,2][1,1,3,3,2,2]
2335 0 0 [0,0,2,2,3,3][0,0,2,2,3,3][1,1,1,1,0,0][1,1,1,1,0,0][1,1,2,3,2,3][1,1,2,3,2,3]
2334 0 0 [0,0,2,2,3,3][0,0,2,2,3,3][1,1,1,1,0,0][1,1,1,1,0,0][1,1,2,2,3,3][1,1,2,2,3,3]
2333 0 0 [0,0,2,2,3,3][0,0,2,2,3,3][1,1,1,1,0,0][1,1,1,1,0,0][1,1,2,2,2,2][1,1,2,2,2,2]
2329 0 0 [0,0,2,2,3,3][0,0,2,2,3,3][1,1,0,3,1,3][1,1,0,3,1,3][1,1,2,0,2,1][1,1,2,0,2,1]
2324 0 0 [0,0,2,2,3,3][0,0,2,2,3,3][1,1,0,1,0,1][1,1,0,1,0,1][1,1,3,3,3,3][1,1,3,3,3,3]
2322 0 0 [0,0,2,2,3,3][0,0,2,2,3,3][1,1,0,1,0,1][1,1,0,1,0,1][1,1,3,2,3,2][1,1,3,2,3,2]
2320 0 0 [0,0,2,2,3,3][0,0,2,2,3,3][1,1,0,1,0,1][1,1,0,1,0,1][1,1,2,3,3,2][1,1,2,3,3,2]
2319 0 0 [0,0,2,2,3,3][0,0,2,2,3,3][1,1,0,1,0,1][1,1,0,1,0,1][1,1,2,3,2,3][1,1,2,3,2,3]
2317 0 0 [0,0,2,2,3,3][0,0,2,2,3,3][1,1,0,1,0,1][1,1,0,1,0,1][1,1,2,2,2,2][1,1,2,2,2,2]
2313 0 0 [0,0,2,2,3,3][0,0,2,2,3,3][1,1,0,0,1,1][1,1,0,0,1,1][1,1,2,3,2,3][1,1,2,3,2,3]
2312 0 0 [0,0,2,2,3,3][0,0,2,2,3,3][1,1,0,0,1,1][1,1,0,0,1,1][1,1,2,2,3,3][1,1,2,2,3,3]
2311 0 0 [0,0,2,2,3,3][0,0,2,2,3,3][1,1,0,0,1,1][1,1,0,0,1,1][1,1,2,2,2,2][1,1,2,2,2,2]
2309 0 0 [0,0,2,2,3,3][0,0,2,2,3,3][1,1,0,0,0,0][1,1,0,0,0,0][1,1,3,3,3,3][1,1,3,3,3,3]
2308 0 0 [0,0,2,2,3,3][0,0,2,2,3,3][1,1,0,0,0,0][1,1,0,0,0,0][1,1,3,3,2,2][1,1,3,3,2,2]
2307 0 0 [0,0,2,2,3,3][0,0,2,2,3,3][1,1,0,0,0,0][1,1,0,0,0,0][1,1,2,3,2,3][1,1,2,3,2,3]
2305 0 0 [0,0,2,2,3,3][0,0,2,2,3,3][1,1,0,0,0,0][1,1,0,0,0,0][1,1,2,2,2,2][1,1,2,2,2,2]
2304 0 0 [0,0,2,2,3,3][0,0,2,2,3,3][0,1,3,3,1,1][0,1,3,3,1,1][1,1,1,1,0,0][1,1,1,1,1,1]
2303 0 0 [0,0,2,2,3,3][0,0,2,2,3,3][0,1,3,3,1,1][0,1,3,3,1,1][1,1,0,0,0,0][1,1,0,0,1,1]
2302 0 0 [0,0,2,2,3,3][0,0,2,2,3,3][0,1,3,3,0,0][0,1,3,3,0,0][1,1,1,1,0,0][1,1,1,1,1,1]
2301 0 0 [0,0,2,2,3,3][0,0,2,2,3,3][0,1,3,3,0,0][0,1,3,3,0,0][1,1,0,0,0,0][1,1,0,0,1,1]
2300 0 0 [0,0,2,2,3,3][0,0,2,2,3,3][0,1,2,2,1,1][0,1,2,2,1,1][1,1,1,1,0,0][1,1,1,1,1,1]
2299 0 0 [0,0,2,2,3,3][0,0,2,2,3,3][0,1,2,2,1,1][0,1,2,2,1,1][1,1,0,0,0,0][1,1,0,0,1,1]
2298 0 0 [0,0,2,2,3,3][0,0,2,2,3,3][0,1,2,2,0,0][0,1,2,2,0,0][1,1,1,1,0,0][1,1,1,1,1,1]
2297 0 0 [0,0,2,2,3,3][0,0,2,2,3,3][0,1,2,2,0,0][0,1,2,2,0,0][1,1,0,0,0,0][1,1,0,0,1,1]
2295 0 0 [0,0,2,2,3,3][0,0,2,2,3,3][0,1,1,1,3,3][0,1,1,1,3,3][1,1,0,0,0,0][1,1,1,1,0,0]
2293 0 0 [0,0,2,2,3,3][0,0,2,2,3,3][0,1,1,1,3,3][0,1,1,1,3,3][1,0,3,3,0,0][1,0,3,3,0,0]
2291 0 0 [0,0,2,2,3,3][0,0,2,2,3,3][0,1,1,1,3,3][0,1,1,1,3,3][1,0,2,2,0,0][1,0,2,2,0,0]
2289 0 0 [0,0,2,2,3,3][0,0,2,2,3,3][0,1,1,1,3,3][0,1,1,1,3,3][0,1,3,3,0,0][0,1,3,3,0,0]
2287 0 0 [0,0,2,2,3,3][0,0,2,2,3,3][0,1,1,1,3,3][0,1,1,1,3,3][0,1,2,2,0,0][0,1,2,2,0,0]
2283 0 0 [0,0,2,2,3,3][0,0,2,2,3,3][0,1,1,1,2,2][0,1,1,1,2,2][1,0,3,3,0,0][1,0,3,3,0,0]
2281 0 0 [0,0,2,2,3,3][0,0,2,2,3,3][0,1,1,1,2,2][0,1,1,1,2,2][1,0,2,2,0,0][1,0,2,2,0,0]
2279 0 0 [0,0,2,2,3,3][0,0,2,2,3,3][0,1,1,1,2,2][0,1,1,1,2,2][0,1,3,3,0,0][0,1,3,3,0,0]
2277 0 0 [0,0,2,2,3,3][0,0,2,2,3,3][0,1,1,1,2,2][0,1,1,1,2,2][0,1,2,2,0,0][0,1,2,2,0,0]
2276 0 0 [0,0,2,2,3,3][0,0,2,2,3,3][0,1,0,0,3,3][0,1,0,0,3,3][1,1,0,0,1,1][1,1,1,1,1,1]
2275 0 0 [0,0,2,2,3,3][0,0,2,2,3,3][0,1,0,0,3,3][0,1,0,0,3,3][1,1,0,0,0,0][1,1,1,1,0,0]
2274 0 0 [0,0,2,2,3,3][0,0,2,2,3,3][0,1,0,0,3,3][0,1,0,0,3,3][1,0,3,3,1,1][1,0,3,3,1,1]
2273 0 0 [0,0,2,2,3,3][0,0,2,2,3,3][0,1,0,0,3,3][0,1,0,0,3,3][1,0,3,3,0,0][1,0,3,3,0,0]
2272 0 0 [0,0,2,2,3,3][0,0,2,2,3,3][0,1,0,0,3,3][0,1,0,0,3,3][1,0,2,2,1,1][1,0,2,2,1,1]
2270 0 0 [0,0,2,2,3,3][0,0,2,2,3,3][0,1,0,0,3,3][0,1,0,0,3,3][0,1,3,3,1,1][0,1,3,3,1,1]
2269 0 0 [0,0,2,2,3,3][0,0,2,2,3,3][0,1,0,0,3,3][0,1,0,0,3,3][0,1,3,3,0,0][0,1,3,3,0,0]
2268 0 0 [0,0,2,2,3,3][0,0,2,2,3,3][0,1,0,0,3,3][0,1,0,0,3,3][0,1,2,2,1,1][0,1,2,2,1,1]
2266 0 0 [0,0,2,2,3,3][0,0,2,2,3,3][0,1,0,0,2,2][0,1,0,0,2,2][1,1,0,0,1,1][1,1,1,1,1,1]
2264 0 0 [0,0,2,2,3,3][0,0,2,2,3,3][0,1,0,0,2,2][0,1,0,0,2,2][1,0,3,3,1,1][1,0,3,3,1,1]
2263 0 0 [0,0,2,2,3,3][0,0,2,2,3,3][0,1,0,0,2,2][0,1,0,0,2,2][1,0,3,3,0,0][1,0,3,3,0,0]
2262 0 0 [0,0,2,2,3,3][0,0,2,2,3,3][0,1,0,0,2,2][0,1,0,0,2,2][1,0,2,2,1,1][1,0,2,2,1,1]
2261 0 0 [0,0,2,2,3,3][0,0,2,2,3,3][0,1,0,0,2,2][0,1,0,0,2,2][1,0,2,2,0,0][1,0,2,2,0,0]
2260 0 0 [0,0,2,2,3,3][0,0,2,2,3,3][0,1,0,0,2,2][0,1,0,0,2,2][0,1,3,3,1,1][0,1,3,3,1,1]
2259 0 0 [0,0,2,2,3,3][0,0,2,2,3,3][0,1,0,0,2,2][0,1,0,0,2,2][0,1,3,3,0,0][0,1,3,3,0,0]
2258 0 0 [0,0,2,2,3,3][0,0,2,2,3,3][0,1,0,0,2,2][0,1,0,0,2,2][0,1,2,2,1,1][0,1,2,2,1,1]
2257 0 0 [0,0,2,2,3,3][0,0,2,2,3,3][0,1,0,0,2,2][0,1,0,0,2,2][0,1,2,2,0,0][0,1,2,2,0,0]
2255 0 0 [0,0,2,2,3,3][0,0,2,2,3,3][0,0,3,3,3,3][0,0,3,3,3,3][1,1,1,1,0,0][1,1,1,1,0,0]
2254 0 0 [0,0,2,2,3,3][0,0,2,2,3,3][0,0,3,3,3,3][0,0,3,3,3,3][1,1,0,1,0,1][1,1,0,1,0,1]
2253 0 0 [0,0,2,2,3,3][0,0,2,2,3,3][0,0,3,3,3,3][0,0,3,3,3,3][1,1,0,0,1,1][1,1,0,0,1,1]
2252 0 0 [0,0,2,2,3,3][0,0,2,2,3,3][0,0,3,3,3,3][0,0,3,3,3,3][1,1,0,0,0,0][1,1,0,0,0,0]
2246 0 0 [0,0,2,2,3,3][0,0,2,2,3,3][0,0,2,3,2,3][0,0,2,3,2,3][1,1,1,0,1,0][1,1,1,0,1,0]
2243 0 0 [0,0,2,2,3,3][0,0,2,2,3,3][0,0,2,3,2,3][0,0,2,3,2,3][1,1,0,0,1,1][1,1,0,0,1,1]
2240 0 0 [0,0,2,2,3,3][0,0,2,2,3,3][0,0,2,2,3,3][0,0,2,2,3,3][1,1,1,1,0,0][1,1,1,1,0,0]
2238 0 0 [0,0,2,2,3,3][0,0,2,2,3,3][0,0,2,2,3,3][0,0,2,2,3,3][1,1,0,0,1,1][1,1,0,0,1,1]
2200 0 0 [0,0,2,2,2,2][0,0,2,2,3,3][1,1,0,0,1,1][1,1,0,0,1,1][1,1,2,2,2,2][1,1,2,2,3,3]
2198 0 0 [0,0,2,2,2,2][0,0,2,2,3,3][1,1,0,0,0,0][1,1,0,0,0,0][1,1,2,3,2,3][1,1,2,3,3,2]
2197 0 0 [0,0,2,2,2,2][0,0,2,2,3,3][1,1,0,0,0,0][1,1,0,0,0,0][1,1,2,2,2,2][1,1,2,2,3,3]
2196 0 0 [0,0,2,2,2,2][0,0,2,2,3,3][0,1,0,0,3,3][0,1,1,1,2,2][1,1,1,1,1,1][1,1,1,1,1,1]
2195 0 0 [0,0,2,2,2,2][0,0,2,2,3,3][0,1,0,0,3,3][0,1,1,1,2,2][1,1,1,1,0,0][1,1,1,1,0,0]
2194 0 0 [0,0,2,2,2,2][0,0,2,2,3,3][0,1,0,0,3,3][0,1,1,1,2,2][1,1,0,0,1,1][1,1,0,0,1,1]
2193 0 0 [0,0,2,2,2,2][0,0,2,2,3,3][0,1,0,0,3,3][0,1,1,1,2,2][1,1,0,0,0,0][1,1,0,0,0,0]
2192 0 0 [0,0,2,2,2,2][0,0,2,2,3,3][0,1,0,0,2,2][0,1,1,1,3,3][1,1,1,1,1,1][1,1,1,1,1,1]
2191 0 0 [0,0,2,2,2,2][0,0,2,2,3,3][0,1,0,0,2,2][0,1,1,1,3,3][1,1,1,1,0,0][1,1,1,1,0,0]
2190 0 0 [0,0,2,2,2,2][0,0,2,2,3,3][0,1,0,0,2,2][0,1,1,1,3,3][1,1,0,0,1,1][1,1,0,0,1,1]
2189 0 0 [0,0,2,2,2,2][0,0,2,2,3,3][0,1,0,0,2,2][0,1,1,1,3,3][1,1,0,0,0,0][1,1,0,0,0,0]
2147 0 0 [0,0,2,2,2,2][0,0,2,2,2,2][1,1,0,0,0,0][1,1,0,0,0,0][1,1,2,2,3,3][1,1,2,2,3,3]
2146 0 0 [0,0,2,2,2,2][0,0,2,2,2,2][1,1,0,0,0,0][1,1,0,0,0,0][1,1,2,2,2,2][1,1,2,2,2,2]
2142 0 0 [0,0,2,2,2,2][0,0,2,2,2,2][0,1,1,1,3,3][0,1,1,1,3,3][1,0,2,2,1,1][1,0,2,2,1,1]
2140 0 0 [0,0,2,2,2,2][0,0,2,2,2,2][0,1,1,1,3,3][0,1,1,1,3,3][0,1,2,2,1,1][0,1,2,2,1,1]
2135 0 0 [0,0,2,2,2,2][0,0,2,2,2,2][0,1,0,0,3,3][0,1,0,0,3,3][1,1,0,0,1,1][1,1,1,1,1,1]
2133 0 0 [0,0,2,2,2,2][0,0,2,2,2,2][0,1,0,0,3,3][0,1,0,0,3,3][1,0,3,3,1,1][1,0,3,3,1,1]
2132 0 0 [0,0,2,2,2,2][0,0,2,2,2,2][0,1,0,0,3,3][0,1,0,0,3,3][1,0,3,3,0,0][1,0,3,3,0,0]
2131 0 0 [0,0,2,2,2,2][0,0,2,2,2,2][0,1,0,0,3,3][0,1,0,0,3,3][1,0,2,2,1,1][1,0,2,2,1,1]
2130 0 0 [0,0,2,2,2,2][0,0,2,2,2,2][0,1,0,0,3,3][0,1,0,0,3,3][1,0,2,2,0,0][1,0,2,2,0,0]
2129 0 0 [0,0,2,2,2,2][0,0,2,2,2,2][0,1,0,0,3,3][0,1,0,0,3,3][0,1,3,3,1,1][0,1,3,3,1,1]
2128 0 0 [0,0,2,2,2,2][0,0,2,2,2,2][0,1,0,0,3,3][0,1,0,0,3,3][0,1,3,3,0,0][0,1,3,3,0,0]
2127 0 0 [0,0,2,2,2,2][0,0,2,2,2,2][0,1,0,0,3,3][0,1,0,0,3,3][0,1,2,2,1,1][0,1,2,2,1,1]
2126 0 0 [0,0,2,2,2,2][0,0,2,2,2,2][0,1,0,0,3,3][0,1,0,0,3,3][0,1,2,2,0,0][0,1,2,2,0,0]
2125 0 0 [0,0,2,2,2,2][0,0,2,2,2,2][0,1,0,0,2,2][0,1,0,0,2,2][1,1,0,0,1,1][1,1,1,1,1,1]
2123 0 0 [0,0,2,2,2,2][0,0,2,2,2,2][0,1,0,0,2,2][0,1,0,0,2,2][1,0,3,3,1,1][1,0,3,3,1,1]
2122 0 0 [0,0,2,2,2,2][0,0,2,2,2,2][0,1,0,0,2,2][0,1,0,0,2,2][1,0,2,2,1,1][1,0,2,2,1,1]
2121 0 0 [0,0,2,2,2,2][0,0,2,2,2,2][0,1,0,0,2,2][0,1,0,0,2,2][1,0,2,2,0,0][1,0,2,2,0,0]
2120 0 0 [0,0,2,2,2,2][0,0,2,2,2,2][0,1,0,0,2,2][0,1,0,0,2,2][0,1,3,3,1,1][0,1,3,3,1,1]
2119 0 0 [0,0,2,2,2,2][0,0,2,2,2,2][0,1,0,0,2,2][0,1,0,0,2,2][0,1,2,2,1,1][0,1,2,2,1,1]
2118 0 0 [0,0,2,2,2,2][0,0,2,2,2,2][0,1,0,0,2,2][0,1,0,0,2,2][0,1,2,2,0,0][0,1,2,2,0,0]
2105 0 0 [0,0,1,1,1,1][1,1,0,0,1,1][1,1,3,3,3,3][1,1,3,3,3,3][2,2,1,1,3,3][2,2,1,1,3,3]
2078 0 0 [0,0,1,1,1,1][0,1,0,1,1,1][1,0,0,1,1,1][1,1,1,0,3,3][1,1,1,0,3,3][1,1,1,1,0,0]
2076 0 0 [0,0,1,1,1,1][0,1,0,1,1,1][0,1,1,1,3,3][0,1,1,1,3,3][1,0,1,0,0,0][1,1,0,0,1,1]
2074 0 0 [0,0,1,1,1,1][0,1,0,1,1,1][0,1,1,1,3,3][0,1,1,1,3,3][1,0,0,1,0,0][1,1,1,1,1,1]
2057 0 0 [0,0,1,1,1,1][0,0,3,3,3,3][0,0,3,3,3,3][1,1,0,0,1,1][2,2,0,0,3,3][2,2,0,0,3,3]
2048 0 0 [0,0,1,1,1,1][0,0,2,2,3,3][0,0,2,2,3,3][1,1,1,1,0,0][2,2,2,2,0,0][2,2,2,2,0,0]
2016 0 0 [0,0,1,1,1,1][0,0,1,1,1,1][2,2,1,1,3,3][2,2,2,2,1,1][3,3,0,0,3,3][3,3,2,2,0,0]
1992 0 0 [0,0,1,1,1,1][0,0,1,1,1,1][1,1,3,3,3,3][1,1,3,3,3,3][1,1,3,3,3,3][1,1,3,3,3,3]
1990 0 0 [0,0,1,1,1,1][0,0,1,1,1,1][1,1,2,2,3,3][1,1,2,3,2,3][1,1,3,2,2,3][1,1,3,3,3,3]
1989 0 0 [0,0,1,1,1,1][0,0,1,1,1,1][1,1,2,2,3,3][1,1,2,2,3,3][1,1,3,3,3,3][1,1,3,3,3,3]
1980 0 0 [0,0,1,1,1,1][0,0,1,1,1,1][1,1,0,1,3,3][1,1,1,0,3,3][1,1,3,3,0,1][1,1,3,3,1,0]
1977 0 0 [0,0,1,1,1,1][0,0,1,1,1,1][1,1,0,1,3,3][1,1,0,1,3,3][1,1,1,1,0,0][1,1,1,1,1,1]
1965 0 0 [0,0,1,1,1,1][0,0,1,1,1,1][1,1,0,0,0,0][1,1,1,1,1,1][1,1,3,3,3,3][1,1,3,3,3,3]
1961 0 0 [0,0,1,1,1,1][0,0,1,1,1,1][0,1,1,1,3,3][1,0,1,1,3,3][3,3,0,0,0,1][3,3,0,0,1,0]
1959 0 0 [0,0,1,1,1,1][0,0,1,1,1,1][0,1,1,1,3,3][1,0,1,1,3,3][2,2,0,0,0,1][2,2,0,0,1,0]
1955 0 0 [0,0,1,1,1,1][0,0,1,1,1,1][0,1,1,1,3,3][0,1,1,1,3,3][1,1,0,1,3,3][1,1,0,1,3,3]
1954 0 0 [0,0,1,1,1,1][0,0,1,1,1,1][0,1,1,1,3,3][0,1,1,1,3,3][1,1,0,1,2,2][1,1,0,1,2,2]
1953 0 0 [0,0,1,1,1,1][0,0,1,1,1,1][0,1,1,1,3,3][0,1,1,1,3,3][1,1,0,0,0,0][1,1,0,0,1,1]
1922 0 0 [0,0,1,1,1,1][0,0,1,1,1,1][0,1,0,0,3,3][1,0,0,0,3,3][3,3,1,1,0,1][3,3,1,1,1,0]
1921 0 0 [0,0,1,1,1,1][0,0,1,1,1,1][0,1,0,0,3,3][1,0,0,0,3,3][2,2,1,1,0,1][2,2,1,1,1,0]
1919 0 0 [0,0,1,1,1,1][0,0,1,1,1,1][0,1,0,0,3,3][0,1,1,1,3,3][1,1,0,1,3,3][1,1,1,0,3,3]
1918 0 0 [0,0,1,1,1,1][0,0,1,1,1,1][0,1,0,0,3,3][0,1,1,1,3,3][1,1,0,1,2,2][1,1,1,0,2,2]
1917 0 0 [0,0,1,1,1,1][0,0,1,1,1,1][0,1,0,0,3,3][0,1,1,1,3,3][1,0,3,3,0,0][1,0,3,3,1,1]
1915 0 0 [0,0,1,1,1,1][0,0,1,1,1,1][0,1,0,0,3,3][0,1,1,1,3,3][1,0,0,0,3,3][1,0,1,1,3,3]
1914 0 0 [0,0,1,1,1,1][0,0,1,1,1,1][0,1,0,0,3,3][0,1,1,1,3,3][0,1,3,3,0,0][0,1,3,3,1,1]
1912 0 0 [0,0,1,1,1,1][0,0,1,1,1,1][0,1,0,0,3,3][0,1,1,1,2,2][1,1,3,3,2,2][1,1,3,3,3,3]
1911 0 0 [0,0,1,1,1,1][0,0,1,1,1,1][0,1,0,0,3,3][0,1,1,1,2,2][1,1,2,2,2,2][1,1,2,2,3,3]
1910 0 0 [0,0,1,1,1,1][0,0,1,1,1,1][0,1,0,0,3,3][0,1,1,1,2,2][1,1,0,1,2,2][1,1,1,0,3,3]
1909 0 0 [0,0,1,1,1,1][0,0,1,1,1,1][0,1,0,0,3,3][0,1,1,1,2,2][1,0,0,0,3,3][1,0,1,1,2,2]
1908 0 0 [0,0,1,1,1,1][0,0,1,1,1,1][0,1,0,0,3,3][0,1,0,0,3,3][1,0,1,1,3,3][1,0,1,1,3,3]
1907 0 0 [0,0,1,1,1,1][0,0,1,1,1,1][0,1,0,0,3,3][0,1,0,0,3,3][1,0,1,1,2,2][1,0,1,1,2,2]
1903 0 0 [0,0,1,1,1,1][0,0,1,1,1,1][0,1,0,0,2,2][0,1,1,1,3,3][1,1,3,3,2,2][1,1,3,3,3,3]
1902 0 0 [0,0,1,1,1,1][0,0,1,1,1,1][0,1,0,0,2,2][0,1,1,1,3,3][1,1,2,2,2,2][1,1,2,2,3,3]
1901 0 0 [0,0,1,1,1,1][0,0,1,1,1,1][0,1,0,0,2,2][0,1,1,1,3,3][1,1,0,1,2,2][1,1,1,0,3,3]
1900 0 0 [0,0,1,1,1,1][0,0,1,1,1,1][0,1,0,0,2,2][0,1,1,1,3,3][1,0,0,0,3,3][1,0,1,1,2,2]
1899 0 0 [0,0,1,1,1,1][0,0,1,1,1,1][0,1,0,0,2,2][0,1,1,1,3,3][1,0,0,0,2,2][1,0,1,1,3,3]
1898 0 0 [0,0,1,1,1,1][0,0,1,1,1,1][0,1,0,0,2,2][0,1,1,1,2,2][1,1,0,1,3,3][1,1,1,0,3,3]
1897 0 0 [0,0,1,1,1,1][0,0,1,1,1,1][0,1,0,0,2,2][0,1,1,1,2,2][1,1,0,1,2,2][1,1,1,0,2,2]
1896 0 0 [0,0,1,1,1,1][0,0,1,1,1,1][0,1,0,0,2,2][0,1,1,1,2,2][1,0,2,2,0,0][1,0,2,2,1,1]
1895 0 0 [0,0,1,1,1,1][0,0,1,1,1,1][0,1,0,0,2,2][0,1,1,1,2,2][1,0,0,0,3,3][1,0,1,1,3,3]
1894 0 0 [0,0,1,1,1,1][0,0,1,1,1,1][0,1,0,0,2,2][0,1,1,1,2,2][1,0,0,0,2,2][1,0,1,1,2,2]
1893 0 0 [0,0,1,1,1,1][0,0,1,1,1,1][0,1,0,0,2,2][0,1,1,1,2,2][0,1,2,2,0,0][0,1,2,2,1,1]
1892 0 0 [0,0,1,1,1,1][0,0,1,1,1,1][0,1,0,0,2,2][0,1,0,0,3,3][1,0,1,1,2,2][1,0,1,1,3,3]
1891 0 0 [0,0,1,1,1,1][0,0,1,1,1,1][0,1,0,0,2,2][0,1,0,0,2,2][1,0,1,1,3,3][1,0,1,1,3,3]
1890 0 0 [0,0,1,1,1,1][0,0,1,1,1,1][0,1,0,0,2,2][0,1,0,0,2,2][1,0,1,1,2,2][1,0,1,1,2,2]
1889 0 0 [0,0,1,1,1,1][0,0,1,1,1,1][0,1,0,0,0,1][1,0,0,0,1,0][3,3,1,1,3,3][3,3,1,1,3,3]
1888 0 0 [0,0,1,1,1,1][0,0,1,1,1,1][0,1,0,0,0,1][1,0,0,0,1,0][3,3,1,1,2,2][3,3,1,1,2,2]
1883 0 0 [0,0,1,1,1,1][0,0,1,1,1,1][0,1,0,0,0,1][0,1,0,1,1,1][1,0,1,3,3,1][1,0,1,3,3,1]
1882 0 0 [0,0,1,1,1,1][0,0,1,1,1,1][0,1,0,0,0,1][0,1,0,1,1,1][1,0,1,2,2,1][1,0,1,2,2,1]
1873 0 0 [0,0,1,1,1,1][0,0,1,1,1,1][0,0,3,3,3,3][0,0,3,3,3,3][1,1,0,0,0,0][1,1,1,1,1,1]
1858 0 0 [0,0,1,1,1,1][0,0,1,1,1,1][0,0,2,2,3,3][0,0,3,3,3,3][0,1,2,2,1,1][0,1,3,3,0,0]
1857 0 0 [0,0,1,1,1,1][0,0,1,1,1,1][0,0,2,2,3,3][0,0,3,3,3,3][0,1,2,2,0,0][0,1,3,3,1,1]
1824 0 0 [0,0,1,1,1,1][0,0,1,1,1,1][0,0,2,2,2,2][0,0,2,2,3,3][0,1,0,0,3,3][0,1,1,1,2,2]
1823 0 0 [0,0,1,1,1,1][0,0,1,1,1,1][0,0,2,2,2,2][0,0,2,2,3,3][0,1,0,0,2,2][0,1,1,1,3,3]
1811 0 0 [0,0,1,1,1,1][0,0,1,1,1,1][0,0,1,1,1,1][1,1,1,1,1,1][3,3,0,0,0,1][3,3,0,0,0,1]
1793 0 0 [0,0,0,1,3,3][0,1,1,1,3,3][0,3,3,1,0,0][0,3,3,1,1,1][1,0,0,1,1,1][1,0,0,1,1,1]
1792 0 0 [0,0,0,1,3,3][0,1,1,1,3,3][0,3,3,1,0,0][0,3,3,1,1,1][1,0,0,1,0,0][1,0,0,1,0,0]
1790 0 0 [0,0,0,1,3,3][0,1,1,1,3,3][0,2,2,1,0,0][0,2,2,1,1,1][1,1,1,1,0,0][1,1,1,1,0,0]
1789 0 0 [0,0,0,1,3,3][0,1,1,1,3,3][0,2,2,1,0,0][0,2,2,1,1,1][1,0,0,1,1,1][1,0,0,1,1,1]
1781 0 0 [0,0,0,1,3,3][0,0,1,1,1,1][0,0,1,1,1,1][1,1,0,1,3,3][3,3,1,0,0,0][3,3,1,0,1,1]
1780 0 0 [0,0,0,1,3,3][0,0,1,1,1,1][0,0,1,1,1,1][1,1,0,1,3,3][2,2,1,0,0,0][2,2,1,0,1,1]
1774 0 0 [0,0,0,1,3,3][0,0,1,1,1,1][0,0,1,1,1,1][0,1,0,0,3,3][1,0,1,1,3,3][1,1,1,0,3,3]
1773 0 0 [0,0,0,1,3,3][0,0,1,1,1,1][0,0,1,1,1,1][0,1,0,0,3,3][1,0,1,1,2,2][1,1,1,0,2,2]
1772 0 0 [0,0,0,1,3,3][0,0,1,1,1,1][0,0,1,1,1,1][0,1,0,0,3,3][1,0,0,0,3,3][1,1,0,1,3,3]
1771 0 0 [0,0,0,1,3,3][0,0,1,1,1,1][0,0,1,1,1,1][0,1,0,0,2,2][1,0,1,1,3,3][1,1,1,0,2,2]
1770 0 0 [0,0,0,1,3,3][0,0,1,1,1,1][0,0,1,1,1,1][0,1,0,0,2,2][1,0,1,1,2,2][1,1,1,0,3,3]
1769 0 0 [0,0,0,1,3,3][0,0,1,1,1,1][0,0,1,1,1,1][0,1,0,0,2,2][1,0,0,0,3,3][1,1,0,1,2,2]
1768 0 0 [0,0,0,1,3,3][0,0,1,1,1,1][0,0,1,1,1,1][0,1,0,0,2,2][1,0,0,0,2,2][1,1,0,1,3,3]
1757 0 0 [0,0,0,1,3,3][0,0,1,0,3,3][0,0,3,3,0,1][0,0,3,3,1,0][1,1,0,0,0,0][1,1,0,0,0,0]
1755 0 0 [0,0,0,1,3,3][0,0,1,0,3,3][0,0,2,2,0,1][0,0,2,2,1,0][1,1,1,1,0,0][1,1,1,1,0,0]
1754 0 0 [0,0,0,1,3,3][0,0,1,0,3,3][0,0,2,2,0,1][0,0,2,2,1,0][1,1,0,0,1,1][1,1,0,0,1,1]
1752 0 0 [0,0,0,1,3,3][0,0,1,0,3,3][0,0,1,1,1,1][0,0,1,1,1,1][1,1,3,3,0,1][1,1,3,3,1,0]
1750 0 0 [0,0,0,1,3,3][0,0,1,0,3,3][0,0,1,1,1,1][0,0,1,1,1,1][1,1,0,1,3,3][1,1,1,0,3,3]
1749 0 0 [0,0,0,1,3,3][0,0,1,0,3,3][0,0,1,1,1,1][0,0,1,1,1,1][1,1,0,1,2,2][1,1,1,0,2,2]
1747 0 0 [0,0,0,1,3,3][0,0,1,0,3,3][0,0,1,1,1,1][0,0,1,1,1,1][0,1,0,0,2,2][0,1,1,1,2,2]
1725 0 0 [0,0,0,1,3,3][0,0,0,1,3,3][1,2,2,0,0,0][1,2,2,0,0,0][1,3,3,1,3,3][1,3,3,1,3,3]
1704 0 0 [0,0,0,1,3,3][0,0,0,1,3,3][0,3,3,1,1,1][0,3,3,1,1,1][1,0,0,1,1,1][1,1,1,1,0,0]
1703 0 0 [0,0,0,1,3,3][0,0,0,1,3,3][0,3,3,1,1,1][0,3,3,1,1,1][1,0,0,1,0,0][1,1,1,1,1,1]
1699 0 0 [0,0,0,1,3,3][0,0,0,1,3,3][0,3,3,1,0,0][0,3,3,1,0,0][1,0,0,1,1,1][1,1,1,1,0,0]
1698 0 0 [0,0,0,1,3,3][0,0,0,1,3,3][0,3,3,1,0,0][0,3,3,1,0,0][1,0,0,1,0,0][1,1,1,1,1,1]
1693 0 0 [0,0,0,1,3,3][0,0,0,1,3,3][0,2,2,1,1,1][0,2,2,1,1,1][1,0,0,1,1,1][1,1,1,1,0,0]
1692 0 0 [0,0,0,1,3,3][0,0,0,1,3,3][0,2,2,1,1,1][0,2,2,1,1,1][1,0,0,1,0,0][1,1,1,1,1,1]
1691 0 0 [0,0,0,1,3,3][0,0,0,1,3,3][0,2,2,1,0,0][0,2,2,1,0,0][1,3,3,1,3,3][1,3,3,1,3,3]
1688 0 0 [0,0,0,1,3,3][0,0,0,1,3,3][0,2,2,1,0,0][0,2,2,1,0,0][1,2,2,1,2,2][1,2,2,1,2,2]
1680 0 0 [0,0,0,1,3,3][0,0,0,1,3,3][0,1,1,0,1,1][1,1,1,1,1,1][2,1,1,3,2,3][2,1,1,3,2,3]
1676 0 0 [0,0,0,1,3,3][0,0,0,1,3,3][0,1,1,0,1,1][0,1,1,0,1,1][1,0,1,1,3,3][1,0,1,1,3,3]
1675 0 0 [0,0,0,1,3,3][0,0,0,1,3,3][0,1,1,0,1,1][0,1,1,0,1,1][1,0,1,1,2,2][1,0,1,1,2,2]
1672 0 0 [0,0,0,1,3,3][0,0,0,1,3,3][0,1,1,0,0,0][1,1,1,1,1,1][3,1,1,3,0,1][3,1,1,3,0,1]
1671 0 0 [0,0,0,1,3,3][0,0,0,1,3,3][0,1,1,0,0,0][1,1,1,1,1,1][2,1,1,2,0,1][2,1,1,2,0,1]
1670 0 0 [0,0,0,1,3,3][0,0,0,1,3,3][0,1,1,0,0,0][1,1,1,1,0,0][3,1,1,2,2,3][3,1,1,2,2,3]
1669 0 0 [0,0,0,1,3,3][0,0,0,1,3,3][0,1,1,0,0,0][1,1,1,1,0,0][2,1,1,3,2,3][2,1,1,3,2,3]
1668 0 0 [0,0,0,1,3,3][0,0,0,1,3,3][0,1,1,0,0,0][0,1,1,0,1,1][1,1,1,1,1,1][1,1,1,1,1,1]
1667 0 0 [0,0,0,1,3,3][0,0,0,1,3,3][0,1,1,0,0,0][0,1,1,0,1,1][1,1,1,1,0,0][1,1,1,1,0,0]
1666 0 0 [0,0,0,1,3,3][0,0,0,1,3,3][0,1,1,0,0,0][0,1,1,0,1,1][1,0,1,0,1,1][1,0,1,0,1,1]
1665 0 0 [0,0,0,1,3,3][0,0,0,1,3,3][0,1,1,0,0,0][0,1,1,0,0,0][1,1,1,1,0,0][1,1,1,1,1,1]
1664 0 0 [0,0,0,1,3,3][0,0,0,1,3,3][0,1,1,0,0,0][0,1,1,0,0,0][1,0,1,1,3,3][1,0,1,1,3,3]
1663 0 0 [0,0,0,1,3,3][0,0,0,1,3,3][0,1,1,0,0,0][0,1,1,0,0,0][1,0,1,1,2,2][1,0,1,1,2,2]
1662 0 0 [0,0,0,1,3,3][0,0,0,1,3,3][0,1,1,0,0,0][0,1,1,0,0,0][0,1,1,1,3,3][0,1,1,1,3,3]
1661 0 0 [0,0,0,1,3,3][0,0,0,1,3,3][0,1,1,0,0,0][0,1,1,0,0,0][0,1,1,1,2,2][0,1,1,1,2,2]
1656 0 0 [0,0,0,1,3,3][0,0,0,1,3,3][0,0,3,3,0,1][0,0,3,3,0,1][1,1,0,0,0,0][1,1,1,1,1,1]
1655 0 0 [0,0,0,1,3,3][0,0,0,1,3,3][0,0,3,2,2,3][0,0,3,2,2,3][1,1,3,3,1,0][1,1,3,3,1,0]
1654 0 0 [0,0,0,1,3,3][0,0,0,1,3,3][0,0,3,2,2,3][0,0,3,2,2,3][1,1,3,3,0,1][1,1,3,3,0,1]
1650 0 0 [0,0,0,1,3,3][0,0,0,1,3,3][0,0,3,2,2,3][0,0,3,2,2,3][1,1,0,0,0,0][1,1,1,1,0,0]
1643 0 0 [0,0,0,1,3,3][0,0,0,1,3,3][0,0,2,3,2,3][0,0,2,3,2,3][1,1,0,0,0,0][1,1,1,1,0,0]
1640 0 0 [0,0,0,1,3,3][0,0,0,1,3,3][0,0,2,2,0,1][0,0,2,2,0,1][1,1,3,2,3,2][1,1,3,2,3,2]
1637 0 0 [0,0,0,1,3,3][0,0,0,1,3,3][0,0,2,2,0,1][0,0,2,2,0,1][1,1,2,3,2,3][1,1,2,3,2,3]
1634 0 0 [0,0,0,1,3,3][0,0,0,1,3,3][0,0,2,2,0,1][0,0,2,2,0,1][0,0,3,2,3,2][0,0,3,2,3,2]
1631 0 0 [0,0,0,1,3,3][0,0,0,1,3,3][0,0,2,2,0,1][0,0,2,2,0,1][0,0,2,3,2,3][0,0,2,3,2,3]
1630 0 0 [0,0,0,1,3,3][0,0,0,1,3,3][0,0,1,1,1,1][1,1,1,1,1,1][3,3,1,1,3,3][3,3,1,1,3,3]
1629 0 0 [0,0,0,1,3,3][0,0,0,1,3,3][0,0,1,1,1,1][1,1,1,1,1,1][3,3,1,1,2,2][3,3,1,1,2,2]
1628 0 0 [0,0,0,1,3,3][0,0,0,1,3,3][0,0,1,1,1,1][1,1,1,1,1,1][2,2,1,1,3,3][2,2,1,1,3,3]
1626 0 0 [0,0,0,1,3,3][0,0,0,1,3,3][0,0,1,1,1,1][1,1,1,1,0,0][3,3,1,0,1,1][3,3,1,0,1,1]
1625 0 0 [0,0,0,1,3,3][0,0,0,1,3,3][0,0,1,1,1,1][1,1,1,1,0,0][3,3,1,0,0,0][3,3,1,0,0,0]
1621 0 0 [0,0,0,1,3,3][0,0,0,1,3,3][0,0,1,1,1,1][0,1,1,0,0,0][1,0,1,0,1,1][1,1,1,1,1,1]
1620 0 0 [0,0,0,1,3,3][0,0,0,1,3,3][0,0,1,1,1,1][0,1,1,0,0,0][1,0,1,0,0,0][1,1,1,1,0,0]
1619 0 0 [0,0,0,1,3,3][0,0,0,1,3,3][0,0,1,1,1,1][0,1,0,1,1,1][1,0,1,0,0,0][1,1,0,0,1,1]
1616 0 0 [0,0,0,1,3,3][0,0,0,1,3,3][0,0,1,1,1,1][0,0,1,1,1,1][1,1,1,0,3,3][1,1,1,0,3,3]
1615 0 0 [0,0,0,1,3,3][0,0,0,1,3,3][0,0,1,1,1,1][0,0,1,1,1,1][1,1,1,0,2,2][1,1,1,0,2,2]
1612 0 0 [0,0,0,1,3,3][0,0,0,1,3,3][0,0,1,1,1,1][0,0,1,1,1,1][1,1,0,0,0,0][1,1,0,0,1,1]
1609 0 0 [0,0,0,1,3,3][0,0,0,1,3,3][0,0,1,1,1,1][0,0,1,1,1,1][0,1,1,0,0,0][0,1,1,0,1,1]
1608 0 0 [0,0,0,1,3,3][0,0,0,1,3,3][0,0,1,1,0,0][1,1,1,1,1,1][3,3,1,0,1,1][3,3,1,0,1,1]
1607 0 0 [0,0,0,1,3,3][0,0,0,1,3,3][0,0,1,1,0,0][1,1,1,1,1,1][3,3,1,0,0,0][3,3,1,0,0,0]
1606 0 0 [0,0,0,1,3,3][0,0,0,1,3,3][0,0,1,1,0,0][1,1,1,1,1,1][2,2,1,0,1,1][2,2,1,0,1,1]
1604 0 0 [0,0,0,1,3,3][0,0,0,1,3,3][0,0,1,1,0,0][1,1,1,1,0,0][3,3,1,1,3,3][3,3,1,1,3,3]
1603 0 0 [0,0,0,1,3,3][0,0,0,1,3,3][0,0,1,1,0,0][1,1,1,1,0,0][3,3,1,1,2,2][3,3,1,1,2,2]
1602 0 0 [0,0,0,1,3,3][0,0,0,1,3,3][0,0,1,1,0,0][1,1,1,1,0,0][2,2,1,1,3,3][2,2,1,1,3,3]
1601 0 0 [0,0,0,1,3,3][0,0,0,1,3,3][0,0,1,1,0,0][1,1,1,1,0,0][2,2,1,1,2,2][2,2,1,1,2,2]
1600 0 0 [0,0,0,1,3,3][0,0,0,1,3,3][0,0,1,1,0,0][0,1,1,0,1,1][1,0,1,0,1,1][1,1,1,1,1,1]
1599 0 0 [0,0,0,1,3,3][0,0,0,1,3,3][0,0,1,1,0,0][0,1,1,0,0,0][1,0,1,0,1,1][1,1,1,1,0,0]
1598 0 0 [0,0,0,1,3,3][0,0,0,1,3,3][0,0,1,1,0,0][0,1,1,0,0,0][1,0,1,0,0,0][1,1,1,1,1,1]
1597 0 0 [0,0,0,1,3,3][0,0,0,1,3,3][0,0,1,1,0,0][0,1,0,1,1,1][1,0,1,0,1,1][1,1,0,0,1,1]
1596 0 0 [0,0,0,1,3,3][0,0,0,1,3,3][0,0,1,1,0,0][0,1,0,1,1,1][1,0,1,0,0,0][1,1,0,0,0,0]
1595 0 0 [0,0,0,1,3,3][0,0,0,1,3,3][0,0,1,1,0,0][0,1,0,1,1,1][1,0,0,1,1,1][1,1,1,1,1,1]
1594 0 0 [0,0,0,1,3,3][0,0,0,1,3,3][0,0,1,1,0,0][0,1,0,1,0,0][1,0,1,0,0,0][1,1,0,0,1,1]
1593 0 0 [0,0,0,1,3,3][0,0,0,1,3,3][0,0,1,1,0,0][0,1,0,1,0,0][1,0,0,1,1,1][1,1,1,1,0,0]
1592 0 0 [0,0,0,1,3,3][0,0,0,1,3,3][0,0,1,1,0,0][0,1,0,1,0,0][1,0,0,1,0,0][1,1,1,1,1,1]
1591 0 0 [0,0,0,1,3,3][0,0,0,1,3,3][0,0,1,1,0,0][0,0,1,1,1,1][1,1,1,1,1,1][1,1,1,1,1,1]
1590 0 0 [0,0,0,1,3,3][0,0,0,1,3,3][0,0,1,1,0,0][0,0,1,1,1,1][1,1,1,1,0,0][1,1,1,1,0,0]
1589 0 0 [0,0,0,1,3,3][0,0,0,1,3,3][0,0,1,1,0,0][0,0,1,1,1,1][1,1,0,0,1,1][1,1,0,0,1,1]
1588 0 0 [0,0,0,1,3,3][0,0,0,1,3,3][0,0,1,1,0,0][0,0,1,1,1,1][1,1,0,0,0,0][1,1,0,0,0,0]
1587 0 0 [0,0,0,1,3,3][0,0,0,1,3,3][0,0,1,1,0,0][0,0,1,1,1,1][0,1,1,0,1,1][0,1,1,0,1,1]
1586 0 0 [0,0,0,1,3,3][0,0,0,1,3,3][0,0,1,1,0,0][0,0,1,1,1,1][0,1,1,0,0,0][0,1,1,0,0,0]
1585 0 0 [0,0,0,1,3,3][0,0,0,1,3,3][0,0,1,1,0,0][0,0,1,1,1,1][0,1,0,1,1,1][0,1,0,1,1,1]
1584 0 0 [0,0,0,1,3,3][0,0,0,1,3,3][0,0,1,1,0,0][0,0,1,1,1,1][0,0,1,1,1,1][0,0,1,1,1,1]
1583 0 0 [0,0,0,1,3,3][0,0,0,1,3,3][0,0,1,1,0,0][0,0,1,1,0,0][1,1,1,1,0,0][1,1,1,1,1,1]
1582 0 0 [0,0,0,1,3,3][0,0,0,1,3,3][0,0,1,1,0,0][0,0,1,1,0,0][1,1,1,0,3,3][1,1,1,0,3,3]
1581 0 0 [0,0,0,1,3,3][0,0,0,1,3,3][0,0,1,1,0,0][0,0,1,1,0,0][1,1,1,0,2,2][1,1,1,0,2,2]
1580 0 0 [0,0,0,1,3,3][0,0,0,1,3,3][0,0,1,1,0,0][0,0,1,1,0,0][1,1,0,1,3,3][1,1,0,1,3,3]
1579 0 0 [0,0,0,1,3,3][0,0,0,1,3,3][0,0,1,1,0,0][0,0,1,1,0,0][1,1,0,1,2,2][1,1,0,1,2,2]
1578 0 0 [0,0,0,1,3,3][0,0,0,1,3,3][0,0,1,1,0,0][0,0,1,1,0,0][1,1,0,0,0,0][1,1,0,0,1,1]
1577 0 0 [0,0,0,1,3,3][0,0,0,1,3,3][0,0,1,1,0,0][0,0,1,1,0,0][0,1,1,1,3,3][0,1,1,1,3,3]
1576 0 0 [0,0,0,1,3,3][0,0,0,1,3,3][0,0,1,1,0,0][0,0,1,1,0,0][0,1,1,1,2,2][0,1,1,1,2,2]
1575 0 0 [0,0,0,1,3,3][0,0,0,1,3,3][0,0,1,1,0,0][0,0,1,1,0,0][0,1,1,0,0,0][0,1,1,0,1,1]
1574 0 0 [0,0,0,1,3,3][0,0,0,1,3,3][0,0,1,1,0,0][0,0,1,1,0,0][0,1,0,1,0,0][0,1,0,1,1,1]
1570 0 0 [0,0,0,1,3,3][0,0,0,1,3,3][0,0,1,0,3,3][0,0,1,0,3,3][1,1,0,0,0,0][1,1,0,0,0,0]
1568 0 0 [0,0,0,1,3,3][0,0,0,1,3,3][0,0,1,0,3,3][0,0,1,0,3,3][0,1,0,1,0,0][0,1,0,1,0,0]
1566 0 0 [0,0,0,1,3,3][0,0,0,1,3,3][0,0,1,0,3,3][0,0,1,0,3,3][0,0,1,1,0,0][0,0,1,1,0,0]
1564 0 0 [0,0,0,1,3,3][0,0,0,1,3,3][0,0,1,0,2,2][0,0,1,0,2,2][0,1,0,1,0,0][0,1,0,1,0,0]
1560 0 0 [0,0,0,1,3,3][0,0,0,1,3,3][0,0,0,1,3,3][0,0,0,1,3,3][0,1,1,0,0,0][0,1,1,0,0,0]
1558 0 0 [0,0,0,1,3,3][0,0,0,1,3,3][0,0,0,1,3,3][0,0,0,1,3,3][0,0,1,1,0,0][0,0,1,1,0,0]
1547 0 0 [0,0,0,1,2,2][0,1,1,1,2,2][0,2,2,1,0,0][0,2,2,1,1,1][1,0,0,1,1,1][1,0,0,1,1,1]
1546 0 0 [0,0,0,1,2,2][0,1,1,1,2,2][0,2,2,1,0,0][0,2,2,1,1,1][1,0,0,1,0,0][1,0,0,1,0,0]
1538 0 0 [0,0,0,1,2,2][0,0,1,1,1,1][0,0,1,1,1,1][0,1,0,0,3,3][1,0,1,1,3,3][1,1,1,0,2,2]
1537 0 0 [0,0,0,1,2,2][0,0,1,1,1,1][0,0,1,1,1,1][0,1,0,0,3,3][1,0,1,1,2,2][1,1,1,0,3,3]
1536 0 0 [0,0,0,1,2,2][0,0,1,1,1,1][0,0,1,1,1,1][0,1,0,0,3,3][1,0,0,0,3,3][1,1,0,1,2,2]
1535 0 0 [0,0,0,1,2,2][0,0,1,1,1,1][0,0,1,1,1,1][0,1,0,0,2,2][1,0,1,1,3,3][1,1,1,0,3,3]
1534 0 0 [0,0,0,1,2,2][0,0,1,1,1,1][0,0,1,1,1,1][0,1,0,0,2,2][1,0,1,1,2,2][1,1,1,0,2,2]
1533 0 0 [0,0,0,1,2,2][0,0,1,1,1,1][0,0,1,1,1,1][0,1,0,0,2,2][1,0,0,0,3,3][1,1,0,1,3,3]
1532 0 0 [0,0,0,1,2,2][0,0,1,1,1,1][0,0,1,1,1,1][0,1,0,0,2,2][1,0,0,0,2,2][1,1,0,1,2,2]
1515 0 0 [0,0,0,1,2,2][0,0,1,0,3,3][0,0,1,1,1,1][0,0,1,1,1,1][0,1,0,0,2,2][0,1,1,1,3,3]
1477 0 0 [0,0,0,1,2,2][0,0,0,1,3,3][0,1,1,0,0,0][0,1,1,0,0,0][1,0,1,1,2,2][1,0,1,1,3,3]
1466 0 0 [0,0,0,1,2,2][0,0,0,1,3,3][0,0,1,1,0,0][0,0,1,1,0,0][1,1,1,0,2,2][1,1,1,0,3,3]
1460 0 0 [0,0,0,1,2,2][0,0,0,1,3,3][0,0,1,0,2,2][0,0,1,0,3,3][1,1,0,0,0,0][1,1,0,0,0,0]
1458 0 0 [0,0,0,1,2,2][0,0,0,1,3,3][0,0,1,0,2,2][0,0,1,0,3,3][0,1,0,1,0,0][0,1,0,1,0,0]
1456 0 0 [0,0,0,1,2,2][0,0,0,1,3,3][0,0,1,0,2,2][0,0,1,0,3,3][0,0,1,1,0,0][0,0,1,1,0,0]
1427 0 0 [0,0,0,1,2,2][0,0,0,1,2,2][0,3,3,1,1,1][0,3,3,1,1,1][1,0,0,1,1,1][1,1,1,1,0,0]
1421 0 0 [0,0,0,1,2,2][0,0,0,1,2,2][0,2,2,1,1,1][0,2,2,1,1,1][1,0,0,1,1,1][1,1,1,1,0,0]
1416 0 0 [0,0,0,1,2,2][0,0,0,1,2,2][0,2,2,1,0,0][0,2,2,1,0,0][1,0,0,1,1,1][1,1,1,1,0,0]
1399 0 0 [0,0,0,1,2,2][0,0,0,1,2,2][0,1,1,0,0,0][0,1,1,0,1,1][1,1,1,1,1,1][1,1,1,1,1,1]
1397 0 0 [0,0,0,1,2,2][0,0,0,1,2,2][0,1,1,0,0,0][0,1,1,0,1,1][1,0,1,0,1,1][1,0,1,0,1,1]
1396 0 0 [0,0,0,1,2,2][0,0,0,1,2,2][0,1,1,0,0,0][0,1,1,0,0,0][1,1,1,1,0,0][1,1,1,1,1,1]
1395 0 0 [0,0,0,1,2,2][0,0,0,1,2,2][0,1,1,0,0,0][0,1,1,0,0,0][1,0,1,1,3,3][1,0,1,1,3,3]
1394 0 0 [0,0,0,1,2,2][0,0,0,1,2,2][0,1,1,0,0,0][0,1,1,0,0,0][1,0,1,1,2,2][1,0,1,1,2,2]
1393 0 0 [0,0,0,1,2,2][0,0,0,1,2,2][0,1,1,0,0,0][0,1,1,0,0,0][0,1,1,1,3,3][0,1,1,1,3,3]
1392 0 0 [0,0,0,1,2,2][0,0,0,1,2,2][0,1,1,0,0,0][0,1,1,0,0,0][0,1,1,1,2,2][0,1,1,1,2,2]
1389 0 0 [0,0,0,1,2,2][0,0,0,1,2,2][0,0,3,2,2,3][0,0,3,2,2,3][1,1,2,2,1,0][1,1,2,2,1,0]
1388 0 0 [0,0,0,1,2,2][0,0,0,1,2,2][0,0,3,2,2,3][0,0,3,2,2,3][1,1,2,2,0,1][1,1,2,2,0,1]
1363 0 0 [0,0,0,1,2,2][0,0,0,1,2,2][0,0,1,1,1,1][0,1,1,0,0,0][1,0,1,0,1,1][1,1,1,1,1,1]
1361 0 0 [0,0,0,1,2,2][0,0,0,1,2,2][0,0,1,1,1,1][0,1,0,1,1,1][1,0,1,0,0,0][1,1,0,0,1,1]
1354 0 0 [0,0,0,1,2,2][0,0,0,1,2,2][0,0,1,1,1,1][0,0,1,1,1,1][1,1,0,0,0,0][1,1,0,0,1,1]
1351 0 0 [0,0,0,1,2,2][0,0,0,1,2,2][0,0,1,1,1,1][0,0,1,1,1,1][0,1,1,0,0,0][0,1,1,0,1,1]
1343 0 0 [0,0,0,1,2,2][0,0,0,1,2,2][0,0,1,1,0,0][0,1,1,0,1,1][1,0,1,0,1,1][1,1,1,1,1,1]
1341 0 0 [0,0,0,1,2,2][0,0,0,1,2,2][0,0,1,1,0,0][0,1,1,0,0,0][1,0,1,0,0,0][1,1,1,1,1,1]
1340 0 0 [0,0,0,1,2,2][0,0,0,1,2,2][0,0,1,1,0,0][0,1,0,1,1,1][1,0,1,0,1,1][1,1,0,0,1,1]
1338 0 0 [0,0,0,1,2,2][0,0,0,1,2,2][0,0,1,1,0,0][0,1,0,1,1,1][1,0,0,1,1,1][1,1,1,1,1,1]
1334 0 0 [0,0,0,1,2,2][0,0,0,1,2,2][0,0,1,1,0,0][0,0,1,1,1,1][1,1,1,1,1,1][1,1,1,1,1,1]
1332 0 0 [0,0,0,1,2,2][0,0,0,1,2,2][0,0,1,1,0,0][0,0,1,1,1,1][1,1,0,0,1,1][1,1,0,0,1,1]
1330 0 0 [0,0,0,1,2,2][0,0,0,1,2,2][0,0,1,1,0,0][0,0,1,1,1,1][0,1,1,0,1,1][0,1,1,0,1,1]
1329 0 0 [0,0,0,1,2,2][0,0,0,1,2,2][0,0,1,1,0,0][0,0,1,1,1,1][0,1,1,0,0,0][0,1,1,0,0,0]
1328 0 0 [0,0,0,1,2,2][0,0,0,1,2,2][0,0,1,1,0,0][0,0,1,1,1,1][0,1,0,1,1,1][0,1,0,1,1,1]
1327 0 0 [0,0,0,1,2,2][0,0,0,1,2,2][0,0,1,1,0,0][0,0,1,1,1,1][0,0,1,1,1,1][0,0,1,1,1,1]
1325 0 0 [0,0,0,1,2,2][0,0,0,1,2,2][0,0,1,1,0,0][0,0,1,1,0,0][1,1,1,0,3,3][1,1,1,0,3,3]
1324 0 0 [0,0,0,1,2,2][0,0,0,1,2,2][0,0,1,1,0,0][0,0,1,1,0,0][1,1,1,0,2,2][1,1,1,0,2,2]
1323 0 0 [0,0,0,1,2,2][0,0,0,1,2,2][0,0,1,1,0,0][0,0,1,1,0,0][1,1,0,1,3,3][1,1,0,1,3,3]
1322 0 0 [0,0,0,1,2,2][0,0,0,1,2,2][0,0,1,1,0,0][0,0,1,1,0,0][1,1,0,1,2,2][1,1,0,1,2,2]
1320 0 0 [0,0,0,1,2,2][0,0,0,1,2,2][0,0,1,1,0,0][0,0,1,1,0,0][0,1,1,1,3,3][0,1,1,1,3,3]
1319 0 0 [0,0,0,1,2,2][0,0,0,1,2,2][0,0,1,1,0,0][0,0,1,1,0,0][0,1,1,1,2,2][0,1,1,1,2,2]
1318 0 0 [0,0,0,1,2,2][0,0,0,1,2,2][0,0,1,1,0,0][0,0,1,1,0,0][0,1,1,0,0,0][0,1,1,0,1,1]
1317 0 0 [0,0,0,1,2,2][0,0,0,1,2,2][0,0,1,1,0,0][0,0,1,1,0,0][0,1,0,1,0,0][0,1,0,1,1,1]
1313 0 0 [0,0,0,1,2,2][0,0,0,1,2,2][0,0,1,0,3,3][0,0,1,0,3,3][1,1,0,0,0,0][1,1,0,0,0,0]
1311 0 0 [0,0,0,1,2,2][0,0,0,1,2,2][0,0,1,0,3,3][0,0,1,0,3,3][0,1,0,1,0,0][0,1,0,1,0,0]
1309 0 0 [0,0,0,1,2,2][0,0,0,1,2,2][0,0,1,0,3,3][0,0,1,0,3,3][0,0,1,1,0,0][0,0,1,1,0,0]
1305 0 0 [0,0,0,1,2,2][0,0,0,1,2,2][0,0,1,0,2,2][0,0,1,0,2,2][1,1,0,0,0,0][1,1,0,0,0,0]
1303 0 0 [0,0,0,1,2,2][0,0,0,1,2,2][0,0,1,0,2,2][0,0,1,0,2,2][0,1,0,1,0,0][0,1,0,1,0,0]
1301 0 0 [0,0,0,1,2,2][0,0,0,1,2,2][0,0,1,0,2,2][0,0,1,0,2,2][0,0,1,1,0,0][0,0,1,1,0,0]
1297 0 0 [0,0,0,1,2,2][0,0,0,1,2,2][0,0,0,1,3,3][0,0,0,1,3,3][0,1,1,0,0,0][0,1,1,0,0,0]
1291 0 0 [0,0,0,1,2,2][0,0,0,1,2,2][0,0,0,1,2,2][0,0,0,1,2,2][0,1,1,0,0,0][0,1,1,0,0,0]
1289 0 0 [0,0,0,1,2,2][0,0,0,1,2,2][0,0,0,1,2,2][0,0,0,1,2,2][0,0,1,1,0,0][0,0,1,1,0,0]
1284 0 0 [0,0,0,0,1,1][1,1,1,1,1,1][1,1,3,3,3,3][1,1,3,3,3,3][2,2,1,1,3,3][2,2,1,1,3,3]
1267 0 0 [0,0,0,0,1,1][0,1,3,3,1,1][0,1,3,3,1,1][1,1,0,0,1,1][3,2,2,3,1,1][3,2,2,3,1,1]
1266 0 0 [0,0,0,0,1,1][0,1,3,3,1,1][0,1,3,3,1,1][1,1,0,0,1,1][3,2,2,3,0,0][3,2,2,3,0,0]
1265 0 0 [0,0,0,0,1,1][0,1,3,3,1,1][0,1,3,3,1,1][1,1,0,0,1,1][2,3,2,3,1,1][2,3,2,3,1,1]
1264 0 0 [0,0,0,0,1,1][0,1,3,3,1,1][0,1,3,3,1,1][1,1,0,0,1,1][2,3,2,3,0,0][2,3,2,3,0,0]
1258 0 0 [0,0,0,0,1,1][0,1,1,1,3,3][0,1,1,1,3,3][1,0,0,1,1,1][3,1,1,2,2,3][3,1,1,2,2,3]
1257 0 0 [0,0,0,0,1,1][0,1,1,1,3,3][0,1,1,1,3,3][1,0,0,1,1,1][2,1,1,3,2,3][2,1,1,3,2,3]
1256 0 0 [0,0,0,0,1,1][0,1,1,1,3,3][0,1,1,1,3,3][1,0,0,1,0,0][3,1,1,3,0,1][3,1,1,3,0,1]
1249 0 0 [0,0,0,0,1,1][0,1,1,1,0,1][0,1,3,3,1,1][0,1,3,3,1,1][1,0,1,1,1,0][1,1,1,1,0,0]
1248 0 0 [0,0,0,0,1,1][0,1,1,1,0,1][0,1,3,3,1,1][0,1,3,3,1,1][1,0,1,1,0,1][1,1,1,1,1,1]
1247 0 0 [0,0,0,0,1,1][0,1,1,1,0,1][0,1,3,3,1,1][0,1,3,3,1,1][1,0,0,0,1,0][1,1,0,0,0,0]
1246 0 0 [0,0,0,0,1,1][0,1,1,1,0,1][0,1,3,3,1,1][0,1,3,3,1,1][1,0,0,0,0,1][1,1,0,0,1,1]
1241 0 0 [0,0,0,0,1,1][0,1,1,1,0,1][0,1,1,1,1,0][1,0,0,1,1,1][3,1,1,3,3,3][3,1,1,3,3,3]
1240 0 0 [0,0,0,0,1,1][0,1,1,1,0,1][0,1,1,1,1,0][1,0,0,1,1,1][3,1,1,3,2,2][3,1,1,3,2,2]
1239 0 0 [0,0,0,0,1,1][0,1,1,1,0,1][0,1,1,1,1,0][1,0,0,1,1,1][3,1,1,2,2,3][3,1,1,2,2,3]
1230 0 0 [0,0,0,0,1,1][0,0,3,3,3,3][0,0,3,3,3,3][1,1,1,1,1,1][2,2,0,0,3,3][2,2,0,0,3,3]
1228 0 0 [0,0,0,0,1,1][0,0,3,3,3,3][0,0,3,3,3,3][1,1,0,0,0,0][3,3,3,3,1,1][3,3,3,3,1,1]
1227 0 0 [0,0,0,0,1,1][0,0,3,3,3,3][0,0,3,3,3,3][1,1,0,0,0,0][3,3,3,3,0,0][3,3,3,3,0,0]
1226 0 0 [0,0,0,0,1,1][0,0,3,3,3,3][0,0,3,3,3,3][1,1,0,0,0,0][3,3,2,2,1,1][3,3,2,2,1,1]
1225 0 0 [0,0,0,0,1,1][0,0,3,3,3,3][0,0,3,3,3,3][1,1,0,0,0,0][2,2,3,3,1,1][2,2,3,3,1,1]
1224 0 0 [0,0,0,0,1,1][0,0,3,3,3,3][0,0,3,3,3,3][1,1,0,0,0,0][2,2,3,3,0,0][2,2,3,3,0,0]
1223 0 0 [0,0,0,0,1,1][0,0,3,3,3,3][0,0,3,3,3,3][1,1,0,0,0,0][2,2,2,2,1,1][2,2,2,2,1,1]
1213 0 0 [0,0,0,0,1,1][0,0,3,3,2,2][0,0,3,3,2,2][1,1,0,0,0,0][3,3,3,3,1,1][3,3,3,3,1,1]
1212 0 0 [0,0,0,0,1,1][0,0,3,3,2,2][0,0,3,3,2,2][1,1,0,0,0,0][3,3,2,2,1,1][3,3,2,2,1,1]
1211 0 0 [0,0,0,0,1,1][0,0,3,3,2,2][0,0,3,3,2,2][1,1,0,0,0,0][2,2,3,3,1,1][2,2,3,3,1,1]
1210 0 0 [0,0,0,0,1,1][0,0,3,3,2,2][0,0,3,3,2,2][1,1,0,0,0,0][2,2,3,3,0,0][2,2,3,3,0,0]
1209 0 0 [0,0,0,0,1,1][0,0,3,3,2,2][0,0,3,3,2,2][1,1,0,0,0,0][2,2,2,2,1,1][2,2,2,2,1,1]
1194 0 0 [0,0,0,0,1,1][0,0,2,2,3,3][0,0,2,2,3,3][1,1,0,0,0,0][3,3,3,3,0,0][3,3,3,3,0,0]
1168 0 0 [0,0,0,0,1,1][0,0,1,1,1,1][0,1,3,3,1,1][0,1,3,3,1,1][1,1,1,1,1,1][1,1,1,1,1,1]
1167 0 0 [0,0,0,0,1,1][0,0,1,1,1,1][0,1,3,3,1,1][0,1,3,3,1,1][1,1,1,1,0,0][1,1,1,1,0,0]
1166 0 0 [0,0,0,0,1,1][0,0,1,1,1,1][0,1,3,3,1,1][0,1,3,3,1,1][1,1,0,0,1,1][1,1,0,0,1,1]
1165 0 0 [0,0,0,0,1,1][0,0,1,1,1,1][0,1,3,3,1,1][0,1,3,3,1,1][1,1,0,0,0,0][1,1,0,0,0,0]
1160 0 0 [0,0,0,0,1,1][0,0,1,1,1,1][0,1,1,1,3,3][0,1,1,1,3,3][1,1,3,3,3,3][1,1,3,3,3,3]
1159 0 0 [0,0,0,0,1,1][0,0,1,1,1,1][0,1,1,1,3,3][0,1,1,1,3,3][1,1,3,3,2,2][1,1,3,3,2,2]
1158 0 0 [0,0,0,0,1,1][0,0,1,1,1,1][0,1,1,1,3,3][0,1,1,1,3,3][1,1,2,2,3,3][1,1,2,2,3,3]
1156 0 0 [0,0,0,0,1,1][0,0,1,1,1,1][0,1,1,1,3,3][0,1,1,1,3,3][1,1,0,0,1,1][1,1,1,1,0,0]
1155 0 0 [0,0,0,0,1,1][0,0,1,1,1,1][0,1,1,1,3,3][0,1,1,1,3,3][1,1,0,0,0,0][1,1,1,1,1,1]
1148 0 0 [0,0,0,0,1,1][0,0,1,1,1,1][0,1,1,1,0,1][1,0,0,0,1,0][2,3,1,1,3,2][2,3,1,1,3,2]
1147 0 0 [0,0,0,0,1,1][0,0,1,1,1,1][0,1,1,1,0,1][1,0,0,0,1,0][2,3,1,1,2,3][2,3,1,1,2,3]
1144 0 0 [0,0,0,0,1,1][0,0,1,1,1,1][0,1,1,1,0,1][0,1,1,1,0,1][1,0,3,3,1,1][1,0,3,3,1,1]
1132 0 0 [0,0,0,0,1,1][0,0,1,1,1,1][0,1,0,1,0,0][1,0,0,1,0,0][2,2,3,3,1,1][2,2,3,3,1,1]
1131 0 0 [0,0,0,0,1,1][0,0,1,1,1,1][0,1,0,1,0,0][0,1,1,0,1,1][1,0,1,1,3,3][1,0,1,1,3,3]
1129 0 0 [0,0,0,0,1,1][0,0,1,1,1,1][0,1,0,0,0,1][1,0,1,1,1,0][3,3,1,1,3,3][3,3,1,1,3,3]
1128 0 0 [0,0,0,0,1,1][0,0,1,1,1,1][0,1,0,0,0,1][1,0,1,1,1,0][3,3,1,1,2,2][3,3,1,1,2,2]
1123 0 0 [0,0,0,0,1,1][0,0,1,1,1,1][0,0,3,3,3,3][0,0,3,3,3,3][1,1,1,1,0,0][1,1,1,1,1,1]
1121 0 0 [0,0,0,0,1,1][0,0,1,1,1,1][0,0,3,3,3,3][0,0,3,3,3,3][1,1,0,0,0,0][1,1,0,0,1,1]
1118 0 0 [0,0,0,0,1,1][0,0,1,1,1,1][0,0,3,3,3,3][0,0,3,3,3,3][0,1,0,0,3,3][0,1,0,0,3,3]
1117 0 0 [0,0,0,0,1,1][0,0,1,1,1,1][0,0,3,3,3,3][0,0,3,3,3,3][0,1,0,0,2,2][0,1,0,0,2,2]
1116 0 0 [0,0,0,0,1,1][0,0,1,1,1,1][0,0,3,3,2,2][0,0,3,3,2,2][1,1,1,1,0,0][1,1,1,1,1,1]
1114 0 0 [0,0,0,0,1,1][0,0,1,1,1,1][0,0,3,3,2,2][0,0,3,3,2,2][1,1,0,0,0,0][1,1,0,0,1,1]
1111 0 0 [0,0,0,0,1,1][0,0,1,1,1,1][0,0,3,3,2,2][0,0,3,3,2,2][0,1,0,0,3,3][0,1,0,0,3,3]
1110 0 0 [0,0,0,0,1,1][0,0,1,1,1,1][0,0,3,3,2,2][0,0,3,3,2,2][0,1,0,0,2,2][0,1,0,0,2,2]
1096 0 0 [0,0,0,0,1,1][0,0,1,1,1,1][0,0,2,2,3,3][0,0,2,2,3,3][0,1,0,0,3,3][0,1,0,0,3,3]
1095 0 0 [0,0,0,0,1,1][0,0,1,1,1,1][0,0,2,2,3,3][0,0,2,2,3,3][0,1,0,0,2,2][0,1,0,0,2,2]
1089 0 0 [0,0,0,0,1,1][0,0,1,1,1,1][0,0,2,2,2,2][0,0,2,2,2,2][0,1,0,0,3,3][0,1,0,0,3,3]
1088 0 0 [0,0,0,0,1,1][0,0,1,1,1,1][0,0,2,2,2,2][0,0,2,2,2,2][0,1,0,0,2,2][0,1,0,0,2,2]
1075 0 0 [0,0,0,0,1,1][0,0,1,1,1,1][0,0,1,1,1,1][1,1,0,0,0,0][3,3,1,1,3,3][3,3,1,1,3,3]
1074 0 0 [0,0,0,0,1,1][0,0,1,1,1,1][0,0,1,1,1,1][1,1,0,0,0,0][3,3,1,1,2,2][3,3,1,1,2,2]
1070 0 0 [0,0,0,0,1,1][0,0,1,1,1,1][0,0,1,1,1,1][0,0,1,1,1,1][1,1,3,3,0,1][1,1,3,3,0,1]
1067 0 0 [0,0,0,0,1,1][0,0,1,1,1,1][0,0,1,1,1,1][0,0,1,1,1,1][0,1,3,3,0,0][0,1,3,3,0,0]
1063 0 0 [0,0,0,0,1,1][0,0,1,1,0,0][3,3,1,1,3,3][3,3,1,1,3,3][3,3,2,2,1,1][3,3,2,2,1,1]
1047 0 0 [0,0,0,0,1,1][0,0,1,1,0,0][0,1,1,1,3,3][0,1,1,1,3,3][1,1,0,0,0,0][1,1,1,1,0,0]
1046 0 0 [0,0,0,0,1,1][0,0,1,1,0,0][0,1,1,1,3,3][0,1,1,1,3,3][1,0,3,3,1,1][1,0,3,3,1,1]
1038 0 0 [0,0,0,0,1,1][0,0,1,1,0,0][0,1,0,1,1,1][1,0,0,1,0,0][2,3,3,2,1,1][2,3,3,2,1,1]
1037 0 0 [0,0,0,0,1,1][0,0,1,1,0,0][0,1,0,1,1,1][0,1,1,0,1,1][1,0,1,1,3,3][1,0,1,1,3,3]
1033 0 0 [0,0,0,0,1,1][0,0,1,1,0,0][0,1,0,1,0,0][1,0,0,1,1,1][3,3,3,3,1,1][3,3,3,3,1,1]
1028 0 0 [0,0,0,0,1,1][0,0,1,1,0,0][0,0,3,3,3,3][0,0,3,3,3,3][1,1,0,1,0,1][1,1,0,1,0,1]
1027 0 0 [0,0,0,0,1,1][0,0,1,1,0,0][0,0,3,3,3,3][0,0,3,3,3,3][1,1,0,0,1,1][1,1,0,0,1,1]
1026 0 0 [0,0,0,0,1,1][0,0,1,1,0,0][0,0,3,3,3,3][0,0,3,3,3,3][1,1,0,0,0,0][1,1,0,0,0,0]
1024 0 0 [0,0,0,0,1,1][0,0,1,1,0,0][0,0,2,3,2,3][0,0,2,3,2,3][1,1,1,0,1,0][1,1,1,0,1,0]
1018 0 0 [0,0,0,0,1,1][0,0,1,1,0,0][0,0,2,2,3,3][0,0,2,2,3,3][1,1,1,1,0,0][1,1,1,1,0,0]
997 0 0 [0,0,0,0,1,1][0,0,0,1,3,3][0,0,0,1,3,3][0,1,1,0,1,1][1,3,3,1,3,3][1,3,3,1,3,3]
996 0 0 [0,0,0,0,1,1][0,0,0,1,3,3][0,0,0,1,3,3][0,1,1,0,1,1][1,3,3,1,2,2][1,3,3,1,2,2]
995 0 0 [0,0,0,0,1,1][0,0,0,1,3,3][0,0,0,1,3,3][0,1,1,0,1,1][1,2,2,1,3,3][1,2,2,1,3,3]
993 0 0 [0,0,0,0,1,1][0,0,0,1,3,3][0,0,0,1,3,3][0,1,1,0,0,0][1,3,3,0,1,1][1,3,3,0,1,1]
992 0 0 [0,0,0,0,1,1][0,0,0,1,3,3][0,0,0,1,3,3][0,1,1,0,0,0][1,3,3,0,0,0][1,3,3,0,0,0]
988 0 0 [0,0,0,0,1,1][0,0,0,1,3,3][0,0,0,1,3,3][0,1,1,0,0,0][1,0,1,0,0,0][1,1,0,0,0,0]
981 0 0 [0,0,0,0,1,1][0,0,0,1,3,3][0,0,0,1,3,3][0,0,1,1,1,1][1,1,0,0,1,1][1,1,1,1,0,0]
976 0 0 [0,0,0,0,1,1][0,0,0,1,3,3][0,0,0,1,3,3][0,0,1,1,0,0][1,1,3,3,0,1][1,1,3,3,0,1]
973 0 0 [0,0,0,0,1,1][0,0,0,1,3,3][0,0,0,1,3,3][0,0,1,1,0,0][1,1,0,0,0,0][1,1,1,1,0,0]
971 0 0 [0,0,0,0,1,1][0,0,0,1,3,3][0,0,0,1,3,3][0,0,1,1,0,0][0,1,0,1,0,0][0,1,1,0,0,0]
944 0 0 [0,0,0,0,1,1][0,0,0,1,2,2][0,0,0,1,2,2][0,0,1,1,0,0][0,1,0,1,0,0][0,1,1,0,0,0]
942 0 0 [0,0,0,0,1,1][0,0,0,1,0,1][0,3,3,1,1,1][0,3,3,1,1,1][1,0,0,1,1,1][1,1,1,0,0,1]
941 0 0 [0,0,0,0,1,1][0,0,0,1,0,1][0,3,3,1,1,1][0,3,3,1,1,1][1,0,0,0,1,0][1,1,1,1,0,0]
940 0 0 [0,0,0,0,1,1][0,0,0,1,0,1][0,3,3,1,1,1][0,3,3,1,1,1][1,0,0,0,0,1][1,1,1,1,1,1]
929 0 0 [0,0,0,0,1,1][0,0,0,1,0,1][0,0,3,3,3,3][0,0,3,3,3,3][1,1,0,0,1,1][1,1,1,0,1,0]
926 0 0 [0,0,0,0,1,1][0,0,0,1,0,1][0,0,3,2,3,2][0,0,3,2,3,2][1,1,0,1,0,1][1,1,1,1,0,0]
925 0 0 [0,0,0,0,1,1][0,0,0,1,0,1][0,0,3,2,3,2][0,0,3,2,3,2][1,1,0,0,1,1][1,1,1,0,1,0]
924 0 0 [0,0,0,0,1,1][0,0,0,1,0,1][0,0,3,2,3,2][0,0,3,2,3,2][1,1,0,0,0,0][1,1,1,0,0,1]
922 0 0 [0,0,0,0,1,1][0,0,0,1,0,1][0,0,3,2,2,3][0,0,3,2,2,3][1,1,0,0,1,1][1,1,1,0,1,0]
921 0 0 [0,0,0,0,1,1][0,0,0,1,0,1][0,0,3,2,2,3][0,0,3,2,2,3][1,1,0,0,0,0][1,1,1,0,0,1]
848 0 0 [0,0,0,0,1,1][0,0,0,0,1,1][0,1,3,3,1,1][1,0,3,3,1,1][2,2,0,1,0,0][2,2,1,0,0,0]
843 0 0 [0,0,0,0,1,1][0,0,0,0,1,1][0,1,3,3,1,1][0,1,3,3,1,1][1,1,0,0,1,1][1,1,1,1,1,1]
842 0 0 [0,0,0,0,1,1][0,0,0,0,1,1][0,1,3,3,1,1][0,1,3,3,1,1][1,1,0,0,0,0][1,1,1,1,0,0]
778 0 0 [0,0,0,0,1,1][0,0,0,0,1,1][0,0,3,3,3,3][1,1,3,3,2,2][2,2,0,0,3,3][2,2,1,1,2,2]
772 0 0 [0,0,0,0,1,1][0,0,0,0,1,1][0,0,3,3,3,3][0,0,3,3,3,3][1,1,3,3,3,3][1,1,3,3,3,3]
771 0 0 [0,0,0,0,1,1][0,0,0,0,1,1][0,0,3,3,3,3][0,0,3,3,3,3][1,1,3,3,2,2][1,1,3,3,2,2]
770 0 0 [0,0,0,0,1,1][0,0,0,0,1,1][0,0,3,3,3,3][0,0,3,3,3,3][1,1,2,3,2,3][1,1,2,3,2,3]
769 0 0 [0,0,0,0,1,1][0,0,0,0,1,1][0,0,3,3,3,3][0,0,3,3,3,3][1,1,2,2,3,3][1,1,2,2,3,3]
768 0 0 [0,0,0,0,1,1][0,0,0,0,1,1][0,0,3,3,3,3][0,0,3,3,3,3][1,1,2,2,2,2][1,1,2,2,2,2]
767 0 0 [0,0,0,0,1,1][0,0,0,0,1,1][0,0,3,3,3,3][0,0,3,3,3,3][1,1,0,1,0,1][1,1,1,0,1,0]
766 0 0 [0,0,0,0,1,1][0,0,0,0,1,1][0,0,3,3,3,3][0,0,3,3,3,3][1,1,0,0,1,1][1,1,1,1,0,0]
765 0 0 [0,0,0,0,1,1][0,0,0,0,1,1][0,0,3,3,3,3][0,0,3,3,3,3][1,1,0,0,0,0][1,1,1,1,1,1]
754 0 0 [0,0,0,0,1,1][0,0,0,0,1,1][0,0,3,3,2,2][0,0,3,3,3,3][1,1,2,3,2,3][1,1,2,3,3,2]
753 0 0 [0,0,0,0,1,1][0,0,0,0,1,1][0,0,3,3,2,2][0,0,3,3,3,3][1,1,2,2,2,2][1,1,2,2,3,3]
752 0 0 [0,0,0,0,1,1][0,0,0,0,1,1][0,0,3,3,2,2][0,0,3,3,3,3][0,1,0,0,3,3][0,1,1,1,2,2]
751 0 0 [0,0,0,0,1,1][0,0,0,0,1,1][0,0,3,3,2,2][0,0,3,3,3,3][0,1,0,0,2,2][0,1,1,1,3,3]
747 0 0 [0,0,0,0,1,1][0,0,0,0,1,1][0,0,3,3,2,2][0,0,3,3,2,2][1,1,2,2,3,3][1,1,2,2,3,3]
746 0 0 [0,0,0,0,1,1][0,0,0,0,1,1][0,0,3,3,2,2][0,0,3,3,2,2][1,1,2,2,2,2][1,1,2,2,2,2]
745 0 0 [0,0,0,0,1,1][0,0,0,0,1,1][0,0,3,3,2,2][0,0,3,3,2,2][1,1,0,1,0,1][1,1,1,0,1,0]
744 0 0 [0,0,0,0,1,1][0,0,0,0,1,1][0,0,3,3,2,2][0,0,3,3,2,2][1,1,0,0,1,1][1,1,1,1,0,0]
743 0 0 [0,0,0,0,1,1][0,0,0,0,1,1][0,0,3,3,2,2][0,0,3,3,2,2][1,1,0,0,0,0][1,1,1,1,1,1]
724 0 0 [0,0,0,0,1,1][0,0,0,0,1,1][0,0,3,3,0,1][0,0,3,3,1,0][1,1,0,1,3,3][1,1,1,0,3,3]
723 0 0 [0,0,0,0,1,1][0,0,0,0,1,1][0,0,3,3,0,1][0,0,3,3,1,0][1,1,0,1,2,2][1,1,1,0,2,2]
716 0 0 [0,0,0,0,1,1][0,0,0,0,1,1][0,0,2,3,2,3][0,0,3,3,3,3][1,1,2,3,3,2][1,1,3,3,2,2]
715 0 0 [0,0,0,0,1,1][0,0,0,0,1,1][0,0,2,3,2,3][0,0,3,3,3,3][1,1,2,3,2,3][1,1,3,3,3,3]
714 0 0 [0,0,0,0,1,1][0,0,0,0,1,1][0,0,2,3,2,3][0,0,3,3,3,3][1,1,2,2,3,3][1,1,3,2,2,3]
713 0 0 [0,0,0,0,1,1][0,0,0,0,1,1][0,0,2,3,2,3][0,0,3,3,3,3][1,1,2,2,2,2][1,1,3,2,3,2]
710 0 0 [0,0,0,0,1,1][0,0,0,0,1,1][0,0,2,3,2,3][0,0,3,3,2,2][1,1,2,2,3,3][1,1,3,2,3,2]
709 0 0 [0,0,0,0,1,1][0,0,0,0,1,1][0,0,2,3,2,3][0,0,3,3,2,2][1,1,2,2,2,2][1,1,3,2,2,3]
702 0 0 [0,0,0,0,1,1][0,0,0,0,1,1][0,0,2,3,2,3][0,0,3,2,2,3][1,1,2,2,3,3][1,1,3,3,3,3]
618 0 0 [0,0,0,0,1,1][0,0,0,0,1,1][0,0,2,2,2,2][0,0,2,2,3,3][0,1,0,0,3,3][0,1,1,1,2,2]
617 0 0 [0,0,0,0,1,1][0,0,0,0,1,1][0,0,2,2,2,2][0,0,2,2,3,3][0,1,0,0,2,2][0,1,1,1,3,3]
550 0 0 [0,0,0,0,1,1][0,0,0,0,1,1][0,0,1,1,0,0][0,0,1,1,1,1][1,1,0,1,3,3][1,1,0,1,3,3]
538 0 0 [0,0,0,0,1,1][0,0,0,0,1,1][0,0,0,1,3,3][0,0,1,0,3,3][1,1,3,3,0,1][1,1,3,3,1,0]
454 0 0 [0,0,0,0,1,1][0,0,0,0,1,1][0,0,0,0,1,1][0,0,1,1,1,1][0,1,3,3,0,0][0,1,3,3,0,0]
438 0 0 [0,0,0,0,0,0][0,1,1,1,3,3][0,1,1,1,3,3][1,0,0,1,1,1][3,1,1,3,0,1][3,1,1,3,0,1]
436 0 0 [0,0,0,0,0,0][0,1,1,1,3,3][0,1,1,1,3,3][1,0,0,1,0,0][3,1,1,2,2,3][3,1,1,2,2,3]
435 0 0 [0,0,0,0,0,0][0,1,1,1,3,3][0,1,1,1,3,3][1,0,0,1,0,0][2,1,1,3,2,3][2,1,1,3,2,3]
431 0 0 [0,0,0,0,0,0][0,0,3,3,3,3][0,0,3,3,3,3][1,1,0,0,1,1][3,3,3,3,1,1][3,3,3,3,1,1]
430 0 0 [0,0,0,0,0,0][0,0,3,3,3,3][0,0,3,3,3,3][1,1,0,0,1,1][3,3,3,3,0,0][3,3,3,3,0,0]
429 0 0 [0,0,0,0,0,0][0,0,3,3,3,3][0,0,3,3,3,3][1,1,0,0,1,1][3,3,2,2,1,1][3,3,2,2,1,1]
428 0 0 [0,0,0,0,0,0][0,0,3,3,3,3][0,0,3,3,3,3][1,1,0,0,1,1][2,2,3,3,1,1][2,2,3,3,1,1]
427 0 0 [0,0,0,0,0,0][0,0,3,3,3,3][0,0,3,3,3,3][1,1,0,0,1,1][2,2,3,3,0,0][2,2,3,3,0,0]
426 0 0 [0,0,0,0,0,0][0,0,3,3,3,3][0,0,3,3,3,3][1,1,0,0,1,1][2,2,2,2,1,1][2,2,2,2,1,1]
424 0 0 [0,0,0,0,0,0][0,0,2,2,3,3][0,0,2,2,3,3][1,1,1,1,0,0][3,3,1,1,3,3][3,3,1,1,3,3]
423 0 0 [0,0,0,0,0,0][0,0,2,2,3,3][0,0,2,2,3,3][1,1,1,1,0,0][3,3,1,1,2,2][3,3,1,1,2,2]
422 0 0 [0,0,0,0,0,0][0,0,2,2,3,3][0,0,2,2,3,3][1,1,1,1,0,0][2,2,1,1,3,3][2,2,1,1,3,3]
421 0 0 [0,0,0,0,0,0][0,0,2,2,3,3][0,0,2,2,3,3][1,1,1,1,0,0][2,2,1,1,2,2][2,2,1,1,2,2]
420 0 0 [0,0,0,0,0,0][0,0,2,2,3,3][0,0,2,2,3,3][1,1,1,1,0,0][2,2,0,0,3,3][2,2,0,0,3,3]
414 0 0 [0,0,0,0,0,0][0,0,2,2,3,3][0,0,2,2,3,3][1,1,0,0,1,1][3,3,3,3,0,0][3,3,3,3,0,0]
400 0 0 [0,0,0,0,0,0][0,0,1,1,1,1][3,3,1,1,3,3][3,3,1,1,3,3][3,3,2,2,1,1][3,3,2,2,1,1]
385 0 0 [0,0,0,0,0,0][0,0,1,1,1,1][0,1,1,1,3,3][0,1,1,1,3,3][1,1,0,0,0,0][1,1,1,1,0,0]
382 0 0 [0,0,0,0,0,0][0,0,1,1,1,1][0,1,1,1,3,3][0,1,1,1,3,3][0,1,3,3,1,1][0,1,3,3,1,1]
376 0 0 [0,0,0,0,0,0][0,0,1,1,1,1][0,1,0,1,1,1][1,0,0,0,0,1][2,3,3,1,1,2][2,3,3,1,1,2]
373 0 0 [0,0,0,0,0,0][0,0,1,1,1,1][0,1,0,1,1,1][0,1,1,0,1,1][0,1,1,1,3,3][0,1,1,1,3,3]
371 0 0 [0,0,0,0,0,0][0,0,1,1,1,1][0,1,0,0,0,1][1,0,0,1,1,1][2,2,3,1,1,3][2,2,3,1,1,3]
369 0 0 [0,0,0,0,0,0][0,0,1,1,1,1][0,0,3,3,3,3][0,0,3,3,3,3][1,1,0,0,1,1][1,1,0,0,1,1]
368 0 0 [0,0,0,0,0,0][0,0,1,1,1,1][0,0,3,3,3,3][0,0,3,3,3,3][1,1,0,0,0,0][1,1,0,0,0,0]
366 0 0 [0,0,0,0,0,0][0,0,1,1,1,1][0,0,2,2,3,3][0,0,2,2,3,3][1,1,1,1,0,0][1,1,1,1,0,0]
343 0 0 [0,0,0,0,0,0][0,0,0,1,3,3][0,0,0,1,3,3][0,1,1,0,1,1][0,3,3,1,1,1][0,3,3,1,1,1]
342 0 0 [0,0,0,0,0,0][0,0,0,1,3,3][0,0,0,1,3,3][0,1,1,0,1,1][0,3,3,1,0,0][0,3,3,1,0,0]
339 0 0 [0,0,0,0,0,0][0,0,0,1,3,3][0,0,0,1,3,3][0,1,1,0,0,0][1,3,3,1,3,3][1,3,3,1,3,3]
338 0 0 [0,0,0,0,0,0][0,0,0,1,3,3][0,0,0,1,3,3][0,1,1,0,0,0][1,3,3,1,2,2][1,3,3,1,2,2]
337 0 0 [0,0,0,0,0,0][0,0,0,1,3,3][0,0,0,1,3,3][0,1,1,0,0,0][1,2,2,1,3,3][1,2,2,1,3,3]
336 0 0 [0,0,0,0,0,0][0,0,0,1,3,3][0,0,0,1,3,3][0,1,1,0,0,0][1,2,2,1,2,2][1,2,2,1,2,2]
335 0 0 [0,0,0,0,0,0][0,0,0,1,3,3][0,0,0,1,3,3][0,1,1,0,0,0][1,0,1,0,0,0][1,1,0,0,1,1]
331 0 0 [0,0,0,0,0,0][0,0,0,1,3,3][0,0,0,1,3,3][0,0,1,1,1,1][1,1,0,0,0,0][1,1,1,1,0,0]
327 0 0 [0,0,0,0,0,0][0,0,0,1,3,3][0,0,0,1,3,3][0,0,1,1,0,0][1,1,3,2,2,3][1,1,3,2,2,3]
326 0 0 [0,0,0,0,0,0][0,0,0,1,3,3][0,0,0,1,3,3][0,0,1,1,0,0][1,1,2,3,2,3][1,1,2,3,2,3]
325 0 0 [0,0,0,0,0,0][0,0,0,1,3,3][0,0,0,1,3,3][0,0,1,1,0,0][1,1,0,0,1,1][1,1,1,1,0,0]
324 0 0 [0,0,0,0,0,0][0,0,0,1,3,3][0,0,0,1,3,3][0,0,1,1,0,0][1,1,0,0,0,0][1,1,1,1,1,1]
323 0 0 [0,0,0,0,0,0][0,0,0,1,3,3][0,0,0,1,3,3][0,0,1,1,0,0][0,1,0,1,1,1][0,1,1,0,0,0]
322 0 0 [0,0,0,0,0,0][0,0,0,1,3,3][0,0,0,1,3,3][0,0,1,1,0,0][0,1,0,1,0,0][0,1,1,0,1,1]
321 0 0 [0,0,0,0,0,0][0,0,0,1,3,3][0,0,0,1,3,3][0,0,1,1,0,0][0,0,3,2,2,3][0,0,3,2,2,3]
320 0 0 [0,0,0,0,0,0][0,0,0,1,3,3][0,0,0,1,3,3][0,0,1,1,0,0][0,0,2,3,2,3][0,0,2,3,2,3]
295 0 0 [0,0,0,0,0,0][0,0,0,1,2,2][0,0,0,1,2,2][0,0,1,1,0,0][0,0,3,2,2,3][0,0,3,2,2,3]
294 0 0 [0,0,0,0,0,0][0,0,0,1,2,2][0,0,0,1,2,2][0,0,1,1,0,0][0,0,2,3,2,3][0,0,2,3,2,3]
289 0 0 [0,0,0,0,0,0][0,0,0,0,1,1][0,1,3,3,1,1][0,1,3,3,1,1][1,1,0,0,1,1][1,1,1,1,0,0]
288 0 0 [0,0,0,0,0,0][0,0,0,0,1,1][0,1,3,3,1,1][0,1,3,3,1,1][1,1,0,0,0,0][1,1,1,1,1,1]
272 0 0 [0,0,0,0,0,0][0,0,0,0,1,1][0,0,3,3,3,3][0,0,3,3,3,3][1,1,0,0,1,1][1,1,1,1,1,1]
271 0 0 [0,0,0,0,0,0][0,0,0,0,1,1][0,0,3,3,3,3][0,0,3,3,3,3][1,1,0,0,0,0][1,1,1,1,0,0]
270 0 0 [0,0,0,0,0,0][0,0,0,0,1,1][0,0,3,3,3,3][0,0,3,3,3,3][0,1,3,3,1,1][0,1,3,3,1,1]
269 0 0 [0,0,0,0,0,0][0,0,0,0,1,1][0,0,3,3,3,3][0,0,3,3,3,3][0,1,3,3,0,0][0,1,3,3,0,0]
268 0 0 [0,0,0,0,0,0][0,0,0,0,1,1][0,0,3,3,3,3][0,0,3,3,3,3][0,1,2,2,1,1][0,1,2,2,1,1]
267 0 0 [0,0,0,0,0,0][0,0,0,0,1,1][0,0,3,3,3,3][0,0,3,3,3,3][0,1,2,2,0,0][0,1,2,2,0,0]
265 0 0 [0,0,0,0,0,0][0,0,0,0,1,1][0,0,3,3,2,2][0,0,3,3,2,2][1,1,0,0,1,1][1,1,1,1,1,1]
264 0 0 [0,0,0,0,0,0][0,0,0,0,1,1][0,0,3,3,2,2][0,0,3,3,2,2][1,1,0,0,0,0][1,1,1,1,0,0]
261 0 0 [0,0,0,0,0,0][0,0,0,0,1,1][0,0,3,3,2,2][0,0,3,3,2,2][0,1,2,2,1,1][0,1,2,2,1,1]
260 0 0 [0,0,0,0,0,0][0,0,0,0,1,1][0,0,3,3,2,2][0,0,3,3,2,2][0,1,2,2,0,0][0,1,2,2,0,0]
232 0 0 [0,0,0,0,0,0][0,0,0,0,1,1][0,0,1,1,1,1][1,1,0,0,0,0][2,2,3,3,1,1][2,2,3,3,1,1]
229 0 0 [0,0,0,0,0,0][0,0,0,0,1,1][0,0,1,1,1,1][0,0,1,1,1,1][0,1,1,1,3,3][0,1,1,1,3,3]
220 0 0 [0,0,0,0,0,0][0,0,0,0,1,1][0,0,0,1,3,3][0,0,0,1,3,3][0,1,1,0,0,0][0,1,1,0,0,0]
218 0 0 [0,0,0,0,0,0][0,0,0,0,1,1][0,0,0,1,3,3][0,0,0,1,3,3][0,0,1,1,0,0][0,0,1,1,0,0]
212 0 0 [0,0,0,0,0,0][0,0,0,0,1,1][0,0,0,1,2,2][0,0,0,1,2,2][0,0,1,1,0,0][0,0,1,1,0,0]
180 0 0 [0,0,0,0,0,0][0,0,0,0,1,1][0,0,0,0,1,1][0,0,0,0,1,1][0,1,1,1,3,3][0,1,1,1,3,3]
161 0 0 [0,0,0,0,0,0][0,0,0,0,0,0][0,1,1,1,3,3][0,1,1,1,3,3][1,1,1,1,0,0][1,1,1,1,1,1]
149 0 0 [0,0,0,0,0,0][0,0,0,0,0,0][0,0,3,3,3,3][1,1,2,2,3,3][2,2,2,2,1,1][2,2,3,3,0,0]
144 0 0 [0,0,0,0,0,0][0,0,0,0,0,0][0,0,3,3,3,3][0,0,3,3,3,3][1,1,0,0,1,1][1,1,1,1,0,0]
143 0 0 [0,0,0,0,0,0][0,0,0,0,0,0][0,0,3,3,3,3][0,0,3,3,3,3][1,1,0,0,0,0][1,1,1,1,1,1]
142 0 0 [0,0,0,0,0,0][0,0,0,0,0,0][0,0,3,3,3,3][0,0,3,3,3,3][0,0,3,3,3,3][0,0,3,3,3,3]
131 0 0 [0,0,0,0,0,0][0,0,0,0,0,0][0,0,2,2,3,3][0,0,3,3,3,3][0,1,2,2,1,1][0,1,3,3,0,0]
130 0 0 [0,0,0,0,0,0][0,0,0,0,0,0][0,0,2,2,3,3][0,0,3,3,3,3][0,1,2,2,0,0][0,1,3,3,1,1]
119 0 0 [0,0,0,0,0,0][0,0,0,0,0,0][0,0,2,2,3,3][0,0,2,3,2,3][0,0,3,2,2,3][0,0,3,3,3,3]
110 0 0 [0,0,0,0,0,0][0,0,0,0,0,0][0,0,2,2,3,3][0,0,2,2,3,3][0,0,3,3,3,3][0,0,3,3,3,3]
70 0 0 [0,0,0,0,0,0][0,0,0,0,0,0][0,0,0,1,3,3][0,0,1,0,3,3][0,0,3,3,0,1][0,0,3,3,1,0]
61 0 0 [0,0,0,0,0,0][0,0,0,0,0,0][0,0,0,1,3,3][0,0,0,1,3,3][0,1,1,0,0,0][0,1,1,0,1,1]
60 0 0 [0,0,0,0,0,0][0,0,0,0,0,0][0,0,0,1,3,3][0,0,0,1,3,3][0,0,1,1,0,0][0,0,1,1,1,1]
2 0 0 [0,0,0,0,0,0][0,0,0,0,0,0][0,0,0,0,0,0][0,0,0,0,1,1][0,0,0,1,3,3][0,0,0,1,3,3]
