# Using the new encoding: 2y + x
26
[1,1,0,2,0,0]
[1,1,2,0,0,0]
[0,2,1,1,0,0]
[2,0,1,1,0,0]
[0,0,0,0,0,0]
[0,0,0,0,0,0]

31
[1,1,0,2,2,2]
[1,1,2,0,2,2]
[0,2,1,1,0,0]
[2,0,1,1,0,0]
[0,0,0,0,0,0]
[0,0,0,0,0,0]

32
[3,3,0,2,2,2]
[3,3,2,0,2,2]
[0,2,1,1,0,0]
[2,0,1,1,0,0]
[0,0,0,0,0,0]
[0,0,0,0,0,0]

45
[1,1,0,2,0,0]
[1,1,2,0,0,0]
[0,2,3,3,0,0]
[2,0,3,3,0,0]
[0,0,0,0,0,0]
[0,0,0,0,0,0]

99
[1,1,0,2,2,2]
[1,1,2,0,2,2]
[0,2,1,1,2,2]
[2,0,1,1,2,2]
[0,0,0,0,0,0]
[0,0,0,0,0,0]

102
[1,1,0,2,2,2]
[1,1,2,0,2,2]
[0,2,3,3,2,2]
[2,0,3,3,2,2]
[0,0,0,0,0,0]
[0,0,0,0,0,0]

257
[1,1,0,2,2,2]
[1,1,2,0,2,2]
[0,2,1,1,0,0]
[2,0,1,1,0,0]
[0,0,2,2,0,0]
[0,0,2,2,0,0]

258
[3,3,0,2,2,2]
[3,3,2,0,2,2]
[0,2,1,1,0,0]
[2,0,1,1,0,0]
[0,0,2,2,0,0]
[0,0,2,2,0,0]

284
[1,1,0,2,0,0]
[1,1,2,0,0,0]
[0,2,1,1,2,2]
[2,0,1,1,2,2]
[0,0,2,2,0,0]
[0,0,2,2,0,0]

285
[1,1,0,2,0,0]
[1,1,2,0,0,0]
[0,2,3,3,2,2]
[2,0,3,3,2,2]
[0,0,2,2,0,0]
[0,0,2,2,0,0]

369
[1,1,0,2,2,2]
[1,1,2,0,2,2]
[0,2,1,1,2,2]
[2,0,1,1,2,2]
[0,0,2,2,0,0]
[0,0,2,2,0,0]

370
[3,3,0,2,2,2]
[3,3,2,0,2,2]
[0,2,1,1,2,2]
[2,0,1,1,2,2]
[0,0,2,2,0,0]
[0,0,2,2,0,0]

385
[1,1,0,2,2,2]
[1,1,2,0,2,2]
[0,2,1,1,0,0]
[2,0,1,1,0,0]
[0,0,0,0,2,2]
[0,0,0,0,2,2]

395
[1,1,0,2,2,2]
[1,1,2,0,2,2]
[0,2,1,1,2,2]
[2,0,1,1,2,2]
[0,0,0,0,2,2]
[0,0,0,0,2,2]

399
[1,1,0,2,2,2]
[1,1,2,0,2,2]
[0,2,3,3,0,0]
[2,0,3,3,0,0]
[0,0,0,0,2,2]
[0,0,0,0,2,2]

402
[1,1,0,2,2,2]
[1,1,2,0,2,2]
[0,2,3,3,2,2]
[2,0,3,3,2,2]
[0,0,0,0,2,2]
[0,0,0,0,2,2]

648
[1,1,0,2,0,0]
[1,1,2,0,0,0]
[0,2,1,1,0,0]
[2,0,1,1,0,0]
[0,0,0,0,2,2]
[0,0,0,0,2,2]

653
[1,1,0,2,2,2]
[1,1,2,0,2,2]
[0,2,1,1,0,0]
[2,0,1,1,0,0]
[2,2,2,2,2,2]
[2,2,2,2,2,2]

654
[3,3,0,2,2,2]
[3,3,2,0,2,2]
[0,2,1,1,0,0]
[2,0,1,1,0,0]
[2,2,2,2,2,2]
[2,2,2,2,2,2]

682
[1,1,0,2,0,0]
[1,1,2,0,0,0]
[0,2,3,3,0,0]
[2,0,3,3,0,0]
[0,0,0,0,2,2]
[0,0,0,0,2,2]

691
[1,1,0,2,2,2]
[1,1,2,0,2,2]
[0,2,1,1,0,0]
[2,0,1,1,0,0]
[0,0,2,2,2,2]
[0,0,2,2,2,2]

692
[3,3,0,2,2,2]
[3,3,2,0,2,2]
[0,2,1,1,0,0]
[2,0,1,1,0,0]
[0,0,2,2,2,2]
[0,0,2,2,2,2]

696
[1,1,0,2,0,0]
[1,1,2,0,0,0]
[0,2,1,1,2,2]
[2,0,1,1,2,2]
[0,0,2,2,2,2]
[0,0,2,2,2,2]

697
[3,3,0,2,0,0]
[3,3,2,0,0,0]
[0,2,1,1,2,2]
[2,0,1,1,2,2]
[0,0,2,2,2,2]
[0,0,2,2,2,2]

704
[1,1,0,2,2,2]
[1,1,2,0,2,2]
[0,2,1,1,2,2]
[2,0,1,1,2,2]
[2,2,2,2,0,0]
[2,2,2,2,0,0]

707
[1,1,0,2,2,2]
[1,1,2,0,2,2]
[0,2,3,3,2,2]
[2,0,3,3,2,2]
[2,2,2,2,0,0]
[2,2,2,2,0,0]

901
[1,1,0,2,2,2]
[1,1,2,0,2,2]
[0,2,1,1,2,2]
[2,0,1,1,2,2]
[2,2,2,2,2,2]
[2,2,2,2,2,2]

907
[1,1,0,2,2,2]
[1,1,2,0,2,2]
[0,2,3,3,2,2]
[2,0,3,3,2,2]
[2,2,2,2,2,2]
[2,2,2,2,2,2]

