# Using the new encoding: 2y + x
860 [3,1,3,1,2,2][3,1,3,1,2,2][1,3,0,0,1,3][1,3,0,0,1,3][0,0,1,3,1,3][0,0,1,3,1,3]
861 [1,3,3,1,0,0][1,3,3,1,0,0][1,3,0,0,3,1][1,3,0,0,3,1][0,0,1,3,1,3][0,0,1,3,1,3]
862 [3,1,3,1,0,0][3,1,3,1,0,0][1,3,0,0,3,1][1,3,0,0,3,1][0,0,1,3,1,3][0,0,1,3,1,3]
863 [3,1,3,1,2,2][3,1,3,1,2,2][1,3,0,0,3,1][1,3,0,0,3,1][0,0,1,3,1,3][0,0,1,3,1,3]
864 [3,1,1,3,2,2][3,1,1,3,2,2][1,3,2,2,1,3][1,3,2,2,1,3][0,0,1,3,1,3][0,0,1,3,1,3]
865 [3,1,1,3,2,2][3,1,1,3,2,2][1,3,2,2,3,1][1,3,2,2,3,1][0,0,1,3,1,3][0,0,1,3,1,3]
866 [3,1,3,1,2,2][3,1,3,1,2,2][1,3,2,2,3,1][1,3,2,2,3,1][0,0,1,3,1,3][0,0,1,3,1,3]
880 [1,3,1,3,0,0][3,1,3,1,0,0][1,3,0,0,1,3][3,1,0,0,3,1][0,0,1,3,1,3][0,0,3,1,3,1]
881 [1,3,1,3,2,2][3,1,3,1,2,2][1,3,0,0,1,3][3,1,0,0,3,1][0,0,1,3,1,3][0,0,3,1,3,1]
882 [1,3,1,3,0,0][3,1,3,1,0,0][1,3,0,0,3,1][3,1,0,0,1,3][0,0,1,3,1,3][0,0,3,1,3,1]
883 [1,3,1,3,2,2][3,1,3,1,2,2][1,3,0,0,3,1][3,1,0,0,1,3][0,0,1,3,1,3][0,0,3,1,3,1]
884 [1,3,1,3,2,2][3,1,3,1,2,2][1,3,2,2,1,3][3,1,2,2,3,1][0,0,1,3,1,3][0,0,3,1,3,1]
885 [1,3,1,3,2,2][3,1,3,1,2,2][1,3,2,2,3,1][3,1,2,2,1,3][0,0,1,3,1,3][0,0,3,1,3,1]
924 [1,3,3,1,2,2][1,3,3,1,2,2][1,3,2,2,3,1][1,3,2,2,3,1][2,2,1,3,1,3][2,2,1,3,1,3]
925 [3,1,3,1,2,2][3,1,3,1,2,2][1,3,2,2,3,1][1,3,2,2,3,1][2,2,1,3,1,3][2,2,1,3,1,3]
926 [1,3,1,3,2,2][3,1,3,1,2,2][1,3,2,2,1,3][3,1,2,2,3,1][2,2,1,3,1,3][2,2,3,1,3,1]
927 [1,3,1,3,2,2][3,1,3,1,2,2][1,3,2,2,3,1][3,1,2,2,1,3][2,2,1,3,1,3][2,2,3,1,3,1]
