# Using the new encoding: 2y + x
59 [1,1,1,1,0,0][1,1,3,3,0,0][1,3,1,3,0,0][1,3,3,1,0,0][0,0,0,0,0,0][0,0,0,0,0,0]
64 [1,1,1,1,0,0][1,1,3,3,0,0][1,3,1,3,2,2][1,3,3,1,2,2][0,0,0,0,0,0][0,0,0,0,0,0]
78 [1,1,3,3,0,0][1,3,1,3,0,0][3,1,3,1,0,0][3,3,1,1,0,0][0,0,0,0,0,0][0,0,0,0,0,0]
81 [1,1,3,3,0,0][1,3,1,3,0,0][1,1,1,1,2,2][1,3,3,1,2,2][0,0,0,0,0,0][0,0,0,0,0,0]
82 [1,1,3,3,0,0][1,3,1,3,0,0][1,1,3,3,2,2][1,3,1,3,2,2][0,0,0,0,0,0][0,0,0,0,0,0]
83 [1,1,3,3,0,0][1,3,1,3,0,0][3,1,3,1,2,2][3,3,1,1,2,2][0,0,0,0,0,0][0,0,0,0,0,0]
86 [1,1,3,3,0,0][3,3,1,1,0,0][1,3,1,3,2,2][3,1,3,1,2,2][0,0,0,0,0,0][0,0,0,0,0,0]
106 [1,1,1,1,2,2][1,1,3,3,2,2][1,3,1,3,2,2][1,3,3,1,2,2][0,0,0,0,0,0][0,0,0,0,0,0]
111 [1,1,3,3,2,2][1,3,1,3,2,2][3,1,3,1,2,2][3,3,1,1,2,2][0,0,0,0,0,0][0,0,0,0,0,0]
413 [1,1,1,1,2,2][1,1,3,3,2,2][1,3,1,3,2,2][1,3,3,1,2,2][0,0,2,2,0,0][0,0,2,2,0,0]
415 [1,1,1,1,2,2][1,3,1,3,2,2][3,1,1,3,2,2][3,3,1,1,2,2][0,0,2,2,0,0][0,0,2,2,0,0]
416 [1,1,1,1,2,2][1,3,1,3,2,2][3,1,3,1,2,2][3,3,3,3,2,2][0,0,2,2,0,0][0,0,2,2,0,0]
420 [1,1,3,3,2,2][1,3,1,3,2,2][3,1,3,1,2,2][3,3,1,1,2,2][0,0,2,2,0,0][0,0,2,2,0,0]
425 [1,3,1,3,2,2][1,3,3,1,2,2][3,1,1,3,2,2][3,1,3,1,2,2][0,0,2,2,0,0][0,0,2,2,0,0]
429 [1,1,1,1,2,2][1,1,3,3,2,2][1,3,1,3,2,2][1,3,3,1,2,2][0,0,0,0,2,2][0,0,0,0,2,2]
434 [1,1,3,3,2,2][1,3,1,3,2,2][3,1,3,1,2,2][3,3,1,1,2,2][0,0,0,0,2,2][0,0,0,0,2,2]
711 [1,1,1,1,2,2][1,1,3,3,2,2][1,3,1,3,2,2][1,3,3,1,2,2][2,2,2,2,0,0][2,2,2,2,0,0]
714 [1,1,3,3,2,2][1,3,1,3,2,2][3,1,3,1,2,2][3,3,1,1,2,2][2,2,2,2,0,0][2,2,2,2,0,0]
728 [1,1,1,1,2,2][1,1,3,3,2,2][1,3,1,3,2,2][1,3,3,1,2,2][0,0,2,2,2,2][0,0,2,2,2,2]
730 [1,1,1,1,2,2][1,3,1,3,2,2][3,1,1,3,2,2][3,3,1,1,2,2][0,0,2,2,2,2][0,0,2,2,2,2]
731 [1,1,1,1,2,2][1,3,1,3,2,2][3,1,3,1,2,2][3,3,3,3,2,2][0,0,2,2,2,2][0,0,2,2,2,2]
735 [1,1,3,3,2,2][1,3,1,3,2,2][3,1,3,1,2,2][3,3,1,1,2,2][0,0,2,2,2,2][0,0,2,2,2,2]
742 [1,3,1,3,2,2][1,3,3,1,2,2][3,1,1,3,2,2][3,1,3,1,2,2][0,0,2,2,2,2][0,0,2,2,2,2]
799 [1,1,1,1,0,0][1,1,3,3,0,0][1,3,1,3,0,0][1,3,3,1,0,0][0,0,0,0,2,2][0,0,0,0,2,2]
800 [1,1,1,1,0,0][1,1,3,3,0,0][1,3,1,3,0,0][1,3,3,1,0,0][0,0,2,2,2,2][0,0,2,2,2,2]
801 [1,1,1,1,0,0][1,1,3,3,0,0][1,3,1,3,0,0][1,3,3,1,0,0][2,0,0,2,2,2][2,0,0,2,2,2]
804 [1,1,1,1,0,0][1,1,3,3,0,0][3,3,1,1,0,0][3,3,3,3,0,0][0,2,0,2,2,2][0,2,0,2,2,2]
867 [1,1,3,3,0,0][1,3,1,3,0,0][3,1,3,1,0,0][3,3,1,1,0,0][0,0,0,0,2,2][0,0,0,0,2,2]
868 [1,1,3,3,0,0][1,3,1,3,0,0][3,1,3,1,0,0][3,3,1,1,0,0][0,0,2,2,2,2][0,0,2,2,2,2]
869 [1,1,3,3,0,0][1,3,1,3,0,0][3,1,3,1,0,0][3,3,1,1,0,0][0,2,2,0,2,2][0,2,2,0,2,2]
911 [1,1,1,1,2,2][1,1,3,3,2,2][1,3,1,3,2,2][1,3,3,1,2,2][2,2,2,2,2,2][2,2,2,2,2,2]
914 [1,1,3,3,2,2][1,3,1,3,2,2][3,1,3,1,2,2][3,3,1,1,2,2][2,2,2,2,2,2][2,2,2,2,2,2]
