# Using the new encoding: 2y + x
51 [1,1,1,1,0,0][1,1,1,1,0,0][1,1,1,1,0,0][1,1,1,1,0,0][0,0,0,0,0,0][0,0,0,0,0,0]
52 [1,1,1,1,0,0][1,1,1,1,0,0][1,1,3,3,0,0][1,1,3,3,0,0][0,0,0,0,0,0][0,0,0,0,0,0]
53 [1,1,1,1,0,0][1,1,1,1,0,0][3,3,3,3,0,0][3,3,3,3,0,0][0,0,0,0,0,0][0,0,0,0,0,0]
56 [1,1,1,1,0,0][1,1,1,1,0,0][1,1,1,1,2,2][1,1,1,1,2,2][0,0,0,0,0,0][0,0,0,0,0,0]
57 [1,1,1,1,0,0][1,1,1,1,0,0][1,1,3,3,2,2][1,1,3,3,2,2][0,0,0,0,0,0][0,0,0,0,0,0]
58 [1,1,1,1,0,0][1,1,1,1,0,0][3,3,3,3,2,2][3,3,3,3,2,2][0,0,0,0,0,0][0,0,0,0,0,0]
60 [1,1,1,1,0,0][1,1,3,3,0,0][3,3,1,1,0,0][3,3,3,3,0,0][0,0,0,0,0,0][0,0,0,0,0,0]
63 [1,1,1,1,0,0][1,1,3,3,0,0][1,1,1,1,2,2][1,1,3,3,2,2][0,0,0,0,0,0][0,0,0,0,0,0]
65 [1,1,1,1,0,0][1,1,3,3,0,0][3,3,1,1,2,2][3,3,3,3,2,2][0,0,0,0,0,0][0,0,0,0,0,0]
66 [1,1,1,1,0,0][3,3,3,3,0,0][1,1,1,1,2,2][3,3,3,3,2,2][0,0,0,0,0,0][0,0,0,0,0,0]
67 [1,1,1,1,0,0][3,3,3,3,0,0][1,1,3,3,2,2][3,3,1,1,2,2][0,0,0,0,0,0][0,0,0,0,0,0]
70 [1,1,3,3,0,0][1,1,3,3,0,0][3,3,1,1,0,0][3,3,1,1,0,0][0,0,0,0,0,0][0,0,0,0,0,0]
74 [1,1,3,3,0,0][1,1,3,3,0,0][1,1,1,1,2,2][1,1,1,1,2,2][0,0,0,0,0,0][0,0,0,0,0,0]
75 [1,1,3,3,0,0][1,1,3,3,0,0][1,1,3,3,2,2][1,1,3,3,2,2][0,0,0,0,0,0][0,0,0,0,0,0]
76 [1,1,3,3,0,0][1,1,3,3,0,0][1,3,1,3,2,2][1,3,1,3,2,2][0,0,0,0,0,0][0,0,0,0,0,0]
77 [1,1,3,3,0,0][1,1,3,3,0,0][3,3,1,1,2,2][3,3,1,1,2,2][0,0,0,0,0,0][0,0,0,0,0,0]
84 [1,1,3,3,0,0][3,3,1,1,0,0][1,1,1,1,2,2][3,3,3,3,2,2][0,0,0,0,0,0][0,0,0,0,0,0]
85 [1,1,3,3,0,0][3,3,1,1,0,0][1,1,3,3,2,2][3,3,1,1,2,2][0,0,0,0,0,0][0,0,0,0,0,0]
103 [1,1,1,1,2,2][1,1,1,1,2,2][1,1,1,1,2,2][1,1,1,1,2,2][0,0,0,0,0,0][0,0,0,0,0,0]
104 [1,1,1,1,2,2][1,1,1,1,2,2][1,1,3,3,2,2][1,1,3,3,2,2][0,0,0,0,0,0][0,0,0,0,0,0]
105 [1,1,1,1,2,2][1,1,1,1,2,2][3,3,3,3,2,2][3,3,3,3,2,2][0,0,0,0,0,0][0,0,0,0,0,0]
107 [1,1,1,1,2,2][1,1,3,3,2,2][3,3,1,1,2,2][3,3,3,3,2,2][0,0,0,0,0,0][0,0,0,0,0,0]
108 [1,1,3,3,2,2][1,1,3,3,2,2][1,1,3,3,2,2][1,1,3,3,2,2][0,0,0,0,0,0][0,0,0,0,0,0]
109 [1,1,3,3,2,2][1,1,3,3,2,2][1,3,1,3,2,2][1,3,1,3,2,2][0,0,0,0,0,0][0,0,0,0,0,0]
110 [1,1,3,3,2,2][1,1,3,3,2,2][3,3,1,1,2,2][3,3,1,1,2,2][0,0,0,0,0,0][0,0,0,0,0,0]
307 [1,1,1,1,0,0][1,1,1,1,0,0][1,1,1,1,2,2][1,1,1,1,2,2][0,0,2,2,0,0][0,0,2,2,0,0]
308 [1,1,1,1,0,0][1,1,1,1,0,0][1,1,3,3,2,2][1,1,3,3,2,2][0,0,2,2,0,0][0,0,2,2,0,0]
309 [1,1,1,1,0,0][1,1,1,1,0,0][1,3,1,3,2,2][1,3,1,3,2,2][0,0,2,2,0,0][0,0,2,2,0,0]
310 [1,1,1,1,0,0][1,1,1,1,0,0][3,3,1,1,2,2][3,3,1,1,2,2][0,0,2,2,0,0][0,0,2,2,0,0]
311 [1,1,1,1,0,0][1,1,1,1,0,0][3,3,3,3,2,2][3,3,3,3,2,2][0,0,2,2,0,0][0,0,2,2,0,0]
313 [1,1,1,1,0,0][1,1,3,3,0,0][3,3,1,1,2,2][3,3,3,3,2,2][0,0,2,2,0,0][0,0,2,2,0,0]
318 [1,1,1,1,0,0][3,3,1,1,0,0][1,1,1,1,2,2][3,3,1,1,2,2][0,0,2,2,0,0][0,0,2,2,0,0]
319 [1,1,1,1,0,0][3,3,1,1,0,0][1,1,3,3,2,2][3,3,3,3,2,2][0,0,2,2,0,0][0,0,2,2,0,0]
321 [1,1,1,1,0,0][3,3,3,3,0,0][1,1,1,1,2,2][3,3,3,3,2,2][0,0,2,2,0,0][0,0,2,2,0,0]
322 [1,1,1,1,0,0][3,3,3,3,0,0][1,1,3,3,2,2][3,3,1,1,2,2][0,0,2,2,0,0][0,0,2,2,0,0]
332 [1,1,3,3,0,0][1,1,3,3,0,0][3,3,1,1,2,2][3,3,1,1,2,2][0,0,2,2,0,0][0,0,2,2,0,0]
333 [1,1,3,3,0,0][1,1,3,3,0,0][3,3,3,3,2,2][3,3,3,3,2,2][0,0,2,2,0,0][0,0,2,2,0,0]
336 [1,1,3,3,0,0][3,3,1,1,0,0][1,1,1,1,2,2][3,3,3,3,2,2][0,0,2,2,0,0][0,0,2,2,0,0]
337 [1,1,3,3,0,0][3,3,1,1,0,0][1,1,3,3,2,2][3,3,1,1,2,2][0,0,2,2,0,0][0,0,2,2,0,0]
408 [1,1,1,1,2,2][1,1,1,1,2,2][1,1,1,1,2,2][1,1,1,1,2,2][0,0,2,2,0,0][0,0,2,2,0,0]
409 [1,1,1,1,2,2][1,1,1,1,2,2][1,1,3,3,2,2][1,1,3,3,2,2][0,0,2,2,0,0][0,0,2,2,0,0]
410 [1,1,1,1,2,2][1,1,1,1,2,2][1,3,1,3,2,2][1,3,1,3,2,2][0,0,2,2,0,0][0,0,2,2,0,0]
411 [1,1,1,1,2,2][1,1,1,1,2,2][3,3,1,1,2,2][3,3,1,1,2,2][0,0,2,2,0,0][0,0,2,2,0,0]
412 [1,1,1,1,2,2][1,1,1,1,2,2][3,3,3,3,2,2][3,3,3,3,2,2][0,0,2,2,0,0][0,0,2,2,0,0]
414 [1,1,1,1,2,2][1,1,3,3,2,2][3,3,1,1,2,2][3,3,3,3,2,2][0,0,2,2,0,0][0,0,2,2,0,0]
417 [1,1,3,3,2,2][1,1,3,3,2,2][1,1,3,3,2,2][1,1,3,3,2,2][0,0,2,2,0,0][0,0,2,2,0,0]
418 [1,1,3,3,2,2][1,1,3,3,2,2][1,3,1,3,2,2][1,3,1,3,2,2][0,0,2,2,0,0][0,0,2,2,0,0]
419 [1,1,3,3,2,2][1,1,3,3,2,2][3,3,1,1,2,2][3,3,1,1,2,2][0,0,2,2,0,0][0,0,2,2,0,0]
421 [1,3,1,3,2,2][1,3,1,3,2,2][1,3,1,3,2,2][1,3,1,3,2,2][0,0,2,2,0,0][0,0,2,2,0,0]
422 [1,3,1,3,2,2][1,3,1,3,2,2][1,3,3,1,2,2][1,3,3,1,2,2][0,0,2,2,0,0][0,0,2,2,0,0]
423 [1,3,1,3,2,2][1,3,1,3,2,2][3,1,1,3,2,2][3,1,1,3,2,2][0,0,2,2,0,0][0,0,2,2,0,0]
424 [1,3,1,3,2,2][1,3,1,3,2,2][3,1,3,1,2,2][3,1,3,1,2,2][0,0,2,2,0,0][0,0,2,2,0,0]
426 [1,1,1,1,2,2][1,1,1,1,2,2][1,1,1,1,2,2][1,1,1,1,2,2][0,0,0,0,2,2][0,0,0,0,2,2]
427 [1,1,1,1,2,2][1,1,1,1,2,2][1,1,3,3,2,2][1,1,3,3,2,2][0,0,0,0,2,2][0,0,0,0,2,2]
428 [1,1,1,1,2,2][1,1,1,1,2,2][3,3,3,3,2,2][3,3,3,3,2,2][0,0,0,0,2,2][0,0,0,0,2,2]
430 [1,1,1,1,2,2][1,1,3,3,2,2][3,3,1,1,2,2][3,3,3,3,2,2][0,0,0,0,2,2][0,0,0,0,2,2]
431 [1,1,3,3,2,2][1,1,3,3,2,2][1,1,3,3,2,2][1,1,3,3,2,2][0,0,0,0,2,2][0,0,0,0,2,2]
432 [1,1,3,3,2,2][1,1,3,3,2,2][1,3,1,3,2,2][1,3,1,3,2,2][0,0,0,0,2,2][0,0,0,0,2,2]
433 [1,1,3,3,2,2][1,1,3,3,2,2][3,3,1,1,2,2][3,3,1,1,2,2][0,0,0,0,2,2][0,0,0,0,2,2]
708 [1,1,1,1,2,2][1,1,1,1,2,2][1,1,1,1,2,2][1,1,1,1,2,2][2,2,2,2,0,0][2,2,2,2,0,0]
709 [1,1,1,1,2,2][1,1,1,1,2,2][1,1,3,3,2,2][1,1,3,3,2,2][2,2,2,2,0,0][2,2,2,2,0,0]
710 [1,1,1,1,2,2][1,1,1,1,2,2][3,3,3,3,2,2][3,3,3,3,2,2][2,2,2,2,0,0][2,2,2,2,0,0]
712 [1,1,1,1,2,2][1,1,3,3,2,2][3,3,1,1,2,2][3,3,3,3,2,2][2,2,2,2,0,0][2,2,2,2,0,0]
713 [1,1,3,3,2,2][1,1,3,3,2,2][3,3,1,1,2,2][3,3,1,1,2,2][2,2,2,2,0,0][2,2,2,2,0,0]
723 [1,1,1,1,2,2][1,1,1,1,2,2][1,1,1,1,2,2][1,1,1,1,2,2][0,0,2,2,2,2][0,0,2,2,2,2]
724 [1,1,1,1,2,2][1,1,1,1,2,2][1,1,3,3,2,2][1,1,3,3,2,2][0,0,2,2,2,2][0,0,2,2,2,2]
725 [1,1,1,1,2,2][1,1,1,1,2,2][1,3,1,3,2,2][1,3,1,3,2,2][0,0,2,2,2,2][0,0,2,2,2,2]
726 [1,1,1,1,2,2][1,1,1,1,2,2][3,3,1,1,2,2][3,3,1,1,2,2][0,0,2,2,2,2][0,0,2,2,2,2]
727 [1,1,1,1,2,2][1,1,1,1,2,2][3,3,3,3,2,2][3,3,3,3,2,2][0,0,2,2,2,2][0,0,2,2,2,2]
729 [1,1,1,1,2,2][1,1,3,3,2,2][3,3,1,1,2,2][3,3,3,3,2,2][0,0,2,2,2,2][0,0,2,2,2,2]
732 [1,1,3,3,2,2][1,1,3,3,2,2][1,1,3,3,2,2][1,1,3,3,2,2][0,0,2,2,2,2][0,0,2,2,2,2]
733 [1,1,3,3,2,2][1,1,3,3,2,2][1,3,1,3,2,2][1,3,1,3,2,2][0,0,2,2,2,2][0,0,2,2,2,2]
734 [1,1,3,3,2,2][1,1,3,3,2,2][3,3,1,1,2,2][3,3,1,1,2,2][0,0,2,2,2,2][0,0,2,2,2,2]
738 [1,3,1,3,2,2][1,3,1,3,2,2][1,3,1,3,2,2][1,3,1,3,2,2][0,0,2,2,2,2][0,0,2,2,2,2]
739 [1,3,1,3,2,2][1,3,1,3,2,2][1,3,3,1,2,2][1,3,3,1,2,2][0,0,2,2,2,2][0,0,2,2,2,2]
740 [1,3,1,3,2,2][1,3,1,3,2,2][3,1,1,3,2,2][3,1,1,3,2,2][0,0,2,2,2,2][0,0,2,2,2,2]
741 [1,3,1,3,2,2][1,3,1,3,2,2][3,1,3,1,2,2][3,1,3,1,2,2][0,0,2,2,2,2][0,0,2,2,2,2]
757 [1,1,1,1,0,0][1,1,1,1,0,0][1,1,1,1,0,0][1,1,1,1,0,0][0,0,0,0,2,2][0,0,0,0,2,2]
758 [1,1,1,1,0,0][1,1,1,1,0,0][1,1,1,1,0,0][1,1,1,1,0,0][0,0,2,2,2,2][0,0,2,2,2,2]
759 [1,1,1,1,0,0][1,1,1,1,0,0][1,1,3,3,0,0][1,1,3,3,0,0][0,0,0,0,2,2][0,0,0,0,2,2]
760 [1,1,1,1,0,0][1,1,1,1,0,0][1,1,3,3,0,0][1,1,3,3,0,0][0,0,2,2,2,2][0,0,2,2,2,2]
761 [1,1,1,1,0,0][1,1,1,1,0,0][1,1,3,3,0,0][1,1,3,3,0,0][0,2,0,2,2,2][0,2,0,2,2,2]
762 [1,1,1,1,0,0][1,1,1,1,0,0][1,1,3,3,0,0][1,1,3,3,0,0][2,2,0,0,2,2][2,2,0,0,2,2]
763 [1,1,1,1,0,0][1,1,1,1,0,0][3,3,3,3,0,0][3,3,3,3,0,0][0,0,0,0,2,2][0,0,0,0,2,2]
764 [1,1,1,1,0,0][1,1,1,1,0,0][3,3,3,3,0,0][3,3,3,3,0,0][0,0,2,2,2,2][0,0,2,2,2,2]
771 [1,1,1,1,0,0][1,1,1,1,0,0][3,3,3,3,2,2][3,3,3,3,2,2][0,0,0,0,2,2][0,0,0,0,2,2]
773 [1,1,1,1,0,0][1,1,1,1,0,0][1,1,1,1,2,2][1,1,1,1,2,2][0,0,2,2,2,2][0,0,2,2,2,2]
774 [1,1,1,1,0,0][1,1,1,1,0,0][1,1,3,3,2,2][1,1,3,3,2,2][0,0,2,2,2,2][0,0,2,2,2,2]
775 [1,1,1,1,0,0][1,1,1,1,0,0][1,3,1,3,2,2][1,3,1,3,2,2][0,0,2,2,2,2][0,0,2,2,2,2]
776 [1,1,1,1,0,0][1,1,1,1,0,0][3,3,1,1,2,2][3,3,1,1,2,2][0,0,2,2,2,2][0,0,2,2,2,2]
777 [1,1,1,1,0,0][1,1,1,1,0,0][3,3,3,3,2,2][3,3,3,3,2,2][0,0,2,2,2,2][0,0,2,2,2,2]
802 [1,1,1,1,0,0][1,1,3,3,0,0][3,3,1,1,0,0][3,3,3,3,0,0][0,0,0,0,2,2][0,0,0,0,2,2]
803 [1,1,1,1,0,0][1,1,3,3,0,0][3,3,1,1,0,0][3,3,3,3,0,0][0,0,2,2,2,2][0,0,2,2,2,2]
805 [1,1,1,1,0,0][1,1,3,3,0,0][3,3,1,1,2,2][3,3,3,3,2,2][0,0,0,0,2,2][0,0,0,0,2,2]
807 [1,1,1,1,0,0][1,1,3,3,0,0][3,3,1,1,2,2][3,3,3,3,2,2][0,0,2,2,2,2][0,0,2,2,2,2]
812 [1,1,1,1,0,0][1,1,3,3,0,0][1,1,1,1,2,2][1,1,3,3,2,2][2,2,0,0,2,2][2,2,0,0,2,2]
814 [1,1,1,1,0,0][1,1,3,3,0,0][3,3,1,1,2,2][3,3,3,3,2,2][2,2,0,0,2,2][2,2,0,0,2,2]
815 [1,1,1,1,0,0][3,3,3,3,0,0][1,1,1,1,2,2][3,3,3,3,2,2][0,0,0,0,2,2][0,0,0,0,2,2]
816 [1,1,1,1,0,0][3,3,3,3,0,0][1,1,3,3,2,2][3,3,1,1,2,2][0,0,0,0,2,2][0,0,0,0,2,2]
817 [1,1,1,1,0,0][3,3,3,3,0,0][1,1,1,1,2,2][3,3,3,3,2,2][0,0,2,2,2,2][0,0,2,2,2,2]
818 [1,1,1,1,0,0][3,3,3,3,0,0][1,1,3,3,2,2][3,3,1,1,2,2][0,0,2,2,2,2][0,0,2,2,2,2]
831 [1,1,3,3,0,0][1,1,3,3,0,0][1,3,1,3,0,0][1,3,1,3,0,0][2,0,0,2,2,2][2,0,0,2,2,2]
832 [1,1,3,3,0,0][1,1,3,3,0,0][3,3,1,1,0,0][3,3,1,1,0,0][0,0,0,0,2,2][0,0,0,0,2,2]
833 [1,1,3,3,0,0][1,1,3,3,0,0][3,3,1,1,0,0][3,3,1,1,0,0][0,0,2,2,2,2][0,0,2,2,2,2]
834 [1,1,3,3,0,0][1,1,3,3,0,0][3,3,1,1,0,0][3,3,1,1,0,0][0,2,0,2,2,2][0,2,0,2,2,2]
840 [1,1,3,3,0,0][1,1,3,3,0,0][3,3,1,1,2,2][3,3,1,1,2,2][0,0,2,2,2,2][0,0,2,2,2,2]
841 [1,1,3,3,0,0][1,1,3,3,0,0][3,3,3,3,2,2][3,3,3,3,2,2][0,0,2,2,2,2][0,0,2,2,2,2]
843 [1,1,3,3,0,0][1,1,3,3,0,0][3,1,1,3,2,2][3,1,1,3,2,2][0,2,0,2,2,2][0,2,0,2,2,2]
844 [1,1,3,3,0,0][1,1,3,3,0,0][3,3,1,1,2,2][3,3,1,1,2,2][0,2,0,2,2,2][0,2,0,2,2,2]
908 [1,1,1,1,2,2][1,1,1,1,2,2][1,1,1,1,2,2][1,1,1,1,2,2][2,2,2,2,2,2][2,2,2,2,2,2]
909 [1,1,1,1,2,2][1,1,1,1,2,2][1,1,3,3,2,2][1,1,3,3,2,2][2,2,2,2,2,2][2,2,2,2,2,2]
910 [1,1,1,1,2,2][1,1,1,1,2,2][3,3,3,3,2,2][3,3,3,3,2,2][2,2,2,2,2,2][2,2,2,2,2,2]
912 [1,1,1,1,2,2][1,1,3,3,2,2][3,3,1,1,2,2][3,3,3,3,2,2][2,2,2,2,2,2][2,2,2,2,2,2]
913 [1,1,3,3,2,2][1,1,3,3,2,2][3,3,1,1,2,2][3,3,1,1,2,2][2,2,2,2,2,2][2,2,2,2,2,2]
