# Using the new encoding: 2y + x
33
[1,3,1,3,0,0]
[3,1,1,3,0,0]
[1,1,0,2,0,0]
[3,3,2,0,0,0]
[0,0,0,0,0,0]
[0,0,0,0,0,0]

36
[1,3,1,3,2,2]
[3,1,1,3,2,2]
[1,1,0,2,0,0]
[3,3,2,0,0,0]
[0,0,0,0,0,0]
[0,0,0,0,0,0]

43
[1,3,1,3,0,0]
[3,1,1,3,0,0]
[3,3,0,2,0,0]
[1,1,2,0,0,0]
[0,0,0,0,0,0]
[0,0,0,0,0,0]

44
[1,3,1,3,2,2]
[3,1,1,3,2,2]
[3,3,0,2,0,0]
[1,1,2,0,0,0]
[0,0,0,0,0,0]
[0,0,0,0,0,0]

79
[1,3,1,3,0,0]
[3,1,1,3,0,0]
[1,1,0,2,2,2]
[3,3,2,0,2,2]
[0,0,0,0,0,0]
[0,0,0,0,0,0]

80
[1,3,1,3,0,0]
[3,1,1,3,0,0]
[3,3,0,2,2,2]
[1,1,2,0,2,2]
[0,0,0,0,0,0]
[0,0,0,0,0,0]

100
[1,3,1,3,2,2]
[3,1,1,3,2,2]
[1,1,0,2,2,2]
[3,3,2,0,2,2]
[0,0,0,0,0,0]
[0,0,0,0,0,0]

101
[1,3,1,3,2,2]
[3,1,1,3,2,2]
[3,3,0,2,2,2]
[1,1,2,0,2,2]
[0,0,0,0,0,0]
[0,0,0,0,0,0]

151
[1,3,1,3,0,0]
[1,3,1,3,0,0]
[1,1,0,2,2,2]
[1,1,0,2,2,2]
[0,0,0,0,0,0]
[0,0,2,2,0,0]

152
[1,3,1,3,0,0]
[1,3,1,3,0,0]
[1,1,2,0,2,2]
[1,1,2,0,2,2]
[0,0,0,0,0,0]
[0,0,2,2,0,0]

168
[1,3,1,3,2,2]
[1,3,1,3,2,2]
[1,1,0,2,0,0]
[1,1,0,2,0,0]
[0,0,0,0,0,0]
[0,0,2,2,0,0]

169
[1,3,3,1,2,2]
[1,3,3,1,2,2]
[1,1,0,2,0,0]
[1,1,0,2,0,0]
[0,0,0,0,0,0]
[0,0,2,2,0,0]

236
[1,3,3,1,2,2]
[1,3,3,1,2,2]
[1,1,2,0,2,2]
[1,1,2,0,2,2]
[0,0,0,0,0,0]
[0,0,2,2,0,0]

237
[1,3,1,3,2,2]
[1,3,1,3,2,2]
[1,1,2,0,2,2]
[1,1,2,0,2,2]
[0,0,0,0,0,0]
[0,0,2,2,0,0]

259
[1,3,1,3,2,2]
[3,1,1,3,2,2]
[1,1,0,2,0,0]
[3,3,2,0,0,0]
[2,2,0,0,0,0]
[2,2,0,0,0,0]

266
[1,3,1,3,2,2]
[3,1,1,3,2,2]
[3,3,0,2,0,0]
[1,1,2,0,0,0]
[2,2,0,0,0,0]
[2,2,0,0,0,0]

290
[1,3,1,3,2,2]
[3,1,1,3,2,2]
[1,1,0,2,0,0]
[3,3,2,0,0,0]
[0,0,2,2,0,0]
[0,0,2,2,0,0]

291
[1,3,3,1,2,2]
[3,1,3,1,2,2]
[1,1,0,2,0,0]
[3,3,2,0,0,0]
[0,0,2,2,0,0]
[0,0,2,2,0,0]

346
[1,3,1,3,0,0]
[3,1,1,3,0,0]
[1,1,0,2,2,2]
[3,3,2,0,2,2]
[0,0,2,2,0,0]
[0,0,2,2,0,0]

347
[1,3,1,3,0,0]
[3,1,1,3,0,0]
[1,1,2,0,2,2]
[3,3,0,2,2,2]
[0,0,2,2,0,0]
[0,0,2,2,0,0]

371
[1,3,1,3,2,2]
[3,1,1,3,2,2]
[1,1,0,2,2,2]
[3,3,2,0,2,2]
[2,2,0,0,0,0]
[2,2,0,0,0,0]

372
[1,3,1,3,2,2]
[3,1,1,3,2,2]
[3,3,0,2,2,2]
[1,1,2,0,2,2]
[2,2,0,0,0,0]
[2,2,0,0,0,0]

386
[1,3,1,3,2,2]
[3,1,1,3,2,2]
[1,1,0,2,0,0]
[3,3,2,0,0,0]
[0,0,0,0,2,2]
[0,0,0,0,2,2]

396
[1,3,1,3,0,0]
[3,1,1,3,0,0]
[1,1,0,2,2,2]
[3,3,2,0,2,2]
[0,0,0,0,2,2]
[0,0,0,0,2,2]

397
[1,3,1,3,2,2]
[3,1,1,3,2,2]
[1,1,0,2,2,2]
[3,3,2,0,2,2]
[0,0,0,0,2,2]
[0,0,0,0,2,2]

398
[1,3,1,3,2,2]
[3,1,1,3,2,2]
[3,3,0,2,0,0]
[1,1,2,0,0,0]
[0,0,0,0,2,2]
[0,0,0,0,2,2]

400
[1,3,1,3,0,0]
[3,1,1,3,0,0]
[3,3,0,2,2,2]
[1,1,2,0,2,2]
[0,0,0,0,2,2]
[0,0,0,0,2,2]

401
[1,3,1,3,2,2]
[3,1,1,3,2,2]
[3,3,0,2,2,2]
[1,1,2,0,2,2]
[0,0,0,0,2,2]
[0,0,0,0,2,2]

406
[1,3,1,3,2,2]
[3,1,1,3,2,2]
[1,1,0,2,2,2]
[3,3,2,0,2,2]
[0,0,2,2,0,0]
[0,0,2,2,0,0]

407
[1,3,3,1,2,2]
[3,1,3,1,2,2]
[1,1,0,2,2,2]
[3,3,2,0,2,2]
[0,0,2,2,0,0]
[0,0,2,2,0,0]

557
[1,3,3,1,2,2]
[1,3,3,1,2,2]
[1,1,2,0,2,2]
[1,1,2,0,2,2]
[2,2,0,0,0,0]
[2,2,2,2,0,0]

558
[1,3,1,3,2,2]
[1,3,1,3,2,2]
[1,1,2,0,2,2]
[1,1,2,0,2,2]
[2,2,0,0,0,0]
[2,2,2,2,0,0]

560
[1,3,1,3,0,0]
[1,3,1,3,0,0]
[1,1,0,2,2,2]
[1,1,0,2,2,2]
[0,0,0,0,2,2]
[0,0,2,2,2,2]

561
[1,3,1,3,2,2]
[1,3,1,3,2,2]
[1,1,0,2,2,2]
[1,1,0,2,2,2]
[0,0,0,0,2,2]
[0,0,2,2,2,2]

562
[1,3,3,1,0,0]
[1,3,3,1,0,0]
[1,1,0,2,2,2]
[1,1,0,2,2,2]
[0,0,0,0,2,2]
[0,0,2,2,2,2]

563
[1,3,3,1,2,2]
[1,3,3,1,2,2]
[1,1,0,2,2,2]
[1,1,0,2,2,2]
[0,0,0,0,2,2]
[0,0,2,2,2,2]

604
[1,3,1,3,0,0]
[1,3,1,3,0,0]
[1,1,0,2,0,0]
[1,1,0,2,0,0]
[0,0,0,0,2,2]
[0,0,2,2,2,2]

605
[1,3,3,1,0,0]
[1,3,3,1,0,0]
[1,1,0,2,0,0]
[1,1,0,2,0,0]
[0,0,0,0,2,2]
[0,0,2,2,2,2]

607
[1,3,3,1,2,2]
[1,3,3,1,2,2]
[1,1,2,0,0,0]
[1,1,2,0,0,0]
[0,0,0,0,2,2]
[0,0,2,2,2,2]

608
[1,3,1,3,2,2]
[1,3,1,3,2,2]
[1,1,2,0,0,0]
[1,1,2,0,0,0]
[0,0,0,0,2,2]
[0,0,2,2,2,2]

611
[1,3,3,1,2,2]
[1,3,3,1,2,2]
[1,1,2,0,0,0]
[1,1,2,0,0,0]
[2,2,0,0,2,2]
[2,2,2,2,2,2]

612
[1,3,1,3,2,2]
[1,3,1,3,2,2]
[1,1,2,0,0,0]
[1,1,2,0,0,0]
[2,2,0,0,2,2]
[2,2,2,2,2,2]

655
[1,3,1,3,0,0]
[3,1,1,3,0,0]
[1,1,0,2,0,0]
[3,3,2,0,0,0]
[0,0,0,0,2,2]
[0,0,0,0,2,2]

660
[1,3,1,3,2,2]
[3,1,1,3,2,2]
[1,1,0,2,0,0]
[3,3,2,0,0,0]
[0,0,2,2,2,2]
[0,0,2,2,2,2]

661
[1,3,1,3,2,2]
[3,1,1,3,2,2]
[1,1,0,2,0,0]
[3,3,2,0,0,0]
[2,2,2,2,2,2]
[2,2,2,2,2,2]

679
[1,3,1,3,0,0]
[3,1,1,3,0,0]
[3,3,0,2,0,0]
[1,1,2,0,0,0]
[0,0,0,0,2,2]
[0,0,0,0,2,2]

680
[1,3,1,3,2,2]
[3,1,1,3,2,2]
[3,3,0,2,0,0]
[1,1,2,0,0,0]
[0,0,2,2,2,2]
[0,0,2,2,2,2]

681
[1,3,1,3,2,2]
[3,1,1,3,2,2]
[3,3,0,2,0,0]
[1,1,2,0,0,0]
[2,2,2,2,2,2]
[2,2,2,2,2,2]

693
[1,3,1,3,2,2]
[3,1,1,3,2,2]
[1,1,0,2,0,0]
[3,3,2,0,0,0]
[2,2,0,0,2,2]
[2,2,0,0,2,2]

694
[1,3,1,3,2,2]
[3,1,1,3,2,2]
[3,3,0,2,0,0]
[1,1,2,0,0,0]
[2,2,0,0,2,2]
[2,2,0,0,2,2]

705
[1,3,1,3,2,2]
[3,1,1,3,2,2]
[1,1,0,2,2,2]
[3,3,2,0,2,2]
[2,2,2,2,0,0]
[2,2,2,2,0,0]

706
[1,3,1,3,2,2]
[3,1,1,3,2,2]
[3,3,0,2,2,2]
[1,1,2,0,2,2]
[2,2,2,2,0,0]
[2,2,2,2,0,0]

721
[1,3,1,3,2,2]
[3,1,1,3,2,2]
[1,1,0,2,2,2]
[3,3,2,0,2,2]
[0,0,2,2,2,2]
[0,0,2,2,2,2]

722
[1,3,3,1,2,2]
[3,1,3,1,2,2]
[1,1,0,2,2,2]
[3,3,2,0,2,2]
[0,0,2,2,2,2]
[0,0,2,2,2,2]

873
[1,3,1,3,0,0]
[3,1,1,3,0,0]
[1,1,0,2,2,2]
[3,3,2,0,2,2]
[0,0,2,2,2,2]
[0,0,2,2,2,2]

874
[1,3,1,3,0,0]
[3,1,1,3,0,0]
[3,3,0,2,2,2]
[1,1,2,0,2,2]
[0,0,2,2,2,2]
[0,0,2,2,2,2]

902
[1,3,1,3,2,2]
[3,1,1,3,2,2]
[1,1,0,2,2,2]
[3,3,2,0,2,2]
[2,2,2,2,2,2]
[2,2,2,2,2,2]

906
[1,3,1,3,2,2]
[3,1,1,3,2,2]
[3,3,0,2,2,2]
[1,1,2,0,2,2]
[2,2,2,2,2,2]
[2,2,2,2,2,2]

