# Using the new encoding: 2y + x
1
[1,1,0,2,0,0]
[1,1,0,2,0,0]
[0,0,0,0,0,0]
[2,2,0,0,0,0]
[0,0,0,0,0,0]
[0,0,0,0,0,0]

2
[1,1,2,2,0,2]
[1,1,2,2,0,2]
[0,0,0,0,0,0]
[2,2,0,0,0,0]
[0,0,0,0,0,0]
[0,0,0,0,0,0]

13
[1,1,0,2,2,2]
[1,1,0,2,2,2]
[0,0,0,0,2,2]
[2,2,0,0,2,2]
[0,0,0,0,0,0]
[0,0,0,0,0,0]

14
[1,1,2,2,0,2]
[1,1,2,2,0,2]
[0,0,0,0,2,2]
[2,2,0,0,2,2]
[0,0,0,0,0,0]
[0,0,0,0,0,0]

17
[1,1,0,2,0,0]
[1,1,0,2,0,0]
[0,0,0,0,0,0]
[0,0,0,0,0,0]
[0,0,2,2,0,0]
[2,2,2,2,0,0]

18
[1,1,0,2,0,0]
[1,1,0,2,0,0]
[0,0,0,0,0,0]
[0,0,0,0,0,0]
[0,0,2,0,0,2]
[2,2,2,0,0,2]

23
[1,1,0,2,0,0]
[1,1,0,2,0,0]
[0,0,0,0,0,0]
[0,0,0,0,0,0]
[0,0,2,2,2,2]
[2,2,2,2,2,2]

97
[1,1,2,2,0,2]
[1,1,2,2,0,2]
[0,0,0,0,0,0]
[0,0,0,0,0,0]
[0,0,2,2,2,2]
[2,2,2,2,2,2]

112
[1,1,2,2,0,2]
[1,1,2,2,0,2]
[2,2,0,0,0,0]
[2,2,0,0,0,0]
[0,0,0,0,0,0]
[2,2,0,0,0,0]

113
[1,1,0,2,2,2]
[1,1,0,2,2,2]
[0,0,0,0,2,2]
[2,2,0,0,0,0]
[0,0,0,0,0,0]
[0,0,0,0,2,2]

114
[1,1,2,2,0,2]
[1,1,2,2,0,2]
[0,0,0,0,2,2]
[2,2,0,0,0,0]
[0,0,0,0,0,0]
[0,0,0,0,2,2]

122
[1,1,0,2,2,2]
[1,1,0,2,2,2]
[0,0,0,2,0,2]
[2,2,0,2,2,0]
[0,0,0,0,0,0]
[0,0,0,0,2,2]

123
[1,1,2,0,2,2]
[1,1,2,0,2,2]
[0,0,0,2,0,2]
[2,2,0,2,2,0]
[0,0,0,0,0,0]
[0,0,0,0,2,2]

124
[1,1,2,2,2,0]
[1,1,2,2,2,0]
[0,0,0,2,0,2]
[2,2,0,2,2,0]
[0,0,0,0,0,0]
[0,0,0,0,2,2]

125
[1,1,0,2,0,0]
[1,1,0,2,0,0]
[0,0,0,0,0,0]
[2,2,0,0,0,0]
[0,0,2,0,0,2]
[0,0,2,0,0,2]

126
[1,1,0,2,0,0]
[1,1,0,2,0,0]
[0,0,0,0,0,0]
[2,2,0,0,0,0]
[0,0,2,2,2,2]
[0,0,2,2,2,2]

127
[1,1,0,2,0,0]
[1,1,0,2,0,0]
[0,0,0,0,0,0]
[2,2,0,0,0,0]
[2,2,2,2,2,2]
[2,2,2,2,2,2]

131
[1,1,2,2,0,2]
[1,1,2,2,0,2]
[2,2,2,2,0,0]
[2,2,2,2,0,0]
[0,0,0,0,0,0]
[2,2,0,0,0,0]

132
[1,1,0,2,2,2]
[1,1,0,2,2,2]
[2,2,2,2,0,0]
[2,2,2,2,0,0]
[0,0,0,0,0,0]
[2,2,0,0,0,0]

156
[1,1,2,2,0,2]
[1,1,2,2,0,2]
[0,0,0,0,0,0]
[2,2,0,0,0,0]
[0,0,2,2,2,2]
[0,0,2,2,2,2]

157
[1,1,2,2,0,2]
[1,1,2,2,0,2]
[0,0,0,0,0,0]
[2,2,0,0,0,0]
[2,2,2,2,2,2]
[2,2,2,2,2,2]

158
[1,1,0,2,2,2]
[1,1,0,2,2,2]
[0,0,0,0,0,0]
[0,0,0,0,2,2]
[0,0,2,2,0,0]
[2,2,2,2,2,2]

159
[1,1,0,2,2,2]
[1,1,0,2,2,2]
[0,0,0,0,0,0]
[0,0,0,0,2,2]
[0,0,2,2,2,2]
[2,2,2,2,0,0]

164
[1,1,0,2,0,0]
[1,1,0,2,0,0]
[0,0,0,0,0,0]
[0,0,2,2,0,0]
[0,0,0,2,0,2]
[2,2,2,0,0,2]

165
[1,1,0,2,0,0]
[1,1,0,2,0,0]
[0,0,0,0,0,0]
[0,0,2,2,0,0]
[2,2,0,2,0,2]
[0,0,2,0,0,2]

166
[1,1,0,2,0,0]
[1,1,0,2,0,0]
[0,0,0,0,0,0]
[0,0,2,2,0,0]
[0,0,0,0,2,2]
[2,2,2,2,2,2]

167
[1,1,0,2,0,0]
[1,1,0,2,0,0]
[0,0,0,0,0,0]
[0,0,2,2,0,0]
[2,2,0,0,2,2]
[0,0,2,2,2,2]

170
[1,1,0,2,0,0]
[1,1,0,2,0,0]
[0,0,0,0,0,0]
[2,2,2,2,0,0]
[0,0,0,0,2,2]
[0,0,2,2,2,2]

171
[1,1,0,2,0,0]
[1,1,0,2,0,0]
[0,0,0,0,0,0]
[2,2,2,2,0,0]
[2,2,0,0,2,2]
[2,2,2,2,2,2]

174
[1,1,0,2,0,0]
[1,1,0,2,0,0]
[0,0,0,0,0,0]
[0,0,2,0,0,2]
[0,0,2,0,2,0]
[2,2,0,0,2,2]

182
[1,1,0,2,0,0]
[1,1,0,2,0,0]
[0,0,0,0,0,0]
[2,2,2,0,0,2]
[2,2,2,0,2,0]
[2,2,0,0,2,2]

200
[1,1,2,2,0,2]
[1,1,2,2,0,2]
[2,2,0,2,0,2]
[2,2,2,0,0,2]
[0,0,0,0,0,0]
[2,2,2,2,0,0]

201
[1,1,2,2,2,0]
[1,1,2,2,2,0]
[2,2,0,2,0,2]
[2,2,2,0,0,2]
[0,0,0,0,0,0]
[2,2,2,2,0,0]

204
[1,1,2,2,0,2]
[1,1,2,2,0,2]
[0,0,0,0,0,0]
[2,2,2,2,0,0]
[0,0,0,0,2,2]
[0,0,2,2,2,2]

205
[1,1,2,2,0,2]
[1,1,2,2,0,2]
[0,0,0,0,0,0]
[2,2,2,2,0,0]
[2,2,0,0,2,2]
[2,2,2,2,2,2]

244
[1,1,2,2,0,2]
[1,1,2,2,0,2]
[0,0,0,0,2,2]
[2,2,0,0,2,2]
[0,0,0,0,2,2]
[0,0,0,0,2,2]

253
[1,1,2,0,0,0]
[1,1,2,0,0,0]
[0,0,0,2,0,2]
[2,2,0,2,0,2]
[0,0,0,0,2,2]
[0,0,0,0,2,2]

254
[1,1,2,0,2,2]
[1,1,2,0,2,2]
[0,0,0,2,0,2]
[2,2,0,2,0,2]
[0,0,0,0,2,2]
[0,0,0,0,2,2]

255
[1,1,2,2,0,2]
[1,1,2,2,0,2]
[0,0,0,2,0,2]
[2,2,0,2,0,2]
[0,0,0,0,2,2]
[0,0,0,0,2,2]

256
[1,1,2,2,2,0]
[1,1,2,2,2,0]
[0,0,0,2,0,2]
[2,2,0,2,0,2]
[0,0,0,0,2,2]
[0,0,0,0,2,2]

267
[1,1,0,2,2,2]
[1,1,0,2,2,2]
[0,0,2,2,0,0]
[2,2,2,2,0,0]
[2,2,0,0,0,0]
[2,2,0,0,0,0]

283
[1,1,2,2,0,2]
[1,1,2,2,0,2]
[0,0,2,2,2,2]
[2,2,2,2,2,2]
[0,0,0,0,2,2]
[0,0,0,0,2,2]

367
[1,1,2,2,0,2]
[1,1,2,2,0,2]
[2,2,0,0,0,0]
[2,2,0,0,0,0]
[0,0,2,2,2,2]
[2,2,2,2,2,2]

389
[1,1,0,2,2,2]
[1,1,0,2,2,2]
[0,0,0,0,2,2]
[0,0,0,0,2,2]
[0,0,2,2,0,0]
[2,2,2,2,0,0]

390
[1,1,0,2,2,2]
[1,1,0,2,2,2]
[0,0,0,0,2,2]
[0,0,0,0,2,2]
[0,0,2,2,2,2]
[2,2,2,2,2,2]

435
[1,1,2,0,2,2]
[1,1,2,0,2,2]
[0,0,0,2,2,0]
[2,2,0,0,0,0]
[0,0,0,0,2,2]
[0,0,0,2,0,2]

436
[1,1,2,2,2,0]
[1,1,2,2,2,0]
[0,0,2,0,0,2]
[2,2,2,2,2,2]
[0,0,0,0,2,2]
[0,0,0,2,0,2]

437
[1,1,2,2,2,0]
[1,1,2,2,2,0]
[0,0,2,2,2,2]
[2,2,2,0,0,2]
[0,0,0,0,2,2]
[0,0,0,2,0,2]

441
[1,1,0,2,2,2]
[1,1,0,2,2,2]
[0,0,0,0,2,2]
[0,0,0,2,0,2]
[0,0,2,0,0,2]
[2,2,2,2,2,2]

442
[1,1,0,2,2,2]
[1,1,0,2,2,2]
[0,0,0,0,2,2]
[0,0,0,2,0,2]
[0,0,2,0,2,0]
[2,2,2,2,0,0]

443
[1,1,0,2,2,2]
[1,1,0,2,2,2]
[0,0,0,0,2,2]
[0,0,0,2,0,2]
[0,0,2,2,2,2]
[2,2,2,0,0,2]

444
[1,1,0,2,0,0]
[1,1,0,2,0,0]
[2,2,0,0,0,0]
[0,0,2,0,0,2]
[0,0,2,0,2,0]
[0,0,0,0,2,2]

461
[1,1,2,2,2,0]
[1,1,2,2,2,0]
[2,2,0,2,0,2]
[2,2,2,0,0,2]
[2,2,0,0,0,0]
[0,0,2,2,0,0]

463
[1,1,2,2,0,2]
[1,1,2,2,0,2]
[2,2,0,0,0,0]
[0,0,2,2,0,0]
[0,0,0,0,2,2]
[0,0,2,2,2,2]

464
[1,1,2,2,0,2]
[1,1,2,2,0,2]
[2,2,0,0,0,0]
[0,0,2,2,0,0]
[2,2,0,0,2,2]
[2,2,2,2,2,2]

480
[1,1,2,2,0,2]
[1,1,2,2,0,2]
[0,0,2,2,2,2]
[2,2,0,0,2,2]
[0,0,0,0,2,2]
[0,0,2,2,2,2]

494
[1,1,2,2,2,0]
[1,1,2,2,2,0]
[0,0,0,2,0,2]
[2,2,2,0,0,2]
[2,2,0,0,0,0]
[2,2,2,2,0,0]

499
[1,1,2,2,2,0]
[1,1,2,2,2,0]
[2,2,0,2,0,2]
[2,2,0,2,0,2]
[0,0,0,0,2,2]
[2,2,0,0,2,2]

500
[1,1,2,2,0,2]
[1,1,2,2,0,2]
[2,2,0,0,0,0]
[2,2,2,2,0,0]
[0,0,0,0,2,2]
[2,2,2,2,2,2]

504
[1,1,0,2,2,2]
[1,1,0,2,2,2]
[0,0,0,0,2,2]
[2,2,0,0,2,2]
[0,0,2,2,0,0]
[0,0,2,2,0,0]

505
[1,1,0,2,2,2]
[1,1,0,2,2,2]
[0,0,0,0,2,2]
[2,2,0,0,2,2]
[0,0,2,2,2,2]
[0,0,2,2,2,2]

506
[1,1,0,2,2,2]
[1,1,0,2,2,2]
[0,0,0,0,2,2]
[2,2,0,0,2,2]
[2,2,2,2,0,0]
[2,2,2,2,0,0]

507
[1,1,0,2,2,2]
[1,1,0,2,2,2]
[0,0,0,0,2,2]
[2,2,0,0,2,2]
[2,2,2,2,2,2]
[2,2,2,2,2,2]

511
[1,1,2,2,0,2]
[1,1,2,2,0,2]
[2,2,2,2,2,2]
[2,2,2,2,2,2]
[0,0,0,0,2,2]
[2,2,0,0,2,2]

551
[1,1,0,2,2,2]
[1,1,0,2,2,2]
[0,0,0,0,2,2]
[2,2,0,2,0,2]
[0,0,2,0,0,2]
[0,0,2,2,2,2]

552
[1,1,0,2,2,2]
[1,1,0,2,2,2]
[0,0,0,0,2,2]
[2,2,0,2,0,2]
[0,0,2,0,2,0]
[0,0,2,2,0,0]

553
[1,1,0,2,2,2]
[1,1,0,2,2,2]
[0,0,0,0,2,2]
[2,2,0,2,0,2]
[2,2,2,0,0,2]
[2,2,2,2,2,2]

554
[1,1,0,2,2,2]
[1,1,0,2,2,2]
[0,0,0,0,2,2]
[2,2,0,2,0,2]
[2,2,2,0,2,0]
[2,2,2,2,0,0]

555
[1,1,2,2,2,0]
[1,1,2,2,2,0]
[2,2,2,0,0,2]
[2,2,2,2,2,2]
[0,0,0,0,2,2]
[2,2,0,2,0,2]

577
[1,1,0,0,0,0]
[1,1,0,0,0,0]
[0,0,0,2,0,0]
[0,0,2,0,0,0]
[0,0,0,0,0,2]
[0,0,0,0,2,0]

580
[1,1,0,2,0,0]
[1,1,0,2,0,0]
[0,0,2,2,0,0]
[0,0,2,2,0,0]
[0,0,0,0,2,2]
[2,2,0,0,2,2]

581
[1,1,0,2,0,0]
[1,1,0,2,0,0]
[0,0,2,2,0,0]
[0,0,2,2,0,0]
[0,0,2,2,2,2]
[2,2,2,2,2,2]

582
[1,1,0,2,0,0]
[1,1,0,2,0,0]
[0,0,2,2,0,0]
[2,2,2,2,0,0]
[0,0,0,0,2,2]
[0,0,0,0,2,2]

583
[1,1,0,2,0,0]
[1,1,0,2,0,0]
[0,0,2,2,0,0]
[2,2,2,2,0,0]
[0,0,2,2,2,2]
[0,0,2,2,2,2]

584
[1,1,0,2,0,0]
[1,1,0,2,0,0]
[0,0,2,2,0,0]
[0,0,0,2,0,2]
[0,0,0,2,2,0]
[2,2,2,2,2,2]

585
[1,1,0,2,0,0]
[1,1,0,2,0,0]
[0,0,2,2,0,0]
[0,0,0,2,0,2]
[2,2,0,2,2,0]
[0,0,2,2,2,2]

586
[1,1,0,2,0,0]
[1,1,0,2,0,0]
[0,0,2,2,0,0]
[0,0,0,2,0,2]
[0,0,2,0,2,0]
[2,2,0,0,2,2]

587
[1,1,0,2,0,0]
[1,1,0,2,0,0]
[0,0,2,2,0,0]
[2,2,0,2,0,2]
[0,0,2,0,2,0]
[0,0,0,0,2,2]

588
[1,1,0,2,0,0]
[1,1,0,2,0,0]
[0,0,2,2,0,0]
[0,0,2,0,0,2]
[2,2,2,0,2,0]
[0,0,2,2,2,2]

596
[1,1,0,2,0,0]
[1,1,0,2,0,0]
[2,2,2,2,0,0]
[0,0,2,0,0,2]
[0,0,2,0,2,0]
[0,0,2,2,2,2]

606
[1,1,0,2,0,0]
[1,1,0,2,0,0]
[0,0,2,0,0,2]
[2,2,2,0,0,2]
[0,0,2,2,2,2]
[0,0,2,2,2,2]

620
[1,1,0,2,0,0]
[1,1,0,2,0,0]
[0,0,2,2,2,2]
[2,2,2,2,2,2]
[2,2,2,2,2,2]
[2,2,2,2,2,2]

684
[1,1,0,0,0,2]
[1,1,0,0,0,2]
[0,0,2,2,2,2]
[2,2,2,2,2,2]
[0,0,2,2,2,2]
[0,0,2,2,2,2]

695
[1,1,2,2,0,2]
[1,1,2,2,0,2]
[2,2,2,2,0,0]
[2,2,2,2,0,0]
[0,0,0,0,2,2]
[2,2,0,0,2,2]

703
[1,1,0,2,2,2]
[1,1,0,2,2,2]
[2,2,2,2,0,0]
[2,2,2,2,0,0]
[0,0,2,2,2,2]
[2,2,2,2,2,2]

743
[1,1,2,2,0,2]
[1,1,2,2,0,2]
[2,2,2,2,0,0]
[2,2,0,2,0,2]
[0,0,0,2,2,0]
[2,2,2,2,2,2]

744
[1,1,2,2,0,2]
[1,1,2,2,0,2]
[2,2,2,2,0,0]
[2,2,0,2,0,2]
[0,0,2,0,2,0]
[2,2,0,0,2,2]

745
[1,1,2,0,2,2]
[1,1,2,0,2,2]
[2,2,0,2,2,0]
[2,2,2,2,0,0]
[2,2,0,2,0,2]
[0,0,2,2,2,2]

900
[1,1,2,2,0,2]
[1,1,2,2,0,2]
[0,0,2,2,2,2]
[2,2,2,2,2,2]
[2,2,2,2,2,2]
[2,2,2,2,2,2]

