# Using the new encoding: 2y + x
58
[1,1,1,1,0,0]
[1,1,1,1,0,0]
[3,3,3,3,2,2]
[3,3,3,3,2,2]
[0,0,0,0,0,0]
[0,0,0,0,0,0]

63
[1,1,1,1,0,0]
[1,1,3,3,0,0]
[1,1,1,1,2,2]
[1,1,3,3,2,2]
[0,0,0,0,0,0]
[0,0,0,0,0,0]

65
[1,1,1,1,0,0]
[1,1,3,3,0,0]
[3,3,1,1,2,2]
[3,3,3,3,2,2]
[0,0,0,0,0,0]
[0,0,0,0,0,0]

66
[1,1,1,1,0,0]
[3,3,3,3,0,0]
[1,1,1,1,2,2]
[3,3,3,3,2,2]
[0,0,0,0,0,0]
[0,0,0,0,0,0]

77
[1,1,3,3,0,0]
[1,1,3,3,0,0]
[3,3,1,1,2,2]
[3,3,1,1,2,2]
[0,0,0,0,0,0]
[0,0,0,0,0,0]

85
[1,1,3,3,0,0]
[3,3,1,1,0,0]
[1,1,3,3,2,2]
[3,3,1,1,2,2]
[0,0,0,0,0,0]
[0,0,0,0,0,0]

309
[1,1,1,1,0,0]
[1,1,1,1,0,0]
[1,3,1,3,2,2]
[1,3,1,3,2,2]
[0,0,2,2,0,0]
[0,0,2,2,0,0]

311
[1,1,1,1,0,0]
[1,1,1,1,0,0]
[3,3,3,3,2,2]
[3,3,3,3,2,2]
[0,0,2,2,0,0]
[0,0,2,2,0,0]

313
[1,1,1,1,0,0]
[1,1,3,3,0,0]
[3,3,1,1,2,2]
[3,3,3,3,2,2]
[0,0,2,2,0,0]
[0,0,2,2,0,0]

318
[1,1,1,1,0,0]
[3,3,1,1,0,0]
[1,1,1,1,2,2]
[3,3,1,1,2,2]
[0,0,2,2,0,0]
[0,0,2,2,0,0]

319
[1,1,1,1,0,0]
[3,3,1,1,0,0]
[1,1,3,3,2,2]
[3,3,3,3,2,2]
[0,0,2,2,0,0]
[0,0,2,2,0,0]

321
[1,1,1,1,0,0]
[3,3,3,3,0,0]
[1,1,1,1,2,2]
[3,3,3,3,2,2]
[0,0,2,2,0,0]
[0,0,2,2,0,0]

332
[1,1,3,3,0,0]
[1,1,3,3,0,0]
[3,3,1,1,2,2]
[3,3,1,1,2,2]
[0,0,2,2,0,0]
[0,0,2,2,0,0]

337
[1,1,3,3,0,0]
[3,3,1,1,0,0]
[1,1,3,3,2,2]
[3,3,1,1,2,2]
[0,0,2,2,0,0]
[0,0,2,2,0,0]

410
[1,1,1,1,2,2]
[1,1,1,1,2,2]
[1,3,1,3,2,2]
[1,3,1,3,2,2]
[0,0,2,2,0,0]
[0,0,2,2,0,0]

417
[1,1,3,3,2,2]
[1,1,3,3,2,2]
[1,1,3,3,2,2]
[1,1,3,3,2,2]
[0,0,2,2,0,0]
[0,0,2,2,0,0]

418
[1,1,3,3,2,2]
[1,1,3,3,2,2]
[1,3,1,3,2,2]
[1,3,1,3,2,2]
[0,0,2,2,0,0]
[0,0,2,2,0,0]

419
[1,1,3,3,2,2]
[1,1,3,3,2,2]
[3,3,1,1,2,2]
[3,3,1,1,2,2]
[0,0,2,2,0,0]
[0,0,2,2,0,0]

421
[1,3,1,3,2,2]
[1,3,1,3,2,2]
[1,3,1,3,2,2]
[1,3,1,3,2,2]
[0,0,2,2,0,0]
[0,0,2,2,0,0]

424
[1,3,1,3,2,2]
[1,3,1,3,2,2]
[3,1,3,1,2,2]
[3,1,3,1,2,2]
[0,0,2,2,0,0]
[0,0,2,2,0,0]

426
[1,1,1,1,2,2]
[1,1,1,1,2,2]
[1,1,1,1,2,2]
[1,1,1,1,2,2]
[0,0,0,0,2,2]
[0,0,0,0,2,2]

427
[1,1,1,1,2,2]
[1,1,1,1,2,2]
[1,1,3,3,2,2]
[1,1,3,3,2,2]
[0,0,0,0,2,2]
[0,0,0,0,2,2]

428
[1,1,1,1,2,2]
[1,1,1,1,2,2]
[3,3,3,3,2,2]
[3,3,3,3,2,2]
[0,0,0,0,2,2]
[0,0,0,0,2,2]

430
[1,1,1,1,2,2]
[1,1,3,3,2,2]
[3,3,1,1,2,2]
[3,3,3,3,2,2]
[0,0,0,0,2,2]
[0,0,0,0,2,2]

431
[1,1,3,3,2,2]
[1,1,3,3,2,2]
[1,1,3,3,2,2]
[1,1,3,3,2,2]
[0,0,0,0,2,2]
[0,0,0,0,2,2]

433
[1,1,3,3,2,2]
[1,1,3,3,2,2]
[3,3,1,1,2,2]
[3,3,1,1,2,2]
[0,0,0,0,2,2]
[0,0,0,0,2,2]

723
[1,1,1,1,2,2]
[1,1,1,1,2,2]
[1,1,1,1,2,2]
[1,1,1,1,2,2]
[0,0,2,2,2,2]
[0,0,2,2,2,2]

724
[1,1,1,1,2,2]
[1,1,1,1,2,2]
[1,1,3,3,2,2]
[1,1,3,3,2,2]
[0,0,2,2,2,2]
[0,0,2,2,2,2]

725
[1,1,1,1,2,2]
[1,1,1,1,2,2]
[1,3,1,3,2,2]
[1,3,1,3,2,2]
[0,0,2,2,2,2]
[0,0,2,2,2,2]

726
[1,1,1,1,2,2]
[1,1,1,1,2,2]
[3,3,1,1,2,2]
[3,3,1,1,2,2]
[0,0,2,2,2,2]
[0,0,2,2,2,2]

727
[1,1,1,1,2,2]
[1,1,1,1,2,2]
[3,3,3,3,2,2]
[3,3,3,3,2,2]
[0,0,2,2,2,2]
[0,0,2,2,2,2]

729
[1,1,1,1,2,2]
[1,1,3,3,2,2]
[3,3,1,1,2,2]
[3,3,3,3,2,2]
[0,0,2,2,2,2]
[0,0,2,2,2,2]

732
[1,1,3,3,2,2]
[1,1,3,3,2,2]
[1,1,3,3,2,2]
[1,1,3,3,2,2]
[0,0,2,2,2,2]
[0,0,2,2,2,2]

733
[1,1,3,3,2,2]
[1,1,3,3,2,2]
[1,3,1,3,2,2]
[1,3,1,3,2,2]
[0,0,2,2,2,2]
[0,0,2,2,2,2]

734
[1,1,3,3,2,2]
[1,1,3,3,2,2]
[3,3,1,1,2,2]
[3,3,1,1,2,2]
[0,0,2,2,2,2]
[0,0,2,2,2,2]

738
[1,3,1,3,2,2]
[1,3,1,3,2,2]
[1,3,1,3,2,2]
[1,3,1,3,2,2]
[0,0,2,2,2,2]
[0,0,2,2,2,2]

741
[1,3,1,3,2,2]
[1,3,1,3,2,2]
[3,1,3,1,2,2]
[3,1,3,1,2,2]
[0,0,2,2,2,2]
[0,0,2,2,2,2]

761
[1,1,1,1,0,0]
[1,1,1,1,0,0]
[1,1,3,3,0,0]
[1,1,3,3,0,0]
[0,2,0,2,2,2]
[0,2,0,2,2,2]

771
[1,1,1,1,0,0]
[1,1,1,1,0,0]
[3,3,3,3,2,2]
[3,3,3,3,2,2]
[0,0,0,0,2,2]
[0,0,0,0,2,2]

775
[1,1,1,1,0,0]
[1,1,1,1,0,0]
[1,3,1,3,2,2]
[1,3,1,3,2,2]
[0,0,2,2,2,2]
[0,0,2,2,2,2]

777
[1,1,1,1,0,0]
[1,1,1,1,0,0]
[3,3,3,3,2,2]
[3,3,3,3,2,2]
[0,0,2,2,2,2]
[0,0,2,2,2,2]

805
[1,1,1,1,0,0]
[1,1,3,3,0,0]
[3,3,1,1,2,2]
[3,3,3,3,2,2]
[0,0,0,0,2,2]
[0,0,0,0,2,2]

807
[1,1,1,1,0,0]
[1,1,3,3,0,0]
[3,3,1,1,2,2]
[3,3,3,3,2,2]
[0,0,2,2,2,2]
[0,0,2,2,2,2]

812
[1,1,1,1,0,0]
[1,1,3,3,0,0]
[1,1,1,1,2,2]
[1,1,3,3,2,2]
[2,2,0,0,2,2]
[2,2,0,0,2,2]

814
[1,1,1,1,0,0]
[1,1,3,3,0,0]
[3,3,1,1,2,2]
[3,3,3,3,2,2]
[2,2,0,0,2,2]
[2,2,0,0,2,2]

815
[1,1,1,1,0,0]
[3,3,3,3,0,0]
[1,1,1,1,2,2]
[3,3,3,3,2,2]
[0,0,0,0,2,2]
[0,0,0,0,2,2]

817
[1,1,1,1,0,0]
[3,3,3,3,0,0]
[1,1,1,1,2,2]
[3,3,3,3,2,2]
[0,0,2,2,2,2]
[0,0,2,2,2,2]

833
[1,1,3,3,0,0]
[1,1,3,3,0,0]
[3,3,1,1,0,0]
[3,3,1,1,0,0]
[0,0,2,2,2,2]
[0,0,2,2,2,2]

834
[1,1,3,3,0,0]
[1,1,3,3,0,0]
[3,3,1,1,0,0]
[3,3,1,1,0,0]
[0,2,0,2,2,2]
[0,2,0,2,2,2]

840
[1,1,3,3,0,0]
[1,1,3,3,0,0]
[3,3,1,1,2,2]
[3,3,1,1,2,2]
[0,0,2,2,2,2]
[0,0,2,2,2,2]

844
[1,1,3,3,0,0]
[1,1,3,3,0,0]
[3,3,1,1,2,2]
[3,3,1,1,2,2]
[0,2,0,2,2,2]
[0,2,0,2,2,2]

908
[1,1,1,1,2,2]
[1,1,1,1,2,2]
[1,1,1,1,2,2]
[1,1,1,1,2,2]
[2,2,2,2,2,2]
[2,2,2,2,2,2]

909
[1,1,1,1,2,2]
[1,1,1,1,2,2]
[1,1,3,3,2,2]
[1,1,3,3,2,2]
[2,2,2,2,2,2]
[2,2,2,2,2,2]

910
[1,1,1,1,2,2]
[1,1,1,1,2,2]
[3,3,3,3,2,2]
[3,3,3,3,2,2]
[2,2,2,2,2,2]
[2,2,2,2,2,2]

912
[1,1,1,1,2,2]
[1,1,3,3,2,2]
[3,3,1,1,2,2]
[3,3,3,3,2,2]
[2,2,2,2,2,2]
[2,2,2,2,2,2]

913
[1,1,3,3,2,2]
[1,1,3,3,2,2]
[3,3,1,1,2,2]
[3,3,1,1,2,2]
[2,2,2,2,2,2]
[2,2,2,2,2,2]

