# Using the new encoding: 2y + x
564 [1,1,0,2,2,2][1,1,0,2,2,2][0,2,1,1,2,2][0,2,1,1,2,2][0,0,0,0,2,2][2,2,2,2,2,2]
565 [1,1,0,2,0,0][1,1,0,2,0,0][0,2,3,3,2,2][0,2,3,3,2,2][0,0,0,0,2,2][2,2,2,2,2,2]
566 [1,1,0,2,2,2][1,1,0,2,2,2][0,2,3,3,2,2][0,2,3,3,2,2][0,0,0,0,2,2][2,2,2,2,2,2]
578 [1,1,0,0,0,0][1,1,0,0,0,0][0,0,1,1,0,0][0,0,1,1,0,0][0,0,0,0,0,2][0,0,0,0,2,0]
593 [1,1,0,0,2,0][1,1,0,0,2,0][0,0,1,1,0,2][0,0,1,1,0,2][0,0,0,0,2,2][2,2,2,2,2,2]
594 [1,1,2,2,2,0][1,1,2,2,2,0][0,0,1,1,0,2][0,0,1,1,0,2][0,0,0,0,2,2][2,2,2,2,2,2]
595 [3,3,2,2,2,0][3,3,2,2,2,0][0,0,1,1,0,2][0,0,1,1,0,2][0,0,0,0,2,2][2,2,2,2,2,2]
603 [1,1,0,2,0,0][1,1,0,2,0,0][0,2,1,1,0,0][0,2,1,1,0,0][0,0,0,0,2,2][2,2,2,2,2,2]
609 [1,1,0,2,2,2][1,1,0,2,2,2][0,2,1,1,0,0][0,2,1,1,0,0][0,0,0,0,2,2][2,2,2,2,2,2]
613 [1,1,0,0,0,2][1,1,0,0,0,2][0,0,1,1,0,2][0,0,1,1,0,2][0,0,0,0,2,2][2,2,2,2,2,2]
614 [1,1,2,2,0,2][1,1,2,2,0,2][0,0,1,1,0,2][0,0,1,1,0,2][0,0,0,0,2,2][2,2,2,2,2,2]
615 [3,3,2,2,0,2][3,3,2,2,0,2][0,0,1,1,0,2][0,0,1,1,0,2][0,0,0,0,2,2][2,2,2,2,2,2]
672 [1,1,0,0,2,0][1,1,0,0,2,0][0,0,3,3,0,2][0,0,3,3,0,2][0,0,0,0,2,2][2,2,2,2,2,2]
674 [1,1,0,2,0,0][1,1,0,2,0,0][0,2,3,3,0,0][0,2,3,3,0,0][0,0,0,0,2,2][2,2,2,2,2,2]
675 [1,1,0,0,0,2][1,1,0,0,0,2][0,0,3,3,0,2][0,0,3,3,0,2][0,0,0,0,2,2][2,2,2,2,2,2]
894 [1,1,2,2,0,2][1,1,2,2,0,2][2,2,1,1,0,2][2,2,1,1,0,2][0,0,0,0,2,2][2,2,2,2,2,2]
895 [1,1,2,2,0,2][1,1,2,2,0,2][2,2,1,1,0,2][2,2,1,1,0,2][0,0,2,2,2,2][2,2,0,0,2,2]
903 [1,1,2,2,0,2][1,1,2,2,0,2][2,2,3,3,0,2][2,2,3,3,0,2][0,0,0,0,2,2][2,2,2,2,2,2]
904 [1,1,2,2,0,2][1,1,2,2,0,2][2,2,3,3,0,2][2,2,3,3,0,2][0,0,2,2,2,2][2,2,0,0,2,2]
