# Using the new encoding: 2y + x
64 [1,1,1,1,0,0][1,1,3,3,0,0][1,3,1,3,2,2][1,3,3,1,2,2][0,0,0,0,0,0][0,0,0,0,0,0]
81 [1,1,3,3,0,0][1,3,1,3,0,0][1,1,1,1,2,2][1,3,3,1,2,2][0,0,0,0,0,0][0,0,0,0,0,0]
82 [1,1,3,3,0,0][1,3,1,3,0,0][1,1,3,3,2,2][1,3,1,3,2,2][0,0,0,0,0,0][0,0,0,0,0,0]
83 [1,1,3,3,0,0][1,3,1,3,0,0][3,1,3,1,2,2][3,3,1,1,2,2][0,0,0,0,0,0][0,0,0,0,0,0]
312 [1,1,1,1,0,0][1,1,3,3,0,0][1,3,1,3,2,2][1,3,3,1,2,2][0,0,2,2,0,0][0,0,2,2,0,0]
314 [1,1,1,1,0,0][1,3,1,3,0,0][1,1,1,1,2,2][1,3,1,3,2,2][0,0,2,2,0,0][0,0,2,2,0,0]
315 [1,1,1,1,0,0][1,3,1,3,0,0][1,1,3,3,2,2][1,3,3,1,2,2][0,0,2,2,0,0][0,0,2,2,0,0]
316 [1,1,1,1,0,0][1,3,1,3,0,0][3,1,1,3,2,2][3,3,1,1,2,2][0,0,2,2,0,0][0,0,2,2,0,0]
317 [1,1,1,1,0,0][1,3,1,3,0,0][3,1,3,1,2,2][3,3,3,3,2,2][0,0,2,2,0,0][0,0,2,2,0,0]
320 [1,1,1,1,0,0][3,3,1,1,0,0][1,3,1,3,2,2][3,1,1,3,2,2][0,0,2,2,0,0][0,0,2,2,0,0]
323 [1,1,1,1,0,0][3,3,3,3,0,0][1,3,1,3,2,2][3,1,3,1,2,2][0,0,2,2,0,0][0,0,2,2,0,0]
334 [1,1,3,3,0,0][1,3,1,3,0,0][3,1,1,3,2,2][3,3,3,3,2,2][0,0,2,2,0,0][0,0,2,2,0,0]
335 [1,1,3,3,0,0][1,3,1,3,0,0][3,1,3,1,2,2][3,3,1,1,2,2][0,0,2,2,0,0][0,0,2,2,0,0]
338 [1,1,3,3,0,0][3,3,1,1,0,0][1,3,1,3,2,2][3,1,3,1,2,2][0,0,2,2,0,0][0,0,2,2,0,0]
348 [1,3,1,3,0,0][3,1,1,3,0,0][1,1,1,1,2,2][3,3,1,1,2,2][0,0,2,2,0,0][0,0,2,2,0,0]
349 [1,3,1,3,0,0][3,1,1,3,0,0][1,3,1,3,2,2][3,1,1,3,2,2][0,0,2,2,0,0][0,0,2,2,0,0]
350 [1,3,1,3,0,0][3,1,1,3,0,0][1,3,3,1,2,2][3,1,3,1,2,2][0,0,2,2,0,0][0,0,2,2,0,0]
351 [1,3,1,3,0,0][3,1,3,1,0,0][1,3,1,3,2,2][3,1,3,1,2,2][0,0,2,2,0,0][0,0,2,2,0,0]
413 [1,1,1,1,2,2][1,1,3,3,2,2][1,3,1,3,2,2][1,3,3,1,2,2][0,0,2,2,0,0][0,0,2,2,0,0]
415 [1,1,1,1,2,2][1,3,1,3,2,2][3,1,1,3,2,2][3,3,1,1,2,2][0,0,2,2,0,0][0,0,2,2,0,0]
416 [1,1,1,1,2,2][1,3,1,3,2,2][3,1,3,1,2,2][3,3,3,3,2,2][0,0,2,2,0,0][0,0,2,2,0,0]
420 [1,1,3,3,2,2][1,3,1,3,2,2][3,1,3,1,2,2][3,3,1,1,2,2][0,0,2,2,0,0][0,0,2,2,0,0]
728 [1,1,1,1,2,2][1,1,3,3,2,2][1,3,1,3,2,2][1,3,3,1,2,2][0,0,2,2,2,2][0,0,2,2,2,2]
730 [1,1,1,1,2,2][1,3,1,3,2,2][3,1,1,3,2,2][3,3,1,1,2,2][0,0,2,2,2,2][0,0,2,2,2,2]
731 [1,1,1,1,2,2][1,3,1,3,2,2][3,1,3,1,2,2][3,3,3,3,2,2][0,0,2,2,2,2][0,0,2,2,2,2]
735 [1,1,3,3,2,2][1,3,1,3,2,2][3,1,3,1,2,2][3,3,1,1,2,2][0,0,2,2,2,2][0,0,2,2,2,2]
800 [1,1,1,1,0,0][1,1,3,3,0,0][1,3,1,3,0,0][1,3,3,1,0,0][0,0,2,2,2,2][0,0,2,2,2,2]
801 [1,1,1,1,0,0][1,1,3,3,0,0][1,3,1,3,0,0][1,3,3,1,0,0][2,0,0,2,2,2][2,0,0,2,2,2]
804 [1,1,1,1,0,0][1,1,3,3,0,0][3,3,1,1,0,0][3,3,3,3,0,0][0,2,0,2,2,2][0,2,0,2,2,2]
806 [1,1,1,1,0,0][1,1,3,3,0,0][1,3,1,3,2,2][1,3,3,1,2,2][0,0,2,2,2,2][0,0,2,2,2,2]
808 [1,1,1,1,0,0][1,1,3,3,0,0][1,1,1,1,2,2][1,1,3,3,2,2][0,2,0,2,2,2][0,2,0,2,2,2]
809 [1,1,1,1,0,0][1,1,3,3,0,0][1,3,1,3,2,2][1,3,3,1,2,2][0,2,0,2,2,2][0,2,0,2,2,2]
810 [1,1,1,1,0,0][1,1,3,3,0,0][3,1,1,3,2,2][3,1,3,1,2,2][0,2,0,2,2,2][0,2,0,2,2,2]
811 [1,1,1,1,0,0][1,1,3,3,0,0][3,3,1,1,2,2][3,3,3,3,2,2][0,2,0,2,2,2][0,2,0,2,2,2]
813 [1,1,1,1,0,0][1,1,3,3,0,0][1,3,1,3,2,2][1,3,3,1,2,2][2,2,0,0,2,2][2,2,0,0,2,2]
819 [1,1,1,1,0,0][3,3,3,3,0,0][1,3,1,3,2,2][3,1,3,1,2,2][0,0,2,2,2,2][0,0,2,2,2,2]
868 [1,1,3,3,0,0][1,3,1,3,0,0][3,1,3,1,0,0][3,3,1,1,0,0][0,0,2,2,2,2][0,0,2,2,2,2]
870 [1,1,3,3,0,0][1,3,1,3,0,0][3,1,1,3,2,2][3,3,3,3,2,2][0,0,2,2,2,2][0,0,2,2,2,2]
871 [1,1,3,3,0,0][1,3,1,3,0,0][3,1,3,1,2,2][3,3,1,1,2,2][0,0,2,2,2,2][0,0,2,2,2,2]
872 [1,1,3,3,0,0][1,3,1,3,0,0][3,1,3,1,2,2][3,3,1,1,2,2][0,2,2,0,2,2][0,2,2,0,2,2]
875 [1,1,3,3,0,0][1,3,1,3,0,0][1,1,1,1,2,2][1,3,3,1,2,2][2,0,0,2,2,2][2,0,0,2,2,2]
876 [1,1,3,3,0,0][1,3,1,3,0,0][1,1,3,3,2,2][1,3,1,3,2,2][2,0,0,2,2,2][2,0,0,2,2,2]
877 [1,1,3,3,0,0][1,3,1,3,0,0][3,1,3,1,2,2][3,3,1,1,2,2][2,0,0,2,2,2][2,0,0,2,2,2]
878 [1,1,3,3,0,0][3,3,1,1,0,0][1,1,3,3,2,2][3,3,1,1,2,2][0,2,0,2,2,2][0,2,0,2,2,2]
