15 [1,1,0,2,0,0][1,1,0,2,0,0][1,1,0,2,0,0][1,1,0,2,0,0][2,2,2,2,0,0][2,2,2,2,0,0]
16 [1,1,0,2,0,0][1,1,0,2,0,0][3,3,0,2,0,0][3,3,0,2,0,0][2,2,2,2,0,0][2,2,2,2,0,0]
21 [1,1,0,2,0,0][1,1,0,2,0,0][1,1,2,0,2,2][1,1,2,0,2,2][0,0,0,0,0,0][0,0,0,0,0,0]
22 [1,1,0,2,0,0][1,1,0,2,0,0][3,3,2,0,2,2][3,3,2,0,2,2][0,0,0,0,0,0][0,0,0,0,0,0]
25 [1,1,0,2,0,0][3,3,0,2,0,0][1,1,2,0,2,2][3,3,2,0,2,2][0,0,0,0,0,0][0,0,0,0,0,0]
27 [1,1,0,2,0,0][1,1,2,0,0,0][1,1,0,0,0,2][1,1,2,2,0,2][0,0,0,0,0,0][0,0,0,0,0,0]
28 [1,1,0,2,0,0][1,1,2,0,0,0][3,3,0,0,0,2][3,3,2,2,0,2][0,0,0,0,0,0][0,0,0,0,0,0]
29 [1,1,0,2,0,0][1,1,2,0,0,0][1,1,0,2,2,2][1,1,2,0,2,2][0,0,0,0,0,0][0,0,0,0,0,0]
30 [1,1,0,2,0,0][1,1,2,0,0,0][3,3,0,2,2,2][3,3,2,0,2,2][0,0,0,0,0,0][0,0,0,0,0,0]
34 [1,1,0,2,0,0][3,3,2,0,0,0][1,1,0,2,2,2][3,3,2,0,2,2][0,0,0,0,0,0][0,0,0,0,0,0]
35 [1,1,0,2,0,0][3,3,2,0,0,0][3,3,0,2,2,2][1,1,2,0,2,2][0,0,0,0,0,0][0,0,0,0,0,0]
38 [1,1,0,2,0,0][1,1,2,2,0,2][1,1,2,2,2,0][1,1,0,2,2,2][0,0,0,0,0,0][0,0,0,0,0,0]
39 [1,1,0,2,0,0][1,1,2,2,0,2][3,3,2,2,2,0][3,3,0,2,2,2][0,0,0,0,0,0][0,0,0,0,0,0]
54 [1,1,0,0,0,2][1,1,0,0,0,2][1,1,0,0,0,2][1,1,0,0,0,2][0,0,0,0,2,2][0,0,0,0,2,2]
71 [1,1,0,0,0,2][1,1,0,0,0,2][3,3,0,0,0,2][3,3,0,0,0,2][0,0,0,0,2,2][0,0,0,0,2,2]
118 [1,1,0,2,0,0][1,1,0,2,0,0][1,1,0,2,0,0][1,1,0,2,0,0][2,2,2,0,0,2][2,2,2,0,0,2]
119 [1,1,0,2,0,0][1,1,0,2,0,0][3,3,0,2,0,0][3,3,0,2,0,0][2,2,2,0,0,2][2,2,2,0,0,2]
120 [1,1,0,2,0,0][1,1,2,0,0,0][1,1,0,0,0,2][1,1,2,2,0,2][2,2,0,0,0,0][2,2,0,0,0,0]
121 [1,1,0,2,0,0][1,1,2,0,0,0][3,3,0,0,0,2][3,3,2,2,0,2][2,2,0,0,0,0][2,2,0,0,0,0]
128 [1,1,0,2,0,0][1,1,0,2,0,0][1,1,2,0,0,0][1,1,2,0,0,0][2,2,0,2,0,2][2,2,0,2,0,2]
129 [1,1,0,2,0,0][1,1,0,2,0,0][3,3,2,0,0,0][3,3,2,0,0,0][2,2,0,2,0,2][2,2,0,2,0,2]
130 [1,1,0,2,0,0][3,3,0,2,0,0][1,1,2,0,0,0][3,3,2,0,0,0][2,2,0,2,0,2][2,2,0,2,0,2]
133 [1,1,0,2,0,0][1,1,0,2,0,0][1,1,2,2,0,2][1,1,2,2,0,2][2,2,2,2,0,0][2,2,2,2,0,0]
134 [1,1,0,2,0,0][1,1,0,2,0,0][3,3,2,2,0,2][3,3,2,2,0,2][2,2,2,2,0,0][2,2,2,2,0,0]
135 [1,1,0,2,0,0][3,3,0,2,0,0][1,1,2,2,0,2][3,3,2,2,0,2][2,2,2,2,0,0][2,2,2,2,0,0]
140 [1,1,0,0,0,2][1,1,0,0,0,2][1,1,0,2,0,0][1,1,0,2,0,0][0,0,0,0,2,2][0,0,0,0,2,2]
141 [1,1,0,0,0,2][1,1,0,0,0,2][1,1,0,2,2,2][1,1,0,2,2,2][0,0,0,0,2,2][0,0,0,0,2,2]
142 [1,1,0,0,0,2][1,1,0,0,2,0][1,1,0,2,0,0][1,1,0,2,2,2][0,0,0,0,2,2][0,0,0,0,2,2]
145 [1,1,0,0,0,2][1,1,0,0,0,2][3,3,0,2,0,0][3,3,0,2,0,0][0,0,0,0,2,2][0,0,0,0,2,2]
146 [1,1,0,0,0,2][1,1,0,0,0,2][3,3,0,2,2,2][3,3,0,2,2,2][0,0,0,0,2,2][0,0,0,0,2,2]
147 [1,1,0,0,0,2][1,1,0,0,2,0][3,3,0,2,0,0][3,3,0,2,2,2][0,0,0,0,2,2][0,0,0,0,2,2]
148 [1,1,0,0,0,2][3,3,0,0,0,2][1,1,0,2,0,0][3,3,0,2,0,0][0,0,0,0,2,2][0,0,0,0,2,2]
149 [1,1,0,0,0,2][3,3,0,0,0,2][1,1,0,2,2,2][3,3,0,2,2,2][0,0,0,0,2,2][0,0,0,0,2,2]
150 [1,1,0,0,0,2][3,3,0,0,2,0][1,1,0,2,0,0][3,3,0,2,2,2][0,0,0,0,2,2][0,0,0,0,2,2]
153 [1,1,0,2,0,0][1,1,2,0,0,0][1,1,0,0,0,2][1,1,2,2,0,2][2,2,2,2,0,0][2,2,2,2,0,0]
154 [1,1,0,2,0,0][1,1,2,0,0,0][3,3,0,0,0,2][3,3,2,2,0,2][2,2,2,2,0,0][2,2,2,2,0,0]
155 [1,1,0,2,0,0][3,3,2,0,0,0][3,3,0,0,0,2][1,1,2,2,0,2][2,2,2,2,0,0][2,2,2,2,0,0]
193 [1,1,0,2,0,0][1,1,0,2,0,0][1,1,0,2,0,0][1,1,0,2,0,0][0,0,0,0,2,2][0,0,0,0,2,2]
195 [1,1,0,2,2,2][1,1,0,2,2,2][1,1,0,2,2,2][1,1,0,2,2,2][0,0,0,0,2,2][0,0,0,0,2,2]
196 [1,1,0,2,0,0][1,1,0,2,0,0][3,3,0,2,0,0][3,3,0,2,0,0][0,0,0,0,2,2][0,0,0,0,2,2]
199 [1,1,0,2,2,2][1,1,0,2,2,2][3,3,0,2,2,2][3,3,0,2,2,2][0,0,0,0,2,2][0,0,0,0,2,2]
208 [1,1,2,2,0,2][1,1,2,2,0,2][1,1,2,2,0,2][1,1,2,2,0,2][2,2,2,2,0,0][2,2,2,2,0,0]
209 [1,1,2,2,0,2][1,1,2,2,0,2][3,3,2,2,0,2][3,3,2,2,0,2][2,2,2,2,0,0][2,2,2,2,0,0]
241 [1,1,0,2,0,0][1,1,0,2,0,0][1,1,2,0,2,2][1,1,2,0,2,2][2,2,0,0,0,0][2,2,0,0,0,0]
242 [1,1,0,2,0,0][1,1,0,2,0,0][3,3,2,0,2,2][3,3,2,0,2,2][2,2,0,0,0,0][2,2,0,0,0,0]
243 [1,1,0,2,0,0][3,3,0,2,0,0][1,1,2,0,2,2][3,3,2,0,2,2][2,2,0,0,0,0][2,2,0,0,0,0]
245 [1,1,0,2,0,0][1,1,0,2,0,0][1,1,0,2,0,0][1,1,0,2,0,0][0,0,2,2,2,2][0,0,2,2,2,2]
246 [1,1,0,2,0,0][1,1,0,2,0,0][1,1,0,2,0,0][1,1,0,2,0,0][2,2,2,2,2,2][2,2,2,2,2,2]
247 [1,1,0,2,0,0][1,1,0,2,0,0][3,3,0,2,0,0][3,3,0,2,0,0][0,0,2,2,2,2][0,0,2,2,2,2]
248 [1,1,0,2,0,0][1,1,0,2,0,0][3,3,0,2,0,0][3,3,0,2,0,0][2,2,2,2,2,2][2,2,2,2,2,2]
249 [1,1,0,2,0,0][1,1,2,0,0,0][1,1,0,2,2,2][1,1,2,0,2,2][2,2,0,0,0,0][2,2,0,0,0,0]
250 [1,1,0,2,0,0][1,1,2,0,0,0][3,3,0,2,2,2][3,3,2,0,2,2][2,2,0,0,0,0][2,2,0,0,0,0]
251 [1,1,0,2,0,0][3,3,2,0,0,0][1,1,0,2,2,2][3,3,2,0,2,2][2,2,0,0,0,0][2,2,0,0,0,0]
252 [1,1,0,2,0,0][3,3,2,0,0,0][3,3,0,2,2,2][1,1,2,0,2,2][2,2,0,0,0,0][2,2,0,0,0,0]
260 [1,1,0,2,0,0][1,1,2,2,0,2][1,1,2,2,2,0][1,1,0,2,2,2][2,2,0,0,0,0][2,2,0,0,0,0]
261 [1,1,0,2,0,0][1,1,2,2,0,2][3,3,2,2,2,0][3,3,0,2,2,2][2,2,0,0,0,0][2,2,0,0,0,0]
268 [1,1,0,2,0,0][1,1,0,2,0,0][1,1,2,0,0,0][1,1,2,0,0,0][2,2,0,0,2,2][2,2,0,0,2,2]
269 [1,1,0,2,0,0][1,1,0,2,0,0][3,3,2,0,0,0][3,3,2,0,0,0][2,2,0,0,2,2][2,2,0,0,2,2]
270 [1,1,0,2,0,0][3,3,0,2,0,0][1,1,2,0,0,0][3,3,2,0,0,0][2,2,0,0,2,2][2,2,0,0,2,2]
271 [1,1,0,2,0,0][1,1,0,2,0,0][1,1,0,2,2,2][1,1,0,2,2,2][2,2,2,2,0,0][2,2,2,2,0,0]
272 [1,1,0,2,0,0][1,1,0,2,0,0][3,3,0,2,2,2][3,3,0,2,2,2][2,2,2,2,0,0][2,2,2,2,0,0]
273 [1,1,0,2,0,0][3,3,0,2,0,0][1,1,0,2,2,2][3,3,0,2,2,2][2,2,2,2,0,0][2,2,2,2,0,0]
274 [1,1,0,2,0,0][1,1,0,2,0,0][1,1,2,0,0,0][1,1,2,0,0,0][0,0,2,2,2,2][0,0,2,2,2,2]
275 [1,1,0,2,0,0][1,1,0,2,0,0][1,1,2,0,0,0][1,1,2,0,0,0][2,2,2,2,2,2][2,2,2,2,2,2]
276 [1,1,0,2,0,0][1,1,0,2,0,0][3,3,2,0,0,0][3,3,2,0,0,0][0,0,2,2,2,2][0,0,2,2,2,2]
277 [1,1,0,2,0,0][1,1,0,2,0,0][3,3,2,0,0,0][3,3,2,0,0,0][2,2,2,2,2,2][2,2,2,2,2,2]
278 [1,1,0,2,0,0][3,3,0,2,0,0][1,1,2,0,0,0][3,3,2,0,0,0][0,0,2,2,2,2][0,0,2,2,2,2]
279 [1,1,0,2,0,0][3,3,0,2,0,0][1,1,2,0,0,0][3,3,2,0,0,0][2,2,2,2,2,2][2,2,2,2,2,2]
280 [1,1,0,2,0,0][1,1,0,2,0,0][1,1,2,0,2,2][1,1,2,0,2,2][2,2,2,2,0,0][2,2,2,2,0,0]
281 [1,1,0,2,0,0][1,1,0,2,0,0][3,3,2,0,2,2][3,3,2,0,2,2][2,2,2,2,0,0][2,2,2,2,0,0]
282 [1,1,0,2,0,0][3,3,0,2,0,0][1,1,2,0,2,2][3,3,2,0,2,2][2,2,2,2,0,0][2,2,2,2,0,0]
286 [1,1,0,0,0,2][1,1,0,0,2,0][1,1,2,2,0,2][1,1,2,2,2,0][0,0,0,0,2,2][0,0,0,0,2,2]
287 [1,1,0,0,0,2][1,1,0,0,2,0][3,3,2,2,0,2][3,3,2,2,2,0][0,0,0,0,2,2][0,0,0,0,2,2]
288 [1,1,0,0,0,2][3,3,0,0,2,0][1,1,2,2,0,2][3,3,2,2,2,0][0,0,0,0,2,2][0,0,0,0,2,2]
289 [1,1,0,0,0,2][3,3,0,0,2,0][1,1,2,2,2,0][3,3,2,2,0,2][0,0,0,0,2,2][0,0,0,0,2,2]
292 [1,1,0,0,0,2][1,1,0,2,0,0][1,1,2,0,0,0][1,1,2,2,0,2][0,0,0,0,2,2][0,0,0,0,2,2]
293 [1,1,0,0,0,2][1,1,0,2,0,0][1,1,2,0,2,2][1,1,2,2,2,0][0,0,0,0,2,2][0,0,0,0,2,2]
294 [1,1,0,0,0,2][1,1,0,2,0,0][3,3,2,0,0,0][3,3,2,2,0,2][0,0,0,0,2,2][0,0,0,0,2,2]
295 [1,1,0,0,0,2][1,1,0,2,0,0][3,3,2,0,2,2][3,3,2,2,2,0][0,0,0,0,2,2][0,0,0,0,2,2]
296 [1,1,0,0,0,2][1,1,0,2,2,2][1,1,2,0,2,2][1,1,2,2,0,2][0,0,0,0,2,2][0,0,0,0,2,2]
297 [1,1,0,0,0,2][1,1,0,2,2,2][3,3,2,0,0,0][3,3,2,2,2,0][0,0,0,0,2,2][0,0,0,0,2,2]
298 [1,1,0,0,0,2][1,1,0,2,2,2][3,3,2,0,2,2][3,3,2,2,0,2][0,0,0,0,2,2][0,0,0,0,2,2]
299 [1,1,0,0,0,2][3,3,0,2,0,0][3,3,2,0,0,0][1,1,2,2,0,2][0,0,0,0,2,2][0,0,0,0,2,2]
300 [1,1,0,0,0,2][3,3,0,2,0,0][3,3,2,0,2,2][1,1,2,2,2,0][0,0,0,0,2,2][0,0,0,0,2,2]
301 [1,1,0,0,0,2][3,3,0,2,2,2][3,3,2,0,2,2][1,1,2,2,0,2][0,0,0,0,2,2][0,0,0,0,2,2]
305 [1,1,0,0,0,2][1,1,0,0,0,2][1,1,2,2,0,2][1,1,2,2,0,2][0,0,0,0,2,2][0,0,0,0,2,2]
306 [1,1,0,0,0,2][1,1,0,0,0,2][1,1,2,2,2,0][1,1,2,2,2,0][0,0,0,0,2,2][0,0,0,0,2,2]
330 [1,1,0,0,0,2][1,1,0,0,0,2][3,3,2,2,0,2][3,3,2,2,0,2][0,0,0,0,2,2][0,0,0,0,2,2]
331 [1,1,0,0,0,2][1,1,0,0,0,2][3,3,2,2,2,0][3,3,2,2,2,0][0,0,0,0,2,2][0,0,0,0,2,2]
344 [1,1,0,0,0,2][3,3,0,0,0,2][1,1,2,2,0,2][3,3,2,2,0,2][0,0,0,0,2,2][0,0,0,0,2,2]
345 [1,1,0,0,0,2][3,3,0,0,0,2][1,1,2,2,2,0][3,3,2,2,2,0][0,0,0,0,2,2][0,0,0,0,2,2]
361 [1,1,0,2,0,0][1,1,2,0,0,0][1,1,0,2,2,2][1,1,2,0,2,2][2,2,2,2,0,0][2,2,2,2,0,0]
362 [1,1,0,2,0,0][1,1,2,0,0,0][3,3,0,2,2,2][3,3,2,0,2,2][2,2,2,2,0,0][2,2,2,2,0,0]
363 [1,1,0,2,0,0][3,3,2,0,0,0][1,1,0,2,2,2][3,3,2,0,2,2][2,2,2,2,0,0][2,2,2,2,0,0]
364 [1,1,0,2,0,0][3,3,2,0,0,0][3,3,0,2,2,2][1,1,2,0,2,2][2,2,2,2,0,0][2,2,2,2,0,0]
373 [1,1,0,2,0,0][1,1,0,2,0,0][1,1,2,0,2,2][1,1,2,0,2,2][0,0,0,0,2,2][0,0,0,0,2,2]
374 [1,1,0,2,0,0][1,1,0,2,0,0][3,3,2,0,2,2][3,3,2,0,2,2][0,0,0,0,2,2][0,0,0,0,2,2]
375 [1,1,0,2,0,0][1,1,0,2,2,2][1,1,2,0,0,0][1,1,2,0,2,2][0,0,0,0,2,2][0,0,0,0,2,2]
376 [1,1,0,2,0,0][1,1,0,2,2,2][3,3,2,0,0,0][3,3,2,0,2,2][0,0,0,0,2,2][0,0,0,0,2,2]
377 [1,1,0,2,0,0][1,1,0,2,2,2][1,1,2,2,0,2][1,1,2,2,2,0][0,0,0,0,2,2][0,0,0,0,2,2]
378 [1,1,0,2,0,0][1,1,0,2,2,2][3,3,2,2,0,2][3,3,2,2,2,0][0,0,0,0,2,2][0,0,0,0,2,2]
379 [1,1,0,2,0,0][3,3,0,2,0,0][1,1,2,0,2,2][3,3,2,0,2,2][0,0,0,0,2,2][0,0,0,0,2,2]
380 [1,1,0,2,0,0][3,3,0,2,2,2][1,1,2,0,0,0][3,3,2,0,2,2][0,0,0,0,2,2][0,0,0,0,2,2]
381 [1,1,0,2,0,0][3,3,0,2,2,2][1,1,2,0,2,2][3,3,2,0,0,0][0,0,0,0,2,2][0,0,0,0,2,2]
382 [1,1,0,2,0,0][3,3,0,2,2,2][1,1,2,2,0,2][3,3,2,2,2,0][0,0,0,0,2,2][0,0,0,0,2,2]
387 [1,1,0,2,2,2][1,1,0,2,2,2][1,1,2,0,2,2][1,1,2,0,2,2][0,0,0,0,2,2][0,0,0,0,2,2]
388 [1,1,0,2,2,2][1,1,0,2,2,2][3,3,2,0,2,2][3,3,2,0,2,2][0,0,0,0,2,2][0,0,0,0,2,2]
391 [1,1,0,2,2,2][1,1,0,2,2,2][1,1,2,2,0,2][1,1,2,2,0,2][0,0,0,0,2,2][0,0,0,0,2,2]
392 [1,1,0,2,2,2][1,1,0,2,2,2][3,3,2,2,0,2][3,3,2,2,0,2][0,0,0,0,2,2][0,0,0,0,2,2]
393 [1,1,0,2,2,2][3,3,0,2,2,2][1,1,2,0,2,2][3,3,2,0,2,2][0,0,0,0,2,2][0,0,0,0,2,2]
394 [1,1,0,2,2,2][3,3,0,2,2,2][1,1,2,2,0,2][3,3,2,2,0,2][0,0,0,0,2,2][0,0,0,0,2,2]
438 [1,1,0,2,0,0][1,1,2,2,0,2][1,1,2,2,2,0][1,1,0,2,2,2][2,2,2,2,0,0][2,2,2,2,0,0]
439 [1,1,0,2,0,0][1,1,2,2,0,2][3,3,2,2,2,0][3,3,0,2,2,2][2,2,2,2,0,0][2,2,2,2,0,0]
440 [1,1,0,2,0,0][3,3,2,2,0,2][3,3,2,2,2,0][1,1,0,2,2,2][2,2,2,2,0,0][2,2,2,2,0,0]
452 [1,1,0,2,0,0][1,1,0,2,0,0][1,1,2,2,2,0][1,1,2,2,2,0][2,2,2,0,0,2][2,2,2,0,0,2]
453 [1,1,0,2,0,0][1,1,0,2,0,0][3,3,2,2,2,0][3,3,2,2,2,0][2,2,2,0,0,2][2,2,2,0,0,2]
454 [1,1,0,2,0,0][3,3,0,2,0,0][1,1,2,2,2,0][3,3,2,2,2,0][2,2,2,0,0,2][2,2,2,0,0,2]
455 [1,1,0,2,0,0][1,1,0,2,0,0][1,1,2,0,0,0][1,1,2,0,0,0][0,0,0,0,2,2][0,0,0,0,2,2]
456 [1,1,0,2,0,0][1,1,0,2,0,0][3,3,2,0,0,0][3,3,2,0,0,0][0,0,0,0,2,2][0,0,0,0,2,2]
457 [1,1,0,2,0,0][3,3,0,2,0,0][1,1,2,0,0,0][3,3,2,0,0,0][0,0,0,0,2,2][0,0,0,0,2,2]
458 [1,1,0,2,0,0][1,1,2,0,0,0][1,1,0,0,0,2][1,1,2,2,0,2][2,2,0,2,2,0][2,2,0,2,2,0]
459 [1,1,0,2,0,0][1,1,2,0,0,0][3,3,0,0,0,2][3,3,2,2,0,2][2,2,0,2,2,0][2,2,0,2,2,0]
460 [1,1,0,2,0,0][3,3,2,0,0,0][3,3,0,0,0,2][1,1,2,2,0,2][2,2,0,2,2,0][2,2,0,2,2,0]
466 [1,1,2,2,0,2][1,1,2,2,0,2][1,1,2,2,2,0][1,1,2,2,2,0][2,2,2,2,0,0][2,2,2,2,0,0]
467 [1,1,2,2,0,2][1,1,2,2,0,2][3,3,2,2,2,0][3,3,2,2,2,0][2,2,2,2,0,0][2,2,2,2,0,0]
468 [1,1,2,2,0,2][3,3,2,2,0,2][1,1,2,2,2,0][3,3,2,2,2,0][2,2,2,2,0,0][2,2,2,2,0,0]
477 [1,1,0,2,0,0][1,1,0,2,0,0][1,1,2,0,2,2][1,1,2,0,2,2][2,2,2,0,0,2][2,2,2,0,0,2]
478 [1,1,0,2,0,0][1,1,0,2,0,0][3,3,2,0,2,2][3,3,2,0,2,2][2,2,2,0,0,2][2,2,2,0,0,2]
479 [1,1,0,2,0,0][3,3,0,2,0,0][1,1,2,0,2,2][3,3,2,0,2,2][2,2,2,0,0,2][2,2,2,0,0,2]
481 [1,1,0,2,0,0][1,1,0,2,0,0][1,1,2,2,0,2][1,1,2,2,0,2][0,0,2,2,2,2][0,0,2,2,2,2]
482 [1,1,0,2,0,0][1,1,0,2,0,0][1,1,2,2,0,2][1,1,2,2,0,2][2,2,2,2,2,2][2,2,2,2,2,2]
483 [1,1,0,2,0,0][1,1,0,2,0,0][3,3,2,2,0,2][3,3,2,2,0,2][0,0,2,2,2,2][0,0,2,2,2,2]
484 [1,1,0,2,0,0][1,1,0,2,0,0][3,3,2,2,0,2][3,3,2,2,0,2][2,2,2,2,2,2][2,2,2,2,2,2]
485 [1,1,0,2,0,0][3,3,0,2,0,0][1,1,2,2,0,2][3,3,2,2,0,2][0,0,2,2,2,2][0,0,2,2,2,2]
486 [1,1,0,2,0,0][3,3,0,2,0,0][1,1,2,2,0,2][3,3,2,2,0,2][2,2,2,2,2,2][2,2,2,2,2,2]
487 [1,1,0,2,0,0][1,1,0,2,0,0][1,1,2,2,0,2][1,1,2,2,0,2][0,0,0,0,2,2][0,0,0,0,2,2]
488 [1,1,0,2,0,0][1,1,0,2,0,0][3,3,2,2,0,2][3,3,2,2,0,2][0,0,0,0,2,2][0,0,0,0,2,2]
489 [1,1,0,2,0,0][3,3,0,2,0,0][1,1,2,2,0,2][3,3,2,2,0,2][0,0,0,0,2,2][0,0,0,0,2,2]
490 [1,1,0,2,0,0][1,1,2,0,0,0][1,1,0,2,2,2][1,1,2,0,2,2][2,2,0,2,0,2][2,2,0,2,0,2]
491 [1,1,0,2,0,0][1,1,2,0,0,0][3,3,0,2,2,2][3,3,2,0,2,2][2,2,0,2,0,2][2,2,0,2,0,2]
492 [1,1,0,2,0,0][3,3,2,0,0,0][1,1,0,2,2,2][3,3,2,0,2,2][2,2,0,2,0,2][2,2,0,2,0,2]
493 [1,1,0,2,0,0][3,3,2,0,0,0][3,3,0,2,2,2][1,1,2,0,2,2][2,2,0,2,0,2][2,2,0,2,0,2]
495 [1,1,0,2,0,0][1,1,2,0,0,0][1,1,0,0,0,2][1,1,2,2,0,2][0,0,2,2,2,2][0,0,2,2,2,2]
496 [1,1,0,2,0,0][1,1,2,0,0,0][1,1,0,0,0,2][1,1,2,2,0,2][2,2,2,2,2,2][2,2,2,2,2,2]
497 [1,1,0,2,0,0][1,1,2,0,0,0][3,3,0,0,0,2][3,3,2,2,0,2][0,0,2,2,2,2][0,0,2,2,2,2]
498 [1,1,0,2,0,0][1,1,2,0,0,0][3,3,0,0,0,2][3,3,2,2,0,2][2,2,2,2,2,2][2,2,2,2,2,2]
508 [1,1,2,2,0,2][1,1,2,2,0,2][1,1,0,2,2,2][1,1,0,2,2,2][2,2,2,2,0,0][2,2,2,2,0,0]
509 [1,1,2,2,0,2][1,1,2,2,0,2][3,3,0,2,2,2][3,3,0,2,2,2][2,2,2,2,0,0][2,2,2,2,0,0]
510 [1,1,2,2,0,2][3,3,2,2,0,2][1,1,0,2,2,2][3,3,0,2,2,2][2,2,2,2,0,0][2,2,2,2,0,0]
548 [1,1,0,2,0,0][1,1,2,2,0,2][1,1,2,2,2,0][1,1,0,2,2,2][2,2,2,0,0,2][2,2,2,0,0,2]
549 [1,1,0,2,0,0][1,1,2,2,0,2][3,3,2,2,2,0][3,3,0,2,2,2][2,2,2,0,0,2][2,2,2,0,0,2]
550 [1,1,0,2,0,0][3,3,2,2,0,2][1,1,2,2,2,0][3,3,0,2,2,2][2,2,2,0,0,2][2,2,2,0,0,2]
567 [1,1,2,2,0,2][1,1,2,2,0,2][1,1,2,2,0,2][1,1,2,2,0,2][2,2,2,2,2,2][2,2,2,2,2,2]
568 [1,1,2,2,0,2][1,1,2,2,0,2][3,3,2,2,0,2][3,3,2,2,0,2][2,2,2,2,2,2][2,2,2,2,2,2]
616 [1,1,0,2,0,0][1,1,0,2,0,0][1,1,2,0,2,2][1,1,2,0,2,2][0,0,2,2,2,2][0,0,2,2,2,2]
617 [1,1,0,2,0,0][1,1,0,2,0,0][1,1,2,0,2,2][1,1,2,0,2,2][2,2,2,2,2,2][2,2,2,2,2,2]
618 [1,1,0,2,0,0][1,1,0,2,0,0][3,3,2,0,2,2][3,3,2,0,2,2][0,0,2,2,2,2][0,0,2,2,2,2]
619 [1,1,0,2,0,0][1,1,0,2,0,0][3,3,2,0,2,2][3,3,2,0,2,2][2,2,2,2,2,2][2,2,2,2,2,2]
640 [1,1,0,2,0,0][3,3,0,2,0,0][1,1,2,0,2,2][3,3,2,0,2,2][0,0,2,2,2,2][0,0,2,2,2,2]
641 [1,1,0,2,0,0][3,3,0,2,0,0][1,1,2,0,2,2][3,3,2,0,2,2][2,2,2,2,2,2][2,2,2,2,2,2]
649 [1,1,0,2,0,0][1,1,2,0,0,0][1,1,0,2,2,2][1,1,2,0,2,2][0,0,2,2,2,2][0,0,2,2,2,2]
650 [1,1,0,2,0,0][1,1,2,0,0,0][1,1,0,2,2,2][1,1,2,0,2,2][2,2,2,2,2,2][2,2,2,2,2,2]
651 [1,1,0,2,0,0][1,1,2,0,0,0][3,3,0,2,2,2][3,3,2,0,2,2][0,0,2,2,2,2][0,0,2,2,2,2]
652 [1,1,0,2,0,0][1,1,2,0,0,0][3,3,0,2,2,2][3,3,2,0,2,2][2,2,2,2,2,2][2,2,2,2,2,2]
656 [1,1,0,2,0,0][3,3,2,0,0,0][1,1,0,2,2,2][3,3,2,0,2,2][0,0,2,2,2,2][0,0,2,2,2,2]
657 [1,1,0,2,0,0][3,3,2,0,0,0][1,1,0,2,2,2][3,3,2,0,2,2][2,2,2,2,2,2][2,2,2,2,2,2]
658 [1,1,0,2,0,0][3,3,2,0,0,0][3,3,0,2,2,2][1,1,2,0,2,2][0,0,2,2,2,2][0,0,2,2,2,2]
659 [1,1,0,2,0,0][3,3,2,0,0,0][3,3,0,2,2,2][1,1,2,0,2,2][2,2,2,2,2,2][2,2,2,2,2,2]
663 [1,1,0,2,0,0][1,1,2,2,0,2][1,1,2,2,2,0][1,1,0,2,2,2][0,0,2,2,2,2][0,0,2,2,2,2]
664 [1,1,0,2,0,0][1,1,2,2,0,2][1,1,2,2,2,0][1,1,0,2,2,2][2,2,2,2,2,2][2,2,2,2,2,2]
665 [1,1,0,2,0,0][1,1,2,2,0,2][3,3,2,2,2,0][3,3,0,2,2,2][0,0,2,2,2,2][0,0,2,2,2,2]
666 [1,1,0,2,0,0][1,1,2,2,0,2][3,3,2,2,2,0][3,3,0,2,2,2][2,2,2,2,2,2][2,2,2,2,2,2]
685 [1,1,2,2,0,2][1,1,2,2,0,2][1,1,2,2,0,2][1,1,2,2,0,2][0,0,0,0,2,2][0,0,0,0,2,2]
686 [1,1,2,2,0,2][1,1,2,2,0,2][3,3,2,2,0,2][3,3,2,2,0,2][0,0,0,0,2,2][0,0,0,0,2,2]
687 [1,1,0,2,0,0][1,1,2,0,0,0][1,1,0,2,2,2][1,1,2,0,2,2][2,2,0,0,2,2][2,2,0,0,2,2]
688 [1,1,0,2,0,0][1,1,2,0,0,0][3,3,0,2,2,2][3,3,2,0,2,2][2,2,0,0,2,2][2,2,0,0,2,2]
689 [1,1,0,2,0,0][3,3,2,0,0,0][1,1,0,2,2,2][3,3,2,0,2,2][2,2,0,0,2,2][2,2,0,0,2,2]
690 [1,1,0,2,0,0][3,3,2,0,0,0][3,3,0,2,2,2][1,1,2,0,2,2][2,2,0,0,2,2][2,2,0,0,2,2]
698 [1,1,0,2,2,2][1,1,0,2,2,2][1,1,0,2,2,2][1,1,0,2,2,2][2,2,2,2,0,0][2,2,2,2,0,0]
699 [1,1,0,2,2,2][1,1,0,2,2,2][3,3,0,2,2,2][3,3,0,2,2,2][2,2,2,2,0,0][2,2,2,2,0,0]
746 [1,1,2,2,0,2][1,1,2,2,0,2][1,1,2,2,2,0][1,1,2,2,2,0][2,2,2,2,2,2][2,2,2,2,2,2]
747 [1,1,2,2,0,2][1,1,2,2,0,2][3,3,2,2,2,0][3,3,2,2,2,0][2,2,2,2,2,2][2,2,2,2,2,2]
748 [1,1,2,2,0,2][3,3,2,2,0,2][1,1,2,2,2,0][3,3,2,2,2,0][2,2,2,2,2,2][2,2,2,2,2,2]
772 [1,1,0,2,2,2][1,1,0,2,2,2][1,1,0,2,2,2][1,1,0,2,2,2][0,0,2,2,2,2][0,0,2,2,2,2]
778 [1,1,0,2,2,2][1,1,0,2,2,2][1,1,2,0,2,2][1,1,2,0,2,2][0,0,2,2,2,2][0,0,2,2,2,2]
839 [1,1,0,2,2,2][1,1,0,2,2,2][3,3,0,2,2,2][3,3,0,2,2,2][0,0,2,2,2,2][0,0,2,2,2,2]
842 [1,1,0,2,2,2][1,1,0,2,2,2][3,3,2,0,2,2][3,3,2,0,2,2][0,0,2,2,2,2][0,0,2,2,2,2]
845 [1,1,0,2,2,2][1,1,2,0,2,2][3,3,0,2,2,2][3,3,2,0,2,2][0,0,2,2,2,2][0,0,2,2,2,2]
