# Old encoding - 2x+y
63 [0,0,0,0,0,0][0,0,0,0,0,0][0,0,2,2,2,2][0,0,2,2,3,3][1,1,2,2,2,2][1,1,2,2,3,3]
65 [0,0,0,0,0,0][0,0,0,0,0,0][0,0,2,2,2,2][0,0,2,2,3,3][1,1,3,3,2,2][1,1,3,3,3,3]
82 [0,0,0,0,0,0][0,0,0,0,0,0][0,0,2,2,3,3][0,0,2,3,2,3][1,1,2,2,3,3][1,1,2,3,2,3]
122 [0,0,0,0,0,0][0,0,0,0,1,1][0,0,0,1,0,1][0,1,1,1,1,0][0,2,2,1,1,1][0,2,2,1,1,1]
123 [0,0,0,0,0,0][0,0,0,0,1,1][0,0,0,1,0,1][0,1,1,1,1,0][1,2,2,0,1,1][1,2,2,0,1,1]
124 [0,0,0,0,0,0][0,0,0,0,1,1][0,0,0,1,0,1][0,1,1,1,1,0][1,2,2,1,1,0][1,2,2,1,1,0]
141 [0,0,0,0,0,0][0,0,0,0,1,1][0,0,2,2,2,2][0,0,2,2,2,2][1,1,0,0,1,1][1,1,1,1,1,1]
146 [0,0,0,0,0,0][0,0,0,0,1,1][0,0,2,2,3,3][0,0,2,2,3,3][1,1,0,0,1,1][1,1,1,1,1,1]
149 [0,0,0,0,0,0][0,0,0,0,1,1][0,0,2,3,2,3][0,0,2,3,2,3][1,1,0,0,1,1][1,1,1,1,1,1]
164 [0,0,0,0,0,0][0,0,0,1,2,2][0,0,0,1,2,2][0,0,1,1,0,0][0,1,0,1,0,0][0,1,1,0,1,1]
165 [0,0,0,0,0,0][0,0,0,1,2,2][0,0,0,1,2,2][0,0,1,1,0,0][0,1,0,1,1,1][0,1,1,0,0,0]
166 [0,0,0,0,0,0][0,0,0,1,2,2][0,0,0,1,2,2][0,0,1,1,0,0][1,1,0,0,0,0][1,1,1,1,1,1]
167 [0,0,0,0,0,0][0,0,0,1,2,2][0,0,0,1,2,2][0,0,1,1,0,0][1,1,0,0,1,1][1,1,1,1,0,0]
170 [0,0,0,0,0,0][0,0,0,1,2,2][0,0,0,1,2,2][0,0,1,1,1,1][1,1,0,0,0,0][1,1,1,1,0,0]
171 [0,0,0,0,0,0][0,0,0,1,2,2][0,0,0,1,2,2][0,0,1,1,1,1][1,1,0,0,1,1][1,1,1,1,1,1]
174 [0,0,0,0,0,0][0,0,0,1,2,2][0,0,0,1,2,2][0,1,1,0,0,0][1,0,1,0,0,0][1,1,0,0,1,1]
182 [0,0,0,0,0,0][0,0,0,1,2,2][0,0,0,1,2,2][0,1,1,0,1,1][1,0,1,0,1,1][1,1,0,0,1,1]
200 [0,0,0,0,0,0][0,0,1,1,1,1][0,1,0,1,1,1][0,1,1,0,1,1][0,1,1,1,2,2][0,1,1,1,2,2]
201 [0,0,0,0,0,0][0,0,1,1,1,1][0,1,0,1,1,1][0,1,1,0,1,1][1,0,1,1,2,2][1,0,1,1,2,2]
253 [0,0,0,0,1,1][0,0,0,0,1,1][0,0,0,1,0,1][0,1,1,1,0,1][1,2,2,0,0,0][1,2,2,0,0,0]
254 [0,0,0,0,1,1][0,0,0,0,1,1][0,0,0,1,0,1][0,1,1,1,0,1][1,2,2,0,1,1][1,2,2,0,1,1]
255 [0,0,0,0,1,1][0,0,0,0,1,1][0,0,0,1,0,1][0,1,1,1,0,1][1,2,2,1,0,1][1,2,2,1,0,1]
256 [0,0,0,0,1,1][0,0,0,0,1,1][0,0,0,1,0,1][0,1,1,1,0,1][1,2,2,1,1,0][1,2,2,1,1,0]
292 [0,0,0,0,1,1][0,0,0,0,1,1][0,0,2,2,0,1][0,1,2,2,0,0][1,0,2,2,0,0][1,1,2,2,0,1]
293 [0,0,0,0,1,1][0,0,0,0,1,1][0,0,2,2,0,1][0,1,2,2,0,0][1,0,2,2,1,1][1,1,2,2,1,0]
294 [0,0,0,0,1,1][0,0,0,0,1,1][0,0,2,2,0,1][0,1,2,2,0,0][1,0,3,3,0,0][1,1,3,3,0,1]
295 [0,0,0,0,1,1][0,0,0,0,1,1][0,0,2,2,0,1][0,1,2,2,0,0][1,0,3,3,1,1][1,1,3,3,1,0]
296 [0,0,0,0,1,1][0,0,0,0,1,1][0,0,2,2,0,1][0,1,2,2,1,1][1,0,2,2,1,1][1,1,2,2,0,1]
297 [0,0,0,0,1,1][0,0,0,0,1,1][0,0,2,2,0,1][0,1,2,2,1,1][1,0,3,3,0,0][1,1,3,3,1,0]
298 [0,0,0,0,1,1][0,0,0,0,1,1][0,0,2,2,0,1][0,1,2,2,1,1][1,0,3,3,1,1][1,1,3,3,0,1]
299 [0,0,0,0,1,1][0,0,0,0,1,1][0,0,2,2,0,1][0,1,3,3,0,0][1,0,3,3,0,0][1,1,2,2,0,1]
300 [0,0,0,0,1,1][0,0,0,0,1,1][0,0,2,2,0,1][0,1,3,3,0,0][1,0,3,3,1,1][1,1,2,2,1,0]
301 [0,0,0,0,1,1][0,0,0,0,1,1][0,0,2,2,0,1][0,1,3,3,1,1][1,0,3,3,1,1][1,1,2,2,0,1]
306 [0,0,0,0,1,1][0,0,0,0,1,1][0,0,2,2,2,2][0,0,2,2,2,2][1,1,0,0,1,1][1,1,1,1,0,0]
307 [0,0,0,0,1,1][0,0,0,0,1,1][0,0,2,2,2,2][0,0,2,2,2,2][1,1,2,2,2,2][1,1,2,2,2,2]
309 [0,0,0,0,1,1][0,0,0,0,1,1][0,0,2,2,2,2][0,0,2,2,2,2][1,1,2,3,2,3][1,1,2,3,2,3]
311 [0,0,0,0,1,1][0,0,0,0,1,1][0,0,2,2,2,2][0,0,2,2,2,2][1,1,3,3,3,3][1,1,3,3,3,3]
312 [0,0,0,0,1,1][0,0,0,0,1,1][0,0,2,2,2,2][0,0,2,2,3,3][1,1,2,3,2,3][1,1,2,3,3,2]
313 [0,0,0,0,1,1][0,0,0,0,1,1][0,0,2,2,2,2][0,0,2,2,3,3][1,1,3,3,2,2][1,1,3,3,3,3]
314 [0,0,0,0,1,1][0,0,0,0,1,1][0,0,2,2,2,2][0,0,2,3,2,3][1,1,2,2,2,2][1,1,2,3,2,3]
315 [0,0,0,0,1,1][0,0,0,0,1,1][0,0,2,2,2,2][0,0,2,3,2,3][1,1,2,2,3,3][1,1,2,3,3,2]
316 [0,0,0,0,1,1][0,0,0,0,1,1][0,0,2,2,2,2][0,0,2,3,2,3][1,1,3,2,2,3][1,1,3,3,2,2]
317 [0,0,0,0,1,1][0,0,0,0,1,1][0,0,2,2,2,2][0,0,2,3,2,3][1,1,3,2,3,2][1,1,3,3,3,3]
318 [0,0,0,0,1,1][0,0,0,0,1,1][0,0,2,2,2,2][0,0,3,3,2,2][1,1,2,2,2,2][1,1,3,3,2,2]
319 [0,0,0,0,1,1][0,0,0,0,1,1][0,0,2,2,2,2][0,0,3,3,2,2][1,1,2,2,3,3][1,1,3,3,3,3]
320 [0,0,0,0,1,1][0,0,0,0,1,1][0,0,2,2,2,2][0,0,3,3,2,2][1,1,2,3,2,3][1,1,3,2,2,3]
321 [0,0,0,0,1,1][0,0,0,0,1,1][0,0,2,2,2,2][0,0,3,3,3,3][1,1,2,2,2,2][1,1,3,3,3,3]
323 [0,0,0,0,1,1][0,0,0,0,1,1][0,0,2,2,2,2][0,0,3,3,3,3][1,1,2,3,2,3][1,1,3,2,3,2]
331 [0,0,0,0,1,1][0,0,0,0,1,1][0,0,2,2,3,3][0,0,2,2,3,3][1,1,0,0,1,1][1,1,1,1,0,0]
332 [0,0,0,0,1,1][0,0,0,0,1,1][0,0,2,2,3,3][0,0,2,2,3,3][1,1,3,3,2,2][1,1,3,3,2,2]
334 [0,0,0,0,1,1][0,0,0,0,1,1][0,0,2,2,3,3][0,0,2,3,2,3][1,1,3,2,2,3][1,1,3,3,3,3]
335 [0,0,0,0,1,1][0,0,0,0,1,1][0,0,2,2,3,3][0,0,2,3,2,3][1,1,3,2,3,2][1,1,3,3,2,2]
337 [0,0,0,0,1,1][0,0,0,0,1,1][0,0,2,2,3,3][0,0,3,3,2,2][1,1,2,2,3,3][1,1,3,3,2,2]
338 [0,0,0,0,1,1][0,0,0,0,1,1][0,0,2,2,3,3][0,0,3,3,2,2][1,1,2,3,2,3][1,1,3,2,3,2]
345 [0,0,0,0,1,1][0,0,0,0,1,1][0,0,2,3,2,3][0,0,2,3,2,3][1,1,0,0,1,1][1,1,1,1,0,0]
348 [0,0,0,0,1,1][0,0,0,0,1,1][0,0,2,3,2,3][0,0,3,2,2,3][1,1,2,2,2,2][1,1,3,3,2,2]
349 [0,0,0,0,1,1][0,0,0,0,1,1][0,0,2,3,2,3][0,0,3,2,2,3][1,1,2,3,2,3][1,1,3,2,2,3]
350 [0,0,0,0,1,1][0,0,0,0,1,1][0,0,2,3,2,3][0,0,3,2,2,3][1,1,2,3,3,2][1,1,3,2,3,2]
351 [0,0,0,0,1,1][0,0,0,0,1,1][0,0,2,3,2,3][0,0,3,2,3,2][1,1,2,3,2,3][1,1,3,2,3,2]
410 [0,0,0,0,1,1][0,0,0,0,1,1][1,1,2,2,2,2][1,1,2,2,2,2][1,1,2,3,2,3][1,1,2,3,2,3]
416 [0,0,0,0,1,1][0,0,0,0,1,1][1,1,2,2,2,2][1,1,2,3,2,3][1,1,3,2,3,2][1,1,3,3,3,3]
418 [0,0,0,0,1,1][0,0,0,0,1,1][1,1,2,2,3,3][1,1,2,2,3,3][1,1,2,3,2,3][1,1,2,3,2,3]
435 [0,0,0,0,1,1][0,0,0,1,0,1][0,0,0,1,1,0][0,1,1,0,0,0][1,2,2,0,1,1][1,2,2,0,1,1]
436 [0,0,0,0,1,1][0,0,0,1,0,1][0,0,1,0,0,1][1,1,1,1,1,1][2,2,1,1,1,0][2,2,1,1,1,0]
437 [0,0,0,0,1,1][0,0,0,1,0,1][0,0,1,1,1,1][1,1,1,0,0,1][2,2,1,1,1,0][2,2,1,1,1,0]
438 [0,0,0,0,1,1][0,0,0,1,0,1][0,1,1,1,1,0][1,1,1,1,1,1][2,1,1,2,2,2][2,1,1,2,2,2]
439 [0,0,0,0,1,1][0,0,0,1,0,1][0,1,1,1,1,0][1,1,1,1,1,1][2,1,1,2,3,3][2,1,1,2,3,3]
440 [0,0,0,0,1,1][0,0,0,1,0,1][0,1,1,1,1,0][1,1,1,1,1,1][2,1,1,3,3,2][2,1,1,3,3,2]
441 [0,0,0,0,1,1][0,0,0,1,0,1][0,2,2,1,1,1][0,2,2,1,1,1][1,0,0,0,0,1][1,1,1,1,1,1]
442 [0,0,0,0,1,1][0,0,0,1,0,1][0,2,2,1,1,1][0,2,2,1,1,1][1,0,0,0,1,0][1,1,1,1,0,0]
443 [0,0,0,0,1,1][0,0,0,1,0,1][0,2,2,1,1,1][0,2,2,1,1,1][1,0,0,1,1,1][1,1,1,0,0,1]
444 [0,0,0,0,1,1][0,0,0,1,2,2][0,0,0,1,2,2][0,1,1,0,0,0][1,0,1,0,0,0][1,1,0,0,0,0]
458 [0,0,0,0,1,1][0,0,1,1,0,0][0,1,0,1,0,0][1,0,0,1,1,1][2,2,2,2,1,1][2,2,2,2,1,1]
459 [0,0,0,0,1,1][0,0,1,1,0,0][0,1,0,1,0,0][1,0,0,1,1,1][2,2,3,3,1,1][2,2,3,3,1,1]
460 [0,0,0,0,1,1][0,0,1,1,0,0][0,1,0,1,0,0][1,0,0,1,1,1][2,3,3,2,1,1][2,3,3,2,1,1]
461 [0,0,0,0,1,1][0,0,1,1,0,0][0,1,0,1,1,1][0,1,1,0,1,1][1,0,1,1,2,2][1,0,1,1,2,2]
487 [0,0,0,0,1,1][0,0,1,1,1,1][0,0,2,2,2,2][0,0,2,2,2,2][1,1,0,0,0,0][1,1,0,0,1,1]
488 [0,0,0,0,1,1][0,0,1,1,1,1][0,0,2,2,3,3][0,0,2,2,3,3][1,1,0,0,0,0][1,1,0,0,1,1]
489 [0,0,0,0,1,1][0,0,1,1,1,1][0,0,2,3,2,3][0,0,2,3,2,3][1,1,0,0,0,0][1,1,0,0,1,1]
490 [0,0,0,0,1,1][0,0,1,1,1,1][0,1,0,0,0,1][1,0,1,1,1,0][2,2,1,1,2,2][2,2,1,1,2,2]
491 [0,0,0,0,1,1][0,0,1,1,1,1][0,1,0,0,0,1][1,0,1,1,1,0][2,2,1,1,3,3][2,2,1,1,3,3]
492 [0,0,0,0,1,1][0,0,1,1,1,1][0,1,0,0,0,1][1,0,1,1,1,0][2,3,1,1,2,3][2,3,1,1,2,3]
493 [0,0,0,0,1,1][0,0,1,1,1,1][0,1,0,0,0,1][1,0,1,1,1,0][2,3,1,1,3,2][2,3,1,1,3,2]
494 [0,0,0,0,1,1][0,0,1,1,1,1][0,1,0,1,0,0][0,1,1,0,1,1][1,0,1,1,2,2][1,0,1,1,2,2]
506 [0,0,0,0,1,1][0,0,1,1,1,1][0,1,2,2,1,1][0,1,2,2,1,1][1,1,1,1,0,0][1,1,1,1,0,0]
507 [0,0,0,0,1,1][0,0,1,1,1,1][0,1,2,2,1,1][0,1,2,2,1,1][1,1,1,1,1,1][1,1,1,1,1,1]
551 [0,0,0,0,1,1][0,1,1,1,0,1][0,1,2,2,1,1][0,1,2,2,1,1][1,0,0,0,0,1][1,1,0,0,1,1]
552 [0,0,0,0,1,1][0,1,1,1,0,1][0,1,2,2,1,1][0,1,2,2,1,1][1,0,0,0,1,0][1,1,0,0,0,0]
553 [0,0,0,0,1,1][0,1,1,1,0,1][0,1,2,2,1,1][0,1,2,2,1,1][1,0,1,1,0,1][1,1,1,1,1,1]
554 [0,0,0,0,1,1][0,1,1,1,0,1][0,1,2,2,1,1][0,1,2,2,1,1][1,0,1,1,1,0][1,1,1,1,0,0]
555 [0,0,0,0,1,1][0,1,1,1,0,1][1,0,1,1,0,1][1,1,1,1,1,1][1,1,2,2,1,0][1,1,2,2,1,0]
580 [0,0,0,1,2,2][0,0,0,1,2,2][0,0,1,1,0,0][0,0,1,1,0,0][1,1,0,0,0,0][1,1,0,0,1,1]
581 [0,0,0,1,2,2][0,0,0,1,2,2][0,0,1,1,0,0][0,0,1,1,0,0][1,1,1,1,0,0][1,1,1,1,1,1]
582 [0,0,0,1,2,2][0,0,0,1,2,2][0,0,1,1,0,0][0,0,1,1,1,1][1,1,0,0,0,0][1,1,0,0,0,0]
583 [0,0,0,1,2,2][0,0,0,1,2,2][0,0,1,1,0,0][0,0,1,1,1,1][1,1,1,1,0,0][1,1,1,1,0,0]
584 [0,0,0,1,2,2][0,0,0,1,2,2][0,0,1,1,0,0][0,1,0,1,0,0][1,0,0,1,0,0][1,1,1,1,1,1]
585 [0,0,0,1,2,2][0,0,0,1,2,2][0,0,1,1,0,0][0,1,0,1,0,0][1,0,0,1,1,1][1,1,1,1,0,0]
586 [0,0,0,1,2,2][0,0,0,1,2,2][0,0,1,1,0,0][0,1,0,1,0,0][1,0,1,0,0,0][1,1,0,0,1,1]
587 [0,0,0,1,2,2][0,0,0,1,2,2][0,0,1,1,0,0][0,1,0,1,1,1][1,0,1,0,0,0][1,1,0,0,0,0]
588 [0,0,0,1,2,2][0,0,0,1,2,2][0,0,1,1,0,0][0,1,1,0,0,0][1,0,1,0,1,1][1,1,1,1,0,0]
596 [0,0,0,1,2,2][0,0,0,1,2,2][0,0,1,1,1,1][0,1,1,0,0,0][1,0,1,0,0,0][1,1,1,1,0,0]
606 [0,0,0,1,2,2][0,0,0,1,2,2][0,1,1,0,0,0][0,1,1,0,1,1][1,1,1,1,0,0][1,1,1,1,0,0]
649 [0,0,0,1,2,2][0,0,1,0,2,2][1,1,0,1,2,2][1,1,1,0,2,2][1,1,1,1,0,0][1,1,1,1,0,0]
650 [0,0,0,1,2,2][0,0,1,0,2,2][1,1,0,1,2,2][1,1,1,0,2,2][1,1,1,1,1,1][1,1,1,1,1,1]
651 [0,0,0,1,2,2][0,0,1,0,2,2][1,1,0,1,3,3][1,1,1,0,3,3][1,1,1,1,0,0][1,1,1,1,0,0]
652 [0,0,0,1,2,2][0,0,1,0,2,2][1,1,0,1,3,3][1,1,1,0,3,3][1,1,1,1,1,1][1,1,1,1,1,1]
656 [0,0,0,1,2,2][0,0,1,0,3,3][1,1,0,1,2,2][1,1,1,0,3,3][1,1,1,1,0,0][1,1,1,1,0,0]
657 [0,0,0,1,2,2][0,0,1,0,3,3][1,1,0,1,2,2][1,1,1,0,3,3][1,1,1,1,1,1][1,1,1,1,1,1]
658 [0,0,0,1,2,2][0,0,1,0,3,3][1,1,0,1,3,3][1,1,1,0,2,2][1,1,1,1,0,0][1,1,1,1,0,0]
659 [0,0,0,1,2,2][0,0,1,0,3,3][1,1,0,1,3,3][1,1,1,0,2,2][1,1,1,1,1,1][1,1,1,1,1,1]
684 [0,0,1,1,1,1][0,0,1,1,1,1][0,0,1,1,1,1][1,1,1,1,1,1][2,2,0,0,0,1][2,2,0,0,0,1]
695 [0,0,1,1,1,1][0,0,1,1,1,1][0,1,1,1,2,2][0,1,1,1,2,2][1,1,0,0,0,0][1,1,0,0,1,1]
703 [0,0,1,1,1,1][0,0,1,1,1,1][1,1,0,1,2,2][1,1,0,1,2,2][1,1,1,1,0,0][1,1,1,1,1,1]
743 [0,0,1,1,1,1][0,1,0,1,1,1][0,1,1,1,2,2][0,1,1,1,2,2][1,0,0,1,0,0][1,1,1,1,1,1]
744 [0,0,1,1,1,1][0,1,0,1,1,1][0,1,1,1,2,2][0,1,1,1,2,2][1,0,1,0,0,0][1,1,0,0,1,1]
745 [0,0,1,1,1,1][0,1,0,1,1,1][1,0,0,1,1,1][1,1,1,0,2,2][1,1,1,0,2,2][1,1,1,1,0,0]
765 [0,0,2,2,2,2][0,0,2,2,2,2][0,1,0,0,2,2][0,1,0,0,2,2][1,1,0,0,0,0][1,1,1,1,0,0]
766 [0,0,2,2,2,2][0,0,2,2,2,2][0,1,0,0,3,3][0,1,0,0,3,3][1,1,0,0,0,0][1,1,1,1,0,0]
773 [0,0,2,2,2,2][0,0,2,2,2,2][1,1,0,0,1,1][1,1,0,0,1,1][1,1,2,2,2,2][1,1,2,2,2,2]
775 [0,0,2,2,2,2][0,0,2,2,2,2][1,1,0,0,1,1][1,1,0,0,1,1][1,1,2,3,2,3][1,1,2,3,2,3]
777 [0,0,2,2,2,2][0,0,2,2,2,2][1,1,0,0,1,1][1,1,0,0,1,1][1,1,3,3,3,3][1,1,3,3,3,3]
806 [0,0,2,2,2,2][0,0,2,2,3,3][1,1,0,0,1,1][1,1,0,0,1,1][1,1,2,3,2,3][1,1,2,3,3,2]
807 [0,0,2,2,2,2][0,0,2,2,3,3][1,1,0,0,1,1][1,1,0,0,1,1][1,1,3,3,2,2][1,1,3,3,3,3]
808 [0,0,2,2,2,2][0,0,2,2,3,3][1,1,0,1,0,1][1,1,0,1,0,1][1,1,2,2,2,2][1,1,2,2,3,3]
809 [0,0,2,2,2,2][0,0,2,2,3,3][1,1,0,1,0,1][1,1,0,1,0,1][1,1,2,3,2,3][1,1,2,3,3,2]
810 [0,0,2,2,2,2][0,0,2,2,3,3][1,1,0,1,0,1][1,1,0,1,0,1][1,1,3,2,2,3][1,1,3,2,3,2]
811 [0,0,2,2,2,2][0,0,2,2,3,3][1,1,0,1,0,1][1,1,0,1,0,1][1,1,3,3,2,2][1,1,3,3,3,3]
812 [0,0,2,2,2,2][0,0,2,2,3,3][1,1,1,1,0,0][1,1,1,1,0,0][1,1,2,2,2,2][1,1,2,2,3,3]
813 [0,0,2,2,2,2][0,0,2,2,3,3][1,1,1,1,0,0][1,1,1,1,0,0][1,1,2,3,2,3][1,1,2,3,3,2]
814 [0,0,2,2,2,2][0,0,2,2,3,3][1,1,1,1,0,0][1,1,1,1,0,0][1,1,3,3,2,2][1,1,3,3,3,3]
817 [0,0,2,2,2,2][0,0,3,3,3,3][1,1,0,0,1,1][1,1,0,0,1,1][1,1,2,2,2,2][1,1,3,3,3,3]
819 [0,0,2,2,2,2][0,0,3,3,3,3][1,1,0,0,1,1][1,1,0,0,1,1][1,1,2,3,2,3][1,1,3,2,3,2]
835 [0,0,2,2,3,3][0,0,2,2,3,3][0,1,0,0,2,2][0,1,0,0,2,2][1,1,0,0,0,0][1,1,1,1,0,0]
840 [0,0,2,2,3,3][0,0,2,2,3,3][1,1,0,0,1,1][1,1,0,0,1,1][1,1,3,3,2,2][1,1,3,3,2,2]
844 [0,0,2,2,3,3][0,0,2,2,3,3][1,1,0,1,0,1][1,1,0,1,0,1][1,1,3,3,2,2][1,1,3,3,2,2]
870 [0,0,2,2,3,3][0,0,2,3,2,3][1,1,0,0,1,1][1,1,0,0,1,1][1,1,3,2,2,3][1,1,3,3,3,3]
871 [0,0,2,2,3,3][0,0,2,3,2,3][1,1,0,0,1,1][1,1,0,0,1,1][1,1,3,2,3,2][1,1,3,3,2,2]
872 [0,0,2,2,3,3][0,0,2,3,2,3][1,1,0,1,1,0][1,1,0,1,1,0][1,1,3,2,3,2][1,1,3,3,2,2]
875 [0,0,2,2,3,3][0,0,2,3,2,3][1,1,1,0,0,1][1,1,1,0,0,1][1,1,2,2,2,2][1,1,2,3,3,2]
876 [0,0,2,2,3,3][0,0,2,3,2,3][1,1,1,0,0,1][1,1,1,0,0,1][1,1,2,2,3,3][1,1,2,3,2,3]
877 [0,0,2,2,3,3][0,0,2,3,2,3][1,1,1,0,0,1][1,1,1,0,0,1][1,1,3,2,3,2][1,1,3,3,2,2]
878 [0,0,2,2,3,3][0,0,3,3,2,2][1,1,0,1,0,1][1,1,0,1,0,1][1,1,2,2,3,3][1,1,3,3,2,2]
900 [0,1,1,1,2,2][0,1,1,1,2,2][1,1,1,1,0,0][1,1,1,1,1,1][1,1,1,1,1,1][1,1,1,1,1,1]
