# Using the new encoding: 2y + x
26 [1,1,0,2,0,0][1,1,2,0,0,0][0,2,1,1,0,0][2,0,1,1,0,0][0,0,0,0,0,0][0,0,0,0,0,0]
31 [1,1,0,2,2,2][1,1,2,0,2,2][0,2,1,1,0,0][2,0,1,1,0,0][0,0,0,0,0,0][0,0,0,0,0,0]
32 [3,3,0,2,2,2][3,3,2,0,2,2][0,2,1,1,0,0][2,0,1,1,0,0][0,0,0,0,0,0][0,0,0,0,0,0]
37 [1,1,0,0,0,2][1,1,2,2,0,2][0,0,1,1,0,2][2,2,1,1,0,2][0,0,0,0,0,0][0,0,0,0,0,0]
40 [1,1,0,0,2,0][1,1,2,2,2,0][0,0,1,1,0,2][2,2,1,1,0,2][0,0,0,0,0,0][0,0,0,0,0,0]
45 [1,1,0,2,0,0][1,1,2,0,0,0][0,2,3,3,0,0][2,0,3,3,0,0][0,0,0,0,0,0][0,0,0,0,0,0]
46 [1,1,0,0,0,2][1,1,2,2,0,2][0,0,3,3,0,2][2,2,3,3,0,2][0,0,0,0,0,0][0,0,0,0,0,0]
47 [1,1,0,0,2,0][1,1,2,2,2,0][0,0,3,3,0,2][2,2,3,3,0,2][0,0,0,0,0,0][0,0,0,0,0,0]
99 [1,1,0,2,2,2][1,1,2,0,2,2][0,2,1,1,2,2][2,0,1,1,2,2][0,0,0,0,0,0][0,0,0,0,0,0]
102 [1,1,0,2,2,2][1,1,2,0,2,2][0,2,3,3,2,2][2,0,3,3,2,2][0,0,0,0,0,0][0,0,0,0,0,0]
172 [1,1,0,2,2,2][1,1,0,2,2,2][0,2,1,1,0,0][0,2,1,1,0,0][0,0,0,0,0,0][2,2,2,2,0,0]
173 [3,3,0,2,2,2][3,3,0,2,2,2][0,2,1,1,0,0][0,2,1,1,0,0][0,0,0,0,0,0][2,2,2,2,0,0]
179 [1,1,0,0,0,2][1,1,0,0,0,2][0,0,1,1,0,2][0,0,1,1,0,2][0,0,0,0,0,0][2,2,2,2,0,0]
180 [1,1,2,2,0,2][1,1,2,2,0,2][0,0,1,1,0,2][0,0,1,1,0,2][0,0,0,0,0,0][2,2,2,2,0,0]
181 [3,3,2,2,0,2][3,3,2,2,0,2][0,0,1,1,0,2][0,0,1,1,0,2][0,0,0,0,0,0][2,2,2,2,0,0]
183 [1,1,0,0,2,0][1,1,0,0,2,0][0,0,1,1,0,2][0,0,1,1,0,2][0,0,0,0,0,0][2,2,2,2,0,0]
184 [1,1,2,2,2,0][1,1,2,2,2,0][0,0,1,1,0,2][0,0,1,1,0,2][0,0,0,0,0,0][2,2,2,2,0,0]
185 [3,3,2,2,2,0][3,3,2,2,2,0][0,0,1,1,0,2][0,0,1,1,0,2][0,0,0,0,0,0][2,2,2,2,0,0]
186 [1,1,0,0,0,2][1,1,0,0,0,2][0,0,3,3,0,2][0,0,3,3,0,2][0,0,0,0,0,0][2,2,2,2,0,0]
187 [1,1,0,0,2,0][1,1,0,0,2,0][0,0,3,3,0,2][0,0,3,3,0,2][0,0,0,0,0,0][2,2,2,2,0,0]
202 [1,1,2,2,0,2][1,1,2,2,0,2][2,2,1,1,0,2][2,2,1,1,0,2][0,0,0,0,0,0][2,2,2,2,0,0]
203 [1,1,2,2,2,0][1,1,2,2,2,0][2,2,1,1,0,2][2,2,1,1,0,2][0,0,0,0,0,0][2,2,2,2,0,0]
206 [1,1,2,2,0,2][1,1,2,2,0,2][2,2,3,3,0,2][2,2,3,3,0,2][0,0,0,0,0,0][2,2,2,2,0,0]
207 [1,1,2,2,2,0][1,1,2,2,2,0][2,2,3,3,0,2][2,2,3,3,0,2][0,0,0,0,0,0][2,2,2,2,0,0]
238 [1,1,0,2,2,2][1,1,0,2,2,2][0,2,1,1,2,2][0,2,1,1,2,2][0,0,0,0,0,0][2,2,2,2,0,0]
239 [1,1,0,2,2,2][1,1,0,2,2,2][0,2,3,3,2,2][0,2,3,3,2,2][0,0,0,0,0,0][2,2,2,2,0,0]
257 [1,1,0,2,2,2][1,1,2,0,2,2][0,2,1,1,0,0][2,0,1,1,0,0][0,0,2,2,0,0][0,0,2,2,0,0]
258 [3,3,0,2,2,2][3,3,2,0,2,2][0,2,1,1,0,0][2,0,1,1,0,0][0,0,2,2,0,0][0,0,2,2,0,0]
262 [1,1,0,0,2,0][1,1,2,2,2,0][0,0,1,1,0,2][2,2,1,1,0,2][0,0,2,2,0,0][0,0,2,2,0,0]
263 [3,3,0,0,2,0][3,3,2,2,2,0][0,0,1,1,0,2][2,2,1,1,0,2][0,0,2,2,0,0][0,0,2,2,0,0]
284 [1,1,0,2,0,0][1,1,2,0,0,0][0,2,1,1,2,2][2,0,1,1,2,2][0,0,2,2,0,0][0,0,2,2,0,0]
285 [1,1,0,2,0,0][1,1,2,0,0,0][0,2,3,3,2,2][2,0,3,3,2,2][0,0,2,2,0,0][0,0,2,2,0,0]
302 [1,1,0,0,2,0][1,1,2,2,2,0][0,0,1,1,0,2][2,2,1,1,0,2][0,0,0,0,2,2][0,0,0,0,2,2]
357 [1,1,0,0,2,0][1,1,2,2,2,0][0,0,3,3,0,2][2,2,3,3,0,2][0,0,0,0,2,2][0,0,0,0,2,2]
369 [1,1,0,2,2,2][1,1,2,0,2,2][0,2,1,1,2,2][2,0,1,1,2,2][0,0,2,2,0,0][0,0,2,2,0,0]
370 [3,3,0,2,2,2][3,3,2,0,2,2][0,2,1,1,2,2][2,0,1,1,2,2][0,0,2,2,0,0][0,0,2,2,0,0]
385 [1,1,0,2,2,2][1,1,2,0,2,2][0,2,1,1,0,0][2,0,1,1,0,0][0,0,0,0,2,2][0,0,0,0,2,2]
395 [1,1,0,2,2,2][1,1,2,0,2,2][0,2,1,1,2,2][2,0,1,1,2,2][0,0,0,0,2,2][0,0,0,0,2,2]
399 [1,1,0,2,2,2][1,1,2,0,2,2][0,2,3,3,0,0][2,0,3,3,0,0][0,0,0,0,2,2][0,0,0,0,2,2]
402 [1,1,0,2,2,2][1,1,2,0,2,2][0,2,3,3,2,2][2,0,3,3,2,2][0,0,0,0,2,2][0,0,0,0,2,2]
445 [1,1,0,0,2,0][1,1,0,0,2,0][0,0,1,1,0,2][0,0,1,1,0,2][0,0,2,2,0,0][2,2,0,0,0,0]
446 [1,1,2,2,2,0][1,1,2,2,2,0][0,0,1,1,0,2][0,0,1,1,0,2][0,0,2,2,0,0][2,2,0,0,0,0]
447 [3,3,2,2,2,0][3,3,2,2,2,0][0,0,1,1,0,2][0,0,1,1,0,2][0,0,2,2,0,0][2,2,0,0,0,0]
451 [1,1,0,0,2,0][1,1,0,0,2,0][0,0,3,3,0,2][0,0,3,3,0,2][0,0,2,2,0,0][2,2,0,0,0,0]
462 [1,1,2,2,2,0][1,1,2,2,2,0][2,2,1,1,0,2][2,2,1,1,0,2][0,0,2,2,0,0][2,2,0,0,0,0]
465 [1,1,2,2,2,0][1,1,2,2,2,0][2,2,3,3,0,2][2,2,3,3,0,2][0,0,2,2,0,0][2,2,0,0,0,0]
556 [1,1,0,2,2,2][1,1,0,2,2,2][0,2,1,1,2,2][0,2,1,1,2,2][0,0,2,2,0,0][2,2,0,0,0,0]
559 [1,1,0,2,2,2][1,1,0,2,2,2][0,2,3,3,2,2][0,2,3,3,2,2][0,0,2,2,0,0][2,2,0,0,0,0]
564 [1,1,0,2,2,2][1,1,0,2,2,2][0,2,1,1,2,2][0,2,1,1,2,2][0,0,0,0,2,2][2,2,2,2,2,2]
565 [1,1,0,2,0,0][1,1,0,2,0,0][0,2,3,3,2,2][0,2,3,3,2,2][0,0,0,0,2,2][2,2,2,2,2,2]
566 [1,1,0,2,2,2][1,1,0,2,2,2][0,2,3,3,2,2][0,2,3,3,2,2][0,0,0,0,2,2][2,2,2,2,2,2]
578 [1,1,0,0,0,0][1,1,0,0,0,0][0,0,1,1,0,0][0,0,1,1,0,0][0,0,0,0,0,2][0,0,0,0,2,0]
593 [1,1,0,0,2,0][1,1,0,0,2,0][0,0,1,1,0,2][0,0,1,1,0,2][0,0,0,0,2,2][2,2,2,2,2,2]
594 [1,1,2,2,2,0][1,1,2,2,2,0][0,0,1,1,0,2][0,0,1,1,0,2][0,0,0,0,2,2][2,2,2,2,2,2]
595 [3,3,2,2,2,0][3,3,2,2,2,0][0,0,1,1,0,2][0,0,1,1,0,2][0,0,0,0,2,2][2,2,2,2,2,2]
597 [1,1,0,0,2,0][1,1,0,0,2,0][0,0,1,1,0,2][0,0,1,1,0,2][0,0,2,2,2,2][2,2,0,0,2,2]
598 [1,1,2,2,2,0][1,1,2,2,2,0][0,0,1,1,0,2][0,0,1,1,0,2][0,0,2,2,2,2][2,2,0,0,2,2]
599 [3,3,2,2,2,0][3,3,2,2,2,0][0,0,1,1,0,2][0,0,1,1,0,2][0,0,2,2,2,2][2,2,0,0,2,2]
603 [1,1,0,2,0,0][1,1,0,2,0,0][0,2,1,1,0,0][0,2,1,1,0,0][0,0,0,0,2,2][2,2,2,2,2,2]
609 [1,1,0,2,2,2][1,1,0,2,2,2][0,2,1,1,0,0][0,2,1,1,0,0][0,0,0,0,2,2][2,2,2,2,2,2]
610 [1,1,0,2,2,2][1,1,0,2,2,2][0,2,1,1,0,0][0,2,1,1,0,0][0,0,2,2,2,2][2,2,0,0,2,2]
613 [1,1,0,0,0,2][1,1,0,0,0,2][0,0,1,1,0,2][0,0,1,1,0,2][0,0,0,0,2,2][2,2,2,2,2,2]
614 [1,1,2,2,0,2][1,1,2,2,0,2][0,0,1,1,0,2][0,0,1,1,0,2][0,0,0,0,2,2][2,2,2,2,2,2]
615 [3,3,2,2,0,2][3,3,2,2,0,2][0,0,1,1,0,2][0,0,1,1,0,2][0,0,0,0,2,2][2,2,2,2,2,2]
648 [1,1,0,2,0,0][1,1,2,0,0,0][0,2,1,1,0,0][2,0,1,1,0,0][0,0,0,0,2,2][0,0,0,0,2,2]
653 [1,1,0,2,2,2][1,1,2,0,2,2][0,2,1,1,0,0][2,0,1,1,0,0][2,2,2,2,2,2][2,2,2,2,2,2]
654 [3,3,0,2,2,2][3,3,2,0,2,2][0,2,1,1,0,0][2,0,1,1,0,0][2,2,2,2,2,2][2,2,2,2,2,2]
662 [3,3,0,0,2,0][3,3,2,2,2,0][2,2,1,1,0,2][0,0,1,1,0,2][0,0,2,2,2,2][0,0,2,2,2,2]
667 [1,1,0,0,2,0][1,1,2,2,2,0][0,0,1,1,0,2][2,2,1,1,0,2][2,2,2,2,2,2][2,2,2,2,2,2]
672 [1,1,0,0,2,0][1,1,0,0,2,0][0,0,3,3,0,2][0,0,3,3,0,2][0,0,0,0,2,2][2,2,2,2,2,2]
673 [1,1,0,0,2,0][1,1,0,0,2,0][0,0,3,3,0,2][0,0,3,3,0,2][0,0,2,2,2,2][2,2,0,0,2,2]
674 [1,1,0,2,0,0][1,1,0,2,0,0][0,2,3,3,0,0][0,2,3,3,0,0][0,0,0,0,2,2][2,2,2,2,2,2]
675 [1,1,0,0,0,2][1,1,0,0,0,2][0,0,3,3,0,2][0,0,3,3,0,2][0,0,0,0,2,2][2,2,2,2,2,2]
682 [1,1,0,2,0,0][1,1,2,0,0,0][0,2,3,3,0,0][2,0,3,3,0,0][0,0,0,0,2,2][0,0,0,0,2,2]
683 [1,1,0,0,2,0][1,1,2,2,2,0][0,0,3,3,0,2][2,2,3,3,0,2][2,2,2,2,2,2][2,2,2,2,2,2]
691 [1,1,0,2,2,2][1,1,2,0,2,2][0,2,1,1,0,0][2,0,1,1,0,0][0,0,2,2,2,2][0,0,2,2,2,2]
692 [3,3,0,2,2,2][3,3,2,0,2,2][0,2,1,1,0,0][2,0,1,1,0,0][0,0,2,2,2,2][0,0,2,2,2,2]
696 [1,1,0,2,0,0][1,1,2,0,0,0][0,2,1,1,2,2][2,0,1,1,2,2][0,0,2,2,2,2][0,0,2,2,2,2]
697 [3,3,0,2,0,0][3,3,2,0,0,0][0,2,1,1,2,2][2,0,1,1,2,2][0,0,2,2,2,2][0,0,2,2,2,2]
704 [1,1,0,2,2,2][1,1,2,0,2,2][0,2,1,1,2,2][2,0,1,1,2,2][2,2,2,2,0,0][2,2,2,2,0,0]
707 [1,1,0,2,2,2][1,1,2,0,2,2][0,2,3,3,2,2][2,0,3,3,2,2][2,2,2,2,0,0][2,2,2,2,0,0]
894 [1,1,2,2,0,2][1,1,2,2,0,2][2,2,1,1,0,2][2,2,1,1,0,2][0,0,0,0,2,2][2,2,2,2,2,2]
895 [1,1,2,2,0,2][1,1,2,2,0,2][2,2,1,1,0,2][2,2,1,1,0,2][0,0,2,2,2,2][2,2,0,0,2,2]
899 [1,1,2,2,2,0][1,1,2,2,2,0][2,2,1,1,0,2][2,2,1,1,0,2][0,0,2,2,2,2][2,2,0,0,2,2]
901 [1,1,0,2,2,2][1,1,2,0,2,2][0,2,1,1,2,2][2,0,1,1,2,2][2,2,2,2,2,2][2,2,2,2,2,2]
903 [1,1,2,2,0,2][1,1,2,2,0,2][2,2,3,3,0,2][2,2,3,3,0,2][0,0,0,0,2,2][2,2,2,2,2,2]
904 [1,1,2,2,0,2][1,1,2,2,0,2][2,2,3,3,0,2][2,2,3,3,0,2][0,0,2,2,2,2][2,2,0,0,2,2]
905 [1,1,2,2,2,0][1,1,2,2,2,0][2,2,3,3,0,2][2,2,3,3,0,2][0,0,2,2,2,2][2,2,0,0,2,2]
907 [1,1,0,2,2,2][1,1,2,0,2,2][0,2,3,3,2,2][2,0,3,3,2,2][2,2,2,2,2,2][2,2,2,2,2,2]
