658 [0,0,2,2,2,2][0,0,2,2,2,2][2,2,0,0,2,2][2,2,0,0,2,2][2,2,2,2,0,0][2,2,2,2,0,0]
659 [0,0,2,2,2,2][0,0,2,2,2,2][2,2,0,0,2,2][2,2,0,0,2,2][2,2,2,2,1,1][2,2,2,2,1,1]
660 [0,0,2,2,2,2][0,0,2,2,2,2][2,2,0,0,2,2][2,2,0,0,2,2][2,2,3,3,1,1][2,2,3,3,1,1]
661 [0,0,2,2,2,2][0,0,2,2,2,2][2,2,0,0,2,2][2,2,0,0,2,2][3,3,3,3,1,1][3,3,3,3,1,1]
662 [0,0,2,2,2,2][0,0,2,2,2,2][2,2,0,0,3,3][2,2,0,0,3,3][2,2,2,2,0,0][2,2,2,2,0,0]
663 [0,0,2,2,2,2][0,0,2,2,2,2][2,2,0,0,3,3][2,2,0,0,3,3][2,2,3,3,0,0][2,2,3,3,0,0]
664 [0,0,2,2,2,2][0,0,2,2,2,2][2,2,0,0,3,3][2,2,0,0,3,3][2,2,3,3,1,1][2,2,3,3,1,1]
665 [0,0,2,2,2,2][0,0,2,2,2,2][2,2,0,0,3,3][2,2,0,0,3,3][3,3,3,3,0,0][3,3,3,3,0,0]
666 [0,0,2,2,2,2][0,0,2,2,2,2][2,2,0,0,3,3][2,2,0,0,3,3][3,3,3,3,1,1][3,3,3,3,1,1]
667 [0,0,2,2,2,2][0,0,2,2,2,2][2,2,1,1,2,2][2,2,1,1,2,2][2,2,2,2,1,1][2,2,2,2,1,1]
668 [0,0,2,2,2,2][0,0,2,2,2,2][2,2,1,1,2,2][2,2,1,1,2,2][3,3,2,2,1,1][3,3,2,2,1,1]
669 [0,0,2,2,2,2][0,0,2,2,2,2][2,2,1,1,2,2][2,2,1,1,2,2][3,3,3,3,1,1][3,3,3,3,1,1]
670 [0,0,2,2,2,2][0,0,2,2,2,2][2,2,1,1,3,3][2,2,1,1,3,3][2,2,2,2,1,1][2,2,2,2,1,1]
671 [0,0,2,2,2,2][0,0,2,2,2,2][2,2,1,1,3,3][2,2,1,1,3,3][2,2,3,3,1,1][2,2,3,3,1,1]
672 [0,0,2,2,2,2][0,0,2,2,2,2][2,2,1,1,3,3][2,2,1,1,3,3][3,3,2,2,0,0][3,3,2,2,0,0]
673 [0,0,2,2,2,2][0,0,2,2,2,2][2,2,1,1,3,3][2,2,1,1,3,3][3,3,2,2,1,1][3,3,2,2,1,1]
674 [0,0,2,2,2,2][0,0,2,2,2,2][2,2,1,1,3,3][2,2,1,1,3,3][3,3,3,3,0,0][3,3,3,3,0,0]
675 [0,0,2,2,2,2][0,0,2,2,2,2][2,2,1,1,3,3][2,2,1,1,3,3][3,3,3,3,1,1][3,3,3,3,1,1]
676 [0,0,2,2,2,2][0,0,2,2,2,2][3,3,1,1,2,2][3,3,1,1,2,2][3,3,2,2,1,1][3,3,2,2,1,1]
677 [0,0,2,2,2,2][0,0,2,2,2,2][3,3,1,1,3,3][3,3,1,1,3,3][3,3,2,2,1,1][3,3,2,2,1,1]
688 [0,0,2,2,2,2][0,0,3,3,3,3][2,2,0,0,2,2][2,2,2,2,0,0][3,3,0,0,3,3][3,3,3,3,0,0]
689 [0,0,2,2,2,2][0,0,3,3,3,3][2,2,0,0,2,2][2,2,2,2,1,1][3,3,0,0,3,3][3,3,3,3,1,1]
690 [0,0,2,2,2,2][0,0,3,3,3,3][2,2,0,0,2,2][2,2,3,3,1,1][3,3,0,0,3,3][3,3,2,2,1,1]
691 [0,0,2,2,2,2][0,0,3,3,3,3][2,2,0,0,3,3][2,2,2,2,0,0][3,3,0,0,2,2][3,3,3,3,0,0]
692 [0,0,2,2,2,2][0,0,3,3,3,3][2,2,0,0,3,3][2,2,2,2,1,1][3,3,0,0,2,2][3,3,3,3,1,1]
693 [0,0,2,2,2,2][0,0,3,3,3,3][2,2,0,0,3,3][2,2,3,3,1,1][3,3,0,0,2,2][3,3,2,2,1,1]
694 [0,0,2,2,2,2][0,0,3,3,3,3][2,2,1,1,2,2][2,2,2,2,1,1][3,3,1,1,3,3][3,3,3,3,1,1]
695 [0,0,2,2,2,2][0,0,3,3,3,3][2,2,1,1,3,3][2,2,2,2,1,1][3,3,1,1,2,2][3,3,3,3,1,1]
696 [0,0,2,2,2,2][0,0,3,3,3,3][2,2,1,1,3,3][2,2,3,3,1,1][3,3,1,1,2,2][3,3,2,2,1,1]
711 [0,0,2,2,3,3][0,0,2,2,3,3][2,2,0,0,2,2][2,2,0,0,2,2][2,2,3,3,0,0][2,2,3,3,0,0]
712 [0,0,2,2,3,3][0,0,2,2,3,3][2,2,0,0,2,2][2,2,0,0,2,2][2,2,3,3,1,1][2,2,3,3,1,1]
713 [0,0,2,2,3,3][0,0,2,2,3,3][2,2,0,0,3,3][2,2,0,0,3,3][2,2,2,2,0,0][2,2,2,2,0,0]
714 [0,0,2,2,3,3][0,0,2,2,3,3][2,2,0,0,3,3][2,2,0,0,3,3][3,3,3,3,1,1][3,3,3,3,1,1]
715 [0,0,2,2,3,3][0,0,2,2,3,3][2,2,1,1,2,2][2,2,1,1,2,2][2,2,2,2,0,0][2,2,2,2,0,0]
716 [0,0,2,2,3,3][0,0,2,2,3,3][2,2,1,1,2,2][2,2,1,1,2,2][3,3,2,2,1,1][3,3,2,2,1,1]
717 [0,0,2,2,3,3][0,0,2,2,3,3][2,2,1,1,2,2][2,2,1,1,2,2][3,3,3,3,1,1][3,3,3,3,1,1]
718 [0,0,2,2,3,3][0,0,2,2,3,3][2,2,1,1,3,3][2,2,1,1,3,3][2,2,2,2,0,0][2,2,2,2,0,0]
719 [0,0,2,2,3,3][0,0,2,2,3,3][2,2,2,2,0,0][2,2,2,2,0,0][3,3,1,1,3,3][3,3,1,1,3,3]
720 [0,0,2,2,3,3][0,0,2,2,3,3][2,2,2,2,1,1][2,2,2,2,1,1][3,3,1,1,2,2][3,3,1,1,2,2]
721 [0,0,2,2,3,3][0,0,2,2,3,3][2,2,2,2,1,1][2,2,2,2,1,1][3,3,1,1,3,3][3,3,1,1,3,3]
722 [0,0,2,2,3,3][0,0,2,2,3,3][2,2,3,3,0,0][2,2,3,3,0,0][3,3,0,0,2,2][3,3,0,0,2,2]
723 [0,0,2,2,3,3][0,0,2,2,3,3][2,2,3,3,1,1][2,2,3,3,1,1][3,3,0,0,2,2][3,3,0,0,2,2]
724 [0,0,2,2,3,3][0,0,2,2,3,3][2,2,3,3,1,1][2,2,3,3,1,1][3,3,1,1,2,2][3,3,1,1,2,2]
725 [0,0,2,2,3,3][0,0,2,2,3,3][2,3,0,2,0,3][2,3,0,2,0,3][3,2,3,1,2,1][3,2,3,1,2,1]
726 [0,0,2,2,3,3][0,0,2,2,3,3][2,3,0,3,0,2][2,3,0,3,0,2][2,3,3,0,2,0][2,3,3,0,2,0]
727 [0,0,2,2,3,3][0,0,2,2,3,3][2,3,0,3,0,2][2,3,0,3,0,2][3,2,3,0,2,0][3,2,3,0,2,0]
728 [0,0,2,2,3,3][0,0,2,2,3,3][2,3,0,3,0,2][2,3,0,3,0,2][3,2,3,1,2,1][3,2,3,1,2,1]
729 [0,0,2,2,3,3][0,0,2,2,3,3][2,3,1,2,1,3][2,3,1,2,1,3][3,2,2,1,3,1][3,2,2,1,3,1]
730 [0,0,2,2,3,3][0,0,2,2,3,3][2,3,1,3,1,2][2,3,1,3,1,2][3,2,2,1,3,1][3,2,2,1,3,1]
731 [0,0,2,2,3,3][0,0,2,2,3,3][2,3,1,3,1,2][2,3,1,3,1,2][3,2,3,1,2,1][3,2,3,1,2,1]
738 [0,0,2,2,3,3][0,0,3,3,2,2][2,3,0,2,0,3][2,3,2,0,3,0][3,2,0,3,0,2][3,2,3,0,2,0]
739 [0,0,2,2,3,3][0,0,3,3,2,2][2,3,0,2,0,3][2,3,2,1,3,1][3,2,0,3,0,2][3,2,3,1,2,1]
740 [0,0,2,2,3,3][0,0,3,3,2,2][2,3,0,3,0,2][2,3,2,0,3,0][3,2,0,2,0,3][3,2,3,0,2,0]
741 [0,0,2,2,3,3][0,0,3,3,2,2][2,3,0,3,0,2][2,3,2,1,3,1][3,2,0,2,0,3][3,2,3,1,2,1]
742 [0,0,2,2,3,3][0,0,3,3,2,2][2,3,1,2,1,3][2,3,2,1,3,1][3,2,1,3,1,2][3,2,3,1,2,1]
743 [0,0,2,2,3,3][0,0,3,3,2,2][2,3,1,3,1,2][2,3,2,1,3,1][3,2,1,2,1,3][3,2,3,1,2,1]
749 [0,0,3,3,3,3][0,0,3,3,3,3][2,2,0,0,2,2][2,2,0,0,2,2][2,2,3,3,1,1][2,2,3,3,1,1]
750 [0,0,3,3,3,3][0,0,3,3,3,3][2,2,0,0,3,3][2,2,0,0,3,3][2,2,2,2,0,0][2,2,2,2,0,0]
772 [1,1,2,2,2,2][1,1,2,2,2,2][2,2,1,1,2,2][2,2,1,1,2,2][2,2,2,2,1,1][2,2,2,2,1,1]
773 [1,1,2,2,2,2][1,1,2,2,2,2][2,2,1,1,3,3][2,2,1,1,3,3][2,2,2,2,1,1][2,2,2,2,1,1]
774 [1,1,2,2,2,2][1,1,2,2,2,2][2,2,1,1,3,3][2,2,1,1,3,3][2,2,3,3,1,1][2,2,3,3,1,1]
775 [1,1,2,2,2,2][1,1,2,2,2,2][2,2,1,1,3,3][2,2,1,1,3,3][3,3,3,3,1,1][3,3,3,3,1,1]
776 [1,1,2,2,2,2][1,1,3,3,3,3][2,2,1,1,2,2][2,2,2,2,1,1][3,3,1,1,3,3][3,3,3,3,1,1]
777 [1,1,2,2,2,2][1,1,3,3,3,3][2,2,1,1,3,3][2,2,2,2,1,1][3,3,1,1,2,2][3,3,3,3,1,1]
778 [1,1,2,2,3,3][1,1,2,2,3,3][2,2,1,1,2,2][2,2,1,1,2,2][2,2,3,3,1,1][2,2,3,3,1,1]
779 [1,1,2,2,3,3][1,1,2,2,3,3][2,2,1,1,3,3][2,2,1,1,3,3][2,2,2,2,1,1][2,2,2,2,1,1]
780 [1,1,2,2,3,3][1,1,2,2,3,3][2,2,3,3,1,1][2,2,3,3,1,1][3,3,1,1,2,2][3,3,1,1,2,2]
781 [1,1,2,2,3,3][1,1,2,2,3,3][2,3,1,3,1,2][2,3,1,3,1,2][2,3,3,1,2,1][2,3,3,1,2,1]
782 [1,1,2,2,3,3][1,1,2,2,3,3][2,3,1,3,1,2][2,3,1,3,1,2][3,2,3,1,2,1][3,2,3,1,2,1]
783 [1,1,2,2,3,3][1,1,3,3,2,2][2,3,1,2,1,3][2,3,2,1,3,1][3,2,1,3,1,2][3,2,3,1,2,1]
784 [1,1,2,2,3,3][1,1,3,3,2,2][2,3,1,3,1,2][2,3,2,1,3,1][3,2,1,2,1,3][3,2,3,1,2,1]
785 [1,1,3,3,3,3][1,1,3,3,3,3][2,2,1,1,3,3][2,2,1,1,3,3][2,2,2,2,1,1][2,2,2,2,1,1]
