47 [0,0,0,0,0,0][0,0,0,0,0,0][0,0,0,1,2,2][0,0,1,0,3,3][0,0,2,3,2,3][0,0,2,3,3,2]
51 [0,0,0,0,0,0][0,0,0,0,0,0][0,0,0,1,2,2][0,0,1,0,3,3][1,1,2,3,2,3][1,1,2,3,3,2]
56 [0,0,0,0,0,0][0,0,0,0,0,0][0,0,0,1,2,2][0,1,1,1,3,3][1,2,2,1,2,2][1,2,2,1,3,3]
57 [0,0,0,0,0,0][0,0,0,0,0,0][0,0,0,1,2,2][0,1,1,1,3,3][1,3,3,1,2,2][1,3,3,1,3,3]
67 [0,0,0,0,0,0][0,0,0,0,0,0][0,0,0,1,3,3][0,0,1,0,2,2][0,0,2,3,2,3][0,0,2,3,3,2]
68 [0,0,0,0,0,0][0,0,0,0,0,0][0,0,0,1,3,3][0,0,1,0,2,2][1,1,2,3,2,3][1,1,2,3,3,2]
77 [0,0,0,0,0,0][0,0,0,0,0,0][0,0,0,1,3,3][0,1,1,1,2,2][1,2,2,1,2,2][1,2,2,1,3,3]
78 [0,0,0,0,0,0][0,0,0,0,0,0][0,0,0,1,3,3][0,1,1,1,2,2][1,3,3,1,2,2][1,3,3,1,3,3]
98 [0,0,0,0,0,0][0,0,0,0,0,0][0,0,2,2,2,2][0,0,2,2,3,3][0,1,0,0,2,2][0,1,1,1,3,3]
99 [0,0,0,0,0,0][0,0,0,0,0,0][0,0,2,2,2,2][0,0,2,2,3,3][0,1,0,0,3,3][0,1,1,1,2,2]
121 [0,0,0,0,0,0][0,0,0,0,0,0][0,0,2,2,3,3][0,0,2,3,2,3][1,1,0,2,2,1][1,1,1,3,3,0]
122 [0,0,0,0,0,0][0,0,0,0,0,0][0,0,2,2,3,3][0,0,2,3,2,3][1,1,0,3,3,1][1,1,1,2,2,0]
130 [0,0,0,0,0,0][0,0,0,0,0,0][0,0,2,2,3,3][0,0,3,3,3,3][0,1,2,2,0,0][0,1,3,3,1,1]
131 [0,0,0,0,0,0][0,0,0,0,0,0][0,0,2,2,3,3][0,0,3,3,3,3][0,1,2,2,1,1][0,1,3,3,0,0]
158 [0,0,0,0,0,0][0,0,0,0,0,0][0,1,1,1,2,2][1,0,1,1,3,3][2,3,1,1,2,3][2,3,1,1,3,2]
162 [0,0,0,0,0,0][0,0,0,0,0,0][0,1,1,1,3,3][1,0,1,1,2,2][2,3,1,1,2,3][2,3,1,1,3,2]
238 [0,0,0,0,0,0][0,0,0,0,1,1][0,0,2,2,2,2][0,0,2,2,2,2][0,1,2,2,0,0][0,1,2,2,0,0]
239 [0,0,0,0,0,0][0,0,0,0,1,1][0,0,2,2,2,2][0,0,2,2,2,2][0,1,2,2,1,1][0,1,2,2,1,1]
240 [0,0,0,0,0,0][0,0,0,0,1,1][0,0,2,2,2,2][0,0,2,2,2,2][0,1,3,3,0,0][0,1,3,3,0,0]
241 [0,0,0,0,0,0][0,0,0,0,1,1][0,0,2,2,2,2][0,0,2,2,2,2][0,1,3,3,1,1][0,1,3,3,1,1]
245 [0,0,0,0,0,0][0,0,0,0,1,1][0,0,2,2,3,3][0,0,2,2,3,3][0,1,2,2,0,0][0,1,2,2,0,0]
246 [0,0,0,0,0,0][0,0,0,0,1,1][0,0,2,2,3,3][0,0,2,2,3,3][0,1,2,2,1,1][0,1,2,2,1,1]
247 [0,0,0,0,0,0][0,0,0,0,1,1][0,0,2,2,3,3][0,0,2,2,3,3][0,1,3,3,0,0][0,1,3,3,0,0]
248 [0,0,0,0,0,0][0,0,0,0,1,1][0,0,2,2,3,3][0,0,2,2,3,3][0,1,3,3,1,1][0,1,3,3,1,1]
256 [0,0,0,0,0,0][0,0,0,0,1,1][0,0,2,3,2,3][0,0,2,3,2,3][1,1,2,2,0,1][1,1,2,2,0,1]
257 [0,0,0,0,0,0][0,0,0,0,1,1][0,0,2,3,2,3][0,0,2,3,2,3][1,1,2,2,1,0][1,1,2,2,1,0]
258 [0,0,0,0,0,0][0,0,0,0,1,1][0,0,2,3,2,3][0,0,2,3,2,3][1,1,3,3,0,1][1,1,3,3,0,1]
259 [0,0,0,0,0,0][0,0,0,0,1,1][0,0,2,3,2,3][0,0,2,3,2,3][1,1,3,3,1,0][1,1,3,3,1,0]
260 [0,0,0,0,0,0][0,0,0,0,1,1][0,0,3,3,2,2][0,0,3,3,2,2][0,1,2,2,0,0][0,1,2,2,0,0]
261 [0,0,0,0,0,0][0,0,0,0,1,1][0,0,3,3,2,2][0,0,3,3,2,2][0,1,2,2,1,1][0,1,2,2,1,1]
262 [0,0,0,0,0,0][0,0,0,0,1,1][0,0,3,3,2,2][0,0,3,3,2,2][0,1,3,3,0,0][0,1,3,3,0,0]
263 [0,0,0,0,0,0][0,0,0,0,1,1][0,0,3,3,2,2][0,0,3,3,2,2][0,1,3,3,1,1][0,1,3,3,1,1]
267 [0,0,0,0,0,0][0,0,0,0,1,1][0,0,3,3,3,3][0,0,3,3,3,3][0,1,2,2,0,0][0,1,2,2,0,0]
268 [0,0,0,0,0,0][0,0,0,0,1,1][0,0,3,3,3,3][0,0,3,3,3,3][0,1,2,2,1,1][0,1,2,2,1,1]
269 [0,0,0,0,0,0][0,0,0,0,1,1][0,0,3,3,3,3][0,0,3,3,3,3][0,1,3,3,0,0][0,1,3,3,0,0]
270 [0,0,0,0,0,0][0,0,0,0,1,1][0,0,3,3,3,3][0,0,3,3,3,3][0,1,3,3,1,1][0,1,3,3,1,1]
284 [0,0,0,0,0,0][0,0,0,0,1,1][0,1,2,2,1,1][0,1,2,2,1,1][1,1,2,2,2,2][1,1,2,2,2,2]
285 [0,0,0,0,0,0][0,0,0,0,1,1][0,1,2,2,1,1][0,1,2,2,1,1][1,1,2,2,3,3][1,1,2,2,3,3]
286 [0,0,0,0,0,0][0,0,0,0,1,1][0,1,2,2,1,1][0,1,2,2,1,1][1,1,3,3,2,2][1,1,3,3,2,2]
287 [0,0,0,0,0,0][0,0,0,0,1,1][0,1,2,2,1,1][0,1,2,2,1,1][1,1,3,3,3,3][1,1,3,3,3,3]
290 [0,0,0,0,0,0][0,0,0,0,1,1][0,1,3,3,1,1][0,1,3,3,1,1][1,1,2,2,2,2][1,1,2,2,2,2]
291 [0,0,0,0,0,0][0,0,0,0,1,1][0,1,3,3,1,1][0,1,3,3,1,1][1,1,2,2,3,3][1,1,2,2,3,3]
292 [0,0,0,0,0,0][0,0,0,0,1,1][0,1,3,3,1,1][0,1,3,3,1,1][1,1,3,3,2,2][1,1,3,3,2,2]
293 [0,0,0,0,0,0][0,0,0,0,1,1][0,1,3,3,1,1][0,1,3,3,1,1][1,1,3,3,3,3][1,1,3,3,3,3]
294 [0,0,0,0,0,0][0,0,0,1,2,2][0,0,0,1,2,2][0,0,1,1,0,0][0,0,2,3,2,3][0,0,2,3,2,3]
295 [0,0,0,0,0,0][0,0,0,1,2,2][0,0,0,1,2,2][0,0,1,1,0,0][0,0,3,2,2,3][0,0,3,2,2,3]
300 [0,0,0,0,0,0][0,0,0,1,2,2][0,0,0,1,2,2][0,0,1,1,0,0][1,1,2,3,2,3][1,1,2,3,2,3]
301 [0,0,0,0,0,0][0,0,0,1,2,2][0,0,0,1,2,2][0,0,1,1,0,0][1,1,3,2,2,3][1,1,3,2,2,3]
309 [0,0,0,0,0,0][0,0,0,1,2,2][0,0,0,1,2,2][0,1,1,0,0,0][1,2,2,1,2,2][1,2,2,1,2,2]
310 [0,0,0,0,0,0][0,0,0,1,2,2][0,0,0,1,2,2][0,1,1,0,0,0][1,2,2,1,3,3][1,2,2,1,3,3]
311 [0,0,0,0,0,0][0,0,0,1,2,2][0,0,0,1,2,2][0,1,1,0,0,0][1,3,3,1,2,2][1,3,3,1,2,2]
312 [0,0,0,0,0,0][0,0,0,1,2,2][0,0,0,1,2,2][0,1,1,0,0,0][1,3,3,1,3,3][1,3,3,1,3,3]
320 [0,0,0,0,0,0][0,0,0,1,3,3][0,0,0,1,3,3][0,0,1,1,0,0][0,0,2,3,2,3][0,0,2,3,2,3]
321 [0,0,0,0,0,0][0,0,0,1,3,3][0,0,0,1,3,3][0,0,1,1,0,0][0,0,3,2,2,3][0,0,3,2,2,3]
326 [0,0,0,0,0,0][0,0,0,1,3,3][0,0,0,1,3,3][0,0,1,1,0,0][1,1,2,3,2,3][1,1,2,3,2,3]
327 [0,0,0,0,0,0][0,0,0,1,3,3][0,0,0,1,3,3][0,0,1,1,0,0][1,1,3,2,2,3][1,1,3,2,2,3]
336 [0,0,0,0,0,0][0,0,0,1,3,3][0,0,0,1,3,3][0,1,1,0,0,0][1,2,2,1,2,2][1,2,2,1,2,2]
337 [0,0,0,0,0,0][0,0,0,1,3,3][0,0,0,1,3,3][0,1,1,0,0,0][1,2,2,1,3,3][1,2,2,1,3,3]
338 [0,0,0,0,0,0][0,0,0,1,3,3][0,0,0,1,3,3][0,1,1,0,0,0][1,3,3,1,2,2][1,3,3,1,2,2]
339 [0,0,0,0,0,0][0,0,0,1,3,3][0,0,0,1,3,3][0,1,1,0,0,0][1,3,3,1,3,3][1,3,3,1,3,3]
432 [0,0,0,0,0,0][0,1,1,1,2,2][0,1,1,1,2,2][1,0,0,1,0,0][2,1,1,3,2,3][2,1,1,3,2,3]
433 [0,0,0,0,0,0][0,1,1,1,2,2][0,1,1,1,2,2][1,0,0,1,0,0][3,1,1,2,2,3][3,1,1,2,2,3]
435 [0,0,0,0,0,0][0,1,1,1,3,3][0,1,1,1,3,3][1,0,0,1,0,0][2,1,1,3,2,3][2,1,1,3,2,3]
436 [0,0,0,0,0,0][0,1,1,1,3,3][0,1,1,1,3,3][1,0,0,1,0,0][3,1,1,2,2,3][3,1,1,2,2,3]
508 [0,0,0,0,1,1][0,0,0,0,1,1][0,0,0,1,2,2][0,0,1,0,3,3][0,0,2,3,2,3][0,0,2,3,3,2]
512 [0,0,0,0,1,1][0,0,0,0,1,1][0,0,0,1,2,2][0,0,1,0,3,3][1,1,2,3,2,3][1,1,2,3,3,2]
519 [0,0,0,0,1,1][0,0,0,0,1,1][0,0,0,1,2,2][0,1,1,1,3,3][1,2,2,1,2,2][1,2,2,1,3,3]
520 [0,0,0,0,1,1][0,0,0,0,1,1][0,0,0,1,2,2][0,1,1,1,3,3][1,3,3,1,2,2][1,3,3,1,3,3]
530 [0,0,0,0,1,1][0,0,0,0,1,1][0,0,0,1,3,3][0,0,1,0,2,2][0,0,2,3,2,3][0,0,2,3,3,2]
531 [0,0,0,0,1,1][0,0,0,0,1,1][0,0,0,1,3,3][0,0,1,0,2,2][1,1,2,3,2,3][1,1,2,3,3,2]
540 [0,0,0,0,1,1][0,0,0,0,1,1][0,0,0,1,3,3][0,1,1,1,2,2][1,2,2,1,2,2][1,2,2,1,3,3]
541 [0,0,0,0,1,1][0,0,0,0,1,1][0,0,0,1,3,3][0,1,1,1,2,2][1,3,3,1,2,2][1,3,3,1,3,3]
581 [0,0,0,0,1,1][0,0,0,0,1,1][0,0,2,2,0,1][0,0,2,3,2,3][0,0,3,2,2,3][0,0,3,3,1,0]
582 [0,0,0,0,1,1][0,0,0,0,1,1][0,0,2,2,0,1][0,0,2,3,3,2][0,0,3,2,3,2][0,0,3,3,1,0]
587 [0,0,0,0,1,1][0,0,0,0,1,1][0,0,2,2,0,1][0,0,3,3,1,0][1,1,2,3,2,3][1,1,3,2,2,3]
588 [0,0,0,0,1,1][0,0,0,0,1,1][0,0,2,2,0,1][0,0,3,3,1,0][1,1,2,3,3,2][1,1,3,2,3,2]
600 [0,0,0,0,1,1][0,0,0,0,1,1][0,0,2,2,0,1][1,1,3,3,0,1][2,2,2,2,1,1][2,2,3,3,1,1]
601 [0,0,0,0,1,1][0,0,0,0,1,1][0,0,2,2,0,1][1,1,3,3,0,1][3,3,2,2,1,1][3,3,3,3,1,1]
617 [0,0,0,0,1,1][0,0,0,0,1,1][0,0,2,2,2,2][0,0,2,2,3,3][0,1,0,0,2,2][0,1,1,1,3,3]
618 [0,0,0,0,1,1][0,0,0,0,1,1][0,0,2,2,2,2][0,0,2,2,3,3][0,1,0,0,3,3][0,1,1,1,2,2]
628 [0,0,0,0,1,1][0,0,0,0,1,1][0,0,2,2,2,2][0,0,3,3,2,2][0,1,2,2,0,0][0,1,3,3,1,1]
629 [0,0,0,0,1,1][0,0,0,0,1,1][0,0,2,2,2,2][0,0,3,3,2,2][0,1,2,2,1,1][0,1,3,3,0,0]
663 [0,0,0,0,1,1][0,0,0,0,1,1][0,0,2,2,3,3][0,0,3,3,3,3][0,1,2,2,0,0][0,1,3,3,1,1]
664 [0,0,0,0,1,1][0,0,0,0,1,1][0,0,2,2,3,3][0,0,3,3,3,3][0,1,2,2,1,1][0,1,3,3,0,0]
693 [0,0,0,0,1,1][0,0,0,0,1,1][0,0,2,3,2,3][0,0,2,3,3,2][1,1,0,1,2,2][1,1,1,0,3,3]
694 [0,0,0,0,1,1][0,0,0,0,1,1][0,0,2,3,2,3][0,0,2,3,3,2][1,1,0,1,3,3][1,1,1,0,2,2]
699 [0,0,0,0,1,1][0,0,0,0,1,1][0,0,2,3,2,3][0,0,3,2,2,3][1,1,2,2,0,1][1,1,3,3,1,0]
700 [0,0,0,0,1,1][0,0,0,0,1,1][0,0,2,3,2,3][0,0,3,2,2,3][1,1,2,2,1,0][1,1,3,3,0,1]
737 [0,0,0,0,1,1][0,0,0,0,1,1][0,0,3,3,0,1][1,1,2,2,0,1][2,2,2,2,1,1][2,2,3,3,1,1]
738 [0,0,0,0,1,1][0,0,0,0,1,1][0,0,3,3,0,1][1,1,2,2,0,1][3,3,2,2,1,1][3,3,3,3,1,1]
751 [0,0,0,0,1,1][0,0,0,0,1,1][0,0,3,3,2,2][0,0,3,3,3,3][0,1,0,0,2,2][0,1,1,1,3,3]
752 [0,0,0,0,1,1][0,0,0,0,1,1][0,0,3,3,2,2][0,0,3,3,3,3][0,1,0,0,3,3][0,1,1,1,2,2]
794 [0,0,0,0,1,1][0,0,0,0,1,1][0,1,1,1,2,2][1,0,1,1,3,3][2,3,1,1,2,3][2,3,1,1,3,2]
798 [0,0,0,0,1,1][0,0,0,0,1,1][0,1,1,1,3,3][1,0,1,1,2,2][2,3,1,1,2,3][2,3,1,1,3,2]
811 [0,0,0,0,1,1][0,0,0,0,1,1][0,1,2,2,0,0][0,1,3,3,1,1][1,1,2,2,2,2][1,1,3,3,2,2]
812 [0,0,0,0,1,1][0,0,0,0,1,1][0,1,2,2,0,0][0,1,3,3,1,1][1,1,2,2,3,3][1,1,3,3,3,3]
814 [0,0,0,0,1,1][0,0,0,0,1,1][0,1,2,2,0,0][1,0,3,3,0,0][2,3,2,3,1,1][2,3,3,2,1,1]
826 [0,0,0,0,1,1][0,0,0,0,1,1][0,1,2,2,1,1][0,1,3,3,0,0][1,1,2,2,2,2][1,1,3,3,2,2]
827 [0,0,0,0,1,1][0,0,0,0,1,1][0,1,2,2,1,1][0,1,3,3,0,0][1,1,2,2,3,3][1,1,3,3,3,3]
831 [0,0,0,0,1,1][0,0,0,0,1,1][0,1,2,2,1,1][1,0,3,3,1,1][2,3,2,3,0,0][2,3,3,2,0,0]
832 [0,0,0,0,1,1][0,0,0,0,1,1][0,1,2,2,1,1][1,0,3,3,1,1][2,3,2,3,1,1][2,3,3,2,1,1]
837 [0,0,0,0,1,1][0,0,0,0,1,1][0,1,3,3,0,0][1,0,2,2,0,0][2,3,2,3,1,1][2,3,3,2,1,1]
846 [0,0,0,0,1,1][0,0,0,0,1,1][0,1,3,3,1,1][1,0,2,2,1,1][2,3,2,3,0,0][2,3,3,2,0,0]
847 [0,0,0,0,1,1][0,0,0,0,1,1][0,1,3,3,1,1][1,0,2,2,1,1][2,3,2,3,1,1][2,3,3,2,1,1]
854 [0,0,0,0,1,1][0,0,0,0,1,1][1,1,2,2,0,1][1,1,2,3,2,3][1,1,3,2,2,3][1,1,3,3,1,0]
855 [0,0,0,0,1,1][0,0,0,0,1,1][1,1,2,2,0,1][1,1,2,3,3,2][1,1,3,2,3,2][1,1,3,3,1,0]
950 [0,0,0,0,1,1][0,0,0,1,2,2][0,0,0,1,2,2][0,0,1,1,1,1][0,0,2,3,2,3][0,0,2,3,2,3]
951 [0,0,0,0,1,1][0,0,0,1,2,2][0,0,0,1,2,2][0,0,1,1,1,1][0,0,3,2,2,3][0,0,3,2,2,3]
955 [0,0,0,0,1,1][0,0,0,1,2,2][0,0,0,1,2,2][0,0,1,1,1,1][1,1,2,3,2,3][1,1,2,3,2,3]
956 [0,0,0,0,1,1][0,0,0,1,2,2][0,0,0,1,2,2][0,0,1,1,1,1][1,1,3,2,2,3][1,1,3,2,2,3]
965 [0,0,0,0,1,1][0,0,0,1,2,2][0,0,0,1,2,2][0,1,1,0,1,1][1,2,2,1,2,2][1,2,2,1,2,2]
966 [0,0,0,0,1,1][0,0,0,1,2,2][0,0,0,1,2,2][0,1,1,0,1,1][1,2,2,1,3,3][1,2,2,1,3,3]
967 [0,0,0,0,1,1][0,0,0,1,2,2][0,0,0,1,2,2][0,1,1,0,1,1][1,3,3,1,2,2][1,3,3,1,2,2]
968 [0,0,0,0,1,1][0,0,0,1,2,2][0,0,0,1,2,2][0,1,1,0,1,1][1,3,3,1,3,3][1,3,3,1,3,3]
977 [0,0,0,0,1,1][0,0,0,1,3,3][0,0,0,1,3,3][0,0,1,1,1,1][0,0,2,3,2,3][0,0,2,3,2,3]
978 [0,0,0,0,1,1][0,0,0,1,3,3][0,0,0,1,3,3][0,0,1,1,1,1][0,0,3,2,2,3][0,0,3,2,2,3]
982 [0,0,0,0,1,1][0,0,0,1,3,3][0,0,0,1,3,3][0,0,1,1,1,1][1,1,2,3,2,3][1,1,2,3,2,3]
983 [0,0,0,0,1,1][0,0,0,1,3,3][0,0,0,1,3,3][0,0,1,1,1,1][1,1,3,2,2,3][1,1,3,2,2,3]
994 [0,0,0,0,1,1][0,0,0,1,3,3][0,0,0,1,3,3][0,1,1,0,1,1][1,2,2,1,2,2][1,2,2,1,2,2]
995 [0,0,0,0,1,1][0,0,0,1,3,3][0,0,0,1,3,3][0,1,1,0,1,1][1,2,2,1,3,3][1,2,2,1,3,3]
996 [0,0,0,0,1,1][0,0,0,1,3,3][0,0,0,1,3,3][0,1,1,0,1,1][1,3,3,1,2,2][1,3,3,1,2,2]
997 [0,0,0,0,1,1][0,0,0,1,3,3][0,0,0,1,3,3][0,1,1,0,1,1][1,3,3,1,3,3][1,3,3,1,3,3]
1088 [0,0,0,0,1,1][0,0,1,1,1,1][0,0,2,2,2,2][0,0,2,2,2,2][0,1,0,0,2,2][0,1,0,0,2,2]
1089 [0,0,0,0,1,1][0,0,1,1,1,1][0,0,2,2,2,2][0,0,2,2,2,2][0,1,0,0,3,3][0,1,0,0,3,3]
1090 [0,0,0,0,1,1][0,0,1,1,1,1][0,0,2,2,2,2][0,0,2,2,2,2][0,1,1,1,2,2][0,1,1,1,2,2]
1091 [0,0,0,0,1,1][0,0,1,1,1,1][0,0,2,2,2,2][0,0,2,2,2,2][0,1,1,1,3,3][0,1,1,1,3,3]
1095 [0,0,0,0,1,1][0,0,1,1,1,1][0,0,2,2,3,3][0,0,2,2,3,3][0,1,0,0,2,2][0,1,0,0,2,2]
1096 [0,0,0,0,1,1][0,0,1,1,1,1][0,0,2,2,3,3][0,0,2,2,3,3][0,1,0,0,3,3][0,1,0,0,3,3]
1097 [0,0,0,0,1,1][0,0,1,1,1,1][0,0,2,2,3,3][0,0,2,2,3,3][0,1,1,1,2,2][0,1,1,1,2,2]
1098 [0,0,0,0,1,1][0,0,1,1,1,1][0,0,2,2,3,3][0,0,2,2,3,3][0,1,1,1,3,3][0,1,1,1,3,3]
1104 [0,0,0,0,1,1][0,0,1,1,1,1][0,0,2,3,2,3][0,0,2,3,2,3][1,1,0,1,2,2][1,1,0,1,2,2]
1105 [0,0,0,0,1,1][0,0,1,1,1,1][0,0,2,3,2,3][0,0,2,3,2,3][1,1,0,1,3,3][1,1,0,1,3,3]
1107 [0,0,0,0,1,1][0,0,1,1,1,1][0,0,2,3,2,3][0,0,2,3,2,3][1,1,1,0,2,2][1,1,1,0,2,2]
1108 [0,0,0,0,1,1][0,0,1,1,1,1][0,0,2,3,2,3][0,0,2,3,2,3][1,1,1,0,3,3][1,1,1,0,3,3]
1110 [0,0,0,0,1,1][0,0,1,1,1,1][0,0,3,3,2,2][0,0,3,3,2,2][0,1,0,0,2,2][0,1,0,0,2,2]
1111 [0,0,0,0,1,1][0,0,1,1,1,1][0,0,3,3,2,2][0,0,3,3,2,2][0,1,0,0,3,3][0,1,0,0,3,3]
1112 [0,0,0,0,1,1][0,0,1,1,1,1][0,0,3,3,2,2][0,0,3,3,2,2][0,1,1,1,2,2][0,1,1,1,2,2]
1113 [0,0,0,0,1,1][0,0,1,1,1,1][0,0,3,3,2,2][0,0,3,3,2,2][0,1,1,1,3,3][0,1,1,1,3,3]
1117 [0,0,0,0,1,1][0,0,1,1,1,1][0,0,3,3,3,3][0,0,3,3,3,3][0,1,0,0,2,2][0,1,0,0,2,2]
1118 [0,0,0,0,1,1][0,0,1,1,1,1][0,0,3,3,3,3][0,0,3,3,3,3][0,1,0,0,3,3][0,1,0,0,3,3]
1119 [0,0,0,0,1,1][0,0,1,1,1,1][0,0,3,3,3,3][0,0,3,3,3,3][0,1,1,1,2,2][0,1,1,1,2,2]
1120 [0,0,0,0,1,1][0,0,1,1,1,1][0,0,3,3,3,3][0,0,3,3,3,3][0,1,1,1,3,3][0,1,1,1,3,3]
1151 [0,0,0,0,1,1][0,0,1,1,1,1][0,1,1,1,2,2][0,1,1,1,2,2][1,1,2,2,2,2][1,1,2,2,2,2]
1152 [0,0,0,0,1,1][0,0,1,1,1,1][0,1,1,1,2,2][0,1,1,1,2,2][1,1,2,2,3,3][1,1,2,2,3,3]
1153 [0,0,0,0,1,1][0,0,1,1,1,1][0,1,1,1,2,2][0,1,1,1,2,2][1,1,3,3,2,2][1,1,3,3,2,2]
1154 [0,0,0,0,1,1][0,0,1,1,1,1][0,1,1,1,2,2][0,1,1,1,2,2][1,1,3,3,3,3][1,1,3,3,3,3]
1157 [0,0,0,0,1,1][0,0,1,1,1,1][0,1,1,1,3,3][0,1,1,1,3,3][1,1,2,2,2,2][1,1,2,2,2,2]
1158 [0,0,0,0,1,1][0,0,1,1,1,1][0,1,1,1,3,3][0,1,1,1,3,3][1,1,2,2,3,3][1,1,2,2,3,3]
1159 [0,0,0,0,1,1][0,0,1,1,1,1][0,1,1,1,3,3][0,1,1,1,3,3][1,1,3,3,2,2][1,1,3,3,2,2]
1160 [0,0,0,0,1,1][0,0,1,1,1,1][0,1,1,1,3,3][0,1,1,1,3,3][1,1,3,3,3,3][1,1,3,3,3,3]
1253 [0,0,0,0,1,1][0,1,1,1,2,2][0,1,1,1,2,2][1,0,0,1,1,1][2,1,1,3,2,3][2,1,1,3,2,3]
1254 [0,0,0,0,1,1][0,1,1,1,2,2][0,1,1,1,2,2][1,0,0,1,1,1][3,1,1,2,2,3][3,1,1,2,2,3]
1257 [0,0,0,0,1,1][0,1,1,1,3,3][0,1,1,1,3,3][1,0,0,1,1,1][2,1,1,3,2,3][2,1,1,3,2,3]
1258 [0,0,0,0,1,1][0,1,1,1,3,3][0,1,1,1,3,3][1,0,0,1,1,1][3,1,1,2,2,3][3,1,1,2,2,3]
1259 [0,0,0,0,1,1][0,1,2,2,1,1][0,1,2,2,1,1][1,1,0,0,1,1][2,3,2,3,0,0][2,3,2,3,0,0]
1260 [0,0,0,0,1,1][0,1,2,2,1,1][0,1,2,2,1,1][1,1,0,0,1,1][2,3,2,3,1,1][2,3,2,3,1,1]
1261 [0,0,0,0,1,1][0,1,2,2,1,1][0,1,2,2,1,1][1,1,0,0,1,1][3,2,2,3,0,0][3,2,2,3,0,0]
1262 [0,0,0,0,1,1][0,1,2,2,1,1][0,1,2,2,1,1][1,1,0,0,1,1][3,2,2,3,1,1][3,2,2,3,1,1]
1264 [0,0,0,0,1,1][0,1,3,3,1,1][0,1,3,3,1,1][1,1,0,0,1,1][2,3,2,3,0,0][2,3,2,3,0,0]
1265 [0,0,0,0,1,1][0,1,3,3,1,1][0,1,3,3,1,1][1,1,0,0,1,1][2,3,2,3,1,1][2,3,2,3,1,1]
1266 [0,0,0,0,1,1][0,1,3,3,1,1][0,1,3,3,1,1][1,1,0,0,1,1][3,2,2,3,0,0][3,2,2,3,0,0]
1267 [0,0,0,0,1,1][0,1,3,3,1,1][0,1,3,3,1,1][1,1,0,0,1,1][3,2,2,3,1,1][3,2,2,3,1,1]
1344 [0,0,0,1,2,2][0,0,0,1,2,2][0,0,1,1,0,0][1,1,1,1,0,0][2,2,1,1,2,2][2,2,1,1,2,2]
1345 [0,0,0,1,2,2][0,0,0,1,2,2][0,0,1,1,0,0][1,1,1,1,0,0][2,2,1,1,3,3][2,2,1,1,3,3]
1346 [0,0,0,1,2,2][0,0,0,1,2,2][0,0,1,1,0,0][1,1,1,1,0,0][3,3,1,1,2,2][3,3,1,1,2,2]
1347 [0,0,0,1,2,2][0,0,0,1,2,2][0,0,1,1,0,0][1,1,1,1,0,0][3,3,1,1,3,3][3,3,1,1,3,3]
1368 [0,0,0,1,2,2][0,0,0,1,2,2][0,0,1,1,1,1][1,1,1,1,1,1][2,2,1,1,2,2][2,2,1,1,2,2]
1369 [0,0,0,1,2,2][0,0,0,1,2,2][0,0,1,1,1,1][1,1,1,1,1,1][2,2,1,1,3,3][2,2,1,1,3,3]
1370 [0,0,0,1,2,2][0,0,0,1,2,2][0,0,1,1,1,1][1,1,1,1,1,1][3,3,1,1,2,2][3,3,1,1,2,2]
1371 [0,0,0,1,2,2][0,0,0,1,2,2][0,0,1,1,1,1][1,1,1,1,1,1][3,3,1,1,3,3][3,3,1,1,3,3]
1380 [0,0,0,1,2,2][0,0,0,1,2,2][0,0,2,3,2,3][0,0,2,3,2,3][1,1,0,0,0,0][1,1,1,1,0,0]
1381 [0,0,0,1,2,2][0,0,0,1,2,2][0,0,2,3,2,3][0,0,2,3,2,3][1,1,0,0,1,1][1,1,1,1,1,1]
1386 [0,0,0,1,2,2][0,0,0,1,2,2][0,0,3,2,2,3][0,0,3,2,2,3][1,1,0,0,0,0][1,1,1,1,0,0]
1387 [0,0,0,1,2,2][0,0,0,1,2,2][0,0,3,2,2,3][0,0,3,2,2,3][1,1,0,0,1,1][1,1,1,1,1,1]
1400 [0,0,0,1,2,2][0,0,0,1,2,2][0,1,1,0,0,0][1,1,1,1,0,0][2,1,1,3,2,3][2,1,1,3,2,3]
1401 [0,0,0,1,2,2][0,0,0,1,2,2][0,1,1,0,0,0][1,1,1,1,0,0][3,1,1,2,2,3][3,1,1,2,2,3]
1409 [0,0,0,1,2,2][0,0,0,1,2,2][0,1,1,0,1,1][1,1,1,1,1,1][2,1,1,3,2,3][2,1,1,3,2,3]
1410 [0,0,0,1,2,2][0,0,0,1,2,2][0,1,1,0,1,1][1,1,1,1,1,1][3,1,1,2,2,3][3,1,1,2,2,3]
1514 [0,0,0,1,2,2][0,0,1,0,3,3][0,0,1,1,1,1][0,0,1,1,1,1][0,0,2,3,2,3][0,0,2,3,3,2]
1519 [0,0,0,1,2,2][0,0,1,0,3,3][0,0,1,1,1,1][0,0,1,1,1,1][1,1,2,3,2,3][1,1,2,3,3,2]
1520 [0,0,0,1,2,2][0,0,1,0,3,3][0,0,2,3,2,3][0,0,2,3,3,2][1,1,0,0,0,0][1,1,0,0,0,0]
1521 [0,0,0,1,2,2][0,0,1,0,3,3][0,0,2,3,2,3][0,0,2,3,3,2][1,1,0,0,1,1][1,1,0,0,1,1]
1522 [0,0,0,1,2,2][0,0,1,0,3,3][0,0,2,3,2,3][0,0,2,3,3,2][1,1,1,1,0,0][1,1,1,1,0,0]
1523 [0,0,0,1,2,2][0,0,1,0,3,3][0,0,2,3,2,3][0,0,2,3,3,2][1,1,1,1,1,1][1,1,1,1,1,1]
1530 [0,0,0,1,2,2][0,0,1,0,3,3][1,1,1,1,0,0][1,1,1,1,0,0][1,1,2,3,2,3][1,1,2,3,3,2]
1531 [0,0,0,1,2,2][0,0,1,0,3,3][1,1,1,1,1,1][1,1,1,1,1,1][1,1,2,3,2,3][1,1,2,3,3,2]
1544 [0,0,0,1,2,2][0,0,1,1,1,1][0,0,1,1,1,1][1,1,0,1,3,3][2,2,1,1,2,2][2,2,1,1,3,3]
1545 [0,0,0,1,2,2][0,0,1,1,1,1][0,0,1,1,1,1][1,1,0,1,3,3][3,3,1,1,2,2][3,3,1,1,3,3]
1554 [0,0,0,1,2,2][0,1,1,1,3,3][1,1,1,1,0,0][1,1,1,1,0,0][1,2,2,1,2,2][1,2,2,1,3,3]
1555 [0,0,0,1,2,2][0,1,1,1,3,3][1,1,1,1,0,0][1,1,1,1,0,0][1,3,3,1,2,2][1,3,3,1,3,3]
1556 [0,0,0,1,2,2][0,1,1,1,3,3][1,1,1,1,1,1][1,1,1,1,1,1][1,2,2,1,2,2][1,2,2,1,3,3]
1557 [0,0,0,1,2,2][0,1,1,1,3,3][1,1,1,1,1,1][1,1,1,1,1,1][1,3,3,1,2,2][1,3,3,1,3,3]
1601 [0,0,0,1,3,3][0,0,0,1,3,3][0,0,1,1,0,0][1,1,1,1,0,0][2,2,1,1,2,2][2,2,1,1,2,2]
1602 [0,0,0,1,3,3][0,0,0,1,3,3][0,0,1,1,0,0][1,1,1,1,0,0][2,2,1,1,3,3][2,2,1,1,3,3]
1603 [0,0,0,1,3,3][0,0,0,1,3,3][0,0,1,1,0,0][1,1,1,1,0,0][3,3,1,1,2,2][3,3,1,1,2,2]
1604 [0,0,0,1,3,3][0,0,0,1,3,3][0,0,1,1,0,0][1,1,1,1,0,0][3,3,1,1,3,3][3,3,1,1,3,3]
1627 [0,0,0,1,3,3][0,0,0,1,3,3][0,0,1,1,1,1][1,1,1,1,1,1][2,2,1,1,2,2][2,2,1,1,2,2]
1628 [0,0,0,1,3,3][0,0,0,1,3,3][0,0,1,1,1,1][1,1,1,1,1,1][2,2,1,1,3,3][2,2,1,1,3,3]
1629 [0,0,0,1,3,3][0,0,0,1,3,3][0,0,1,1,1,1][1,1,1,1,1,1][3,3,1,1,2,2][3,3,1,1,2,2]
1630 [0,0,0,1,3,3][0,0,0,1,3,3][0,0,1,1,1,1][1,1,1,1,1,1][3,3,1,1,3,3][3,3,1,1,3,3]
1643 [0,0,0,1,3,3][0,0,0,1,3,3][0,0,2,3,2,3][0,0,2,3,2,3][1,1,0,0,0,0][1,1,1,1,0,0]
1644 [0,0,0,1,3,3][0,0,0,1,3,3][0,0,2,3,2,3][0,0,2,3,2,3][1,1,0,0,1,1][1,1,1,1,1,1]
1650 [0,0,0,1,3,3][0,0,0,1,3,3][0,0,3,2,2,3][0,0,3,2,2,3][1,1,0,0,0,0][1,1,1,1,0,0]
1651 [0,0,0,1,3,3][0,0,0,1,3,3][0,0,3,2,2,3][0,0,3,2,2,3][1,1,0,0,1,1][1,1,1,1,1,1]
1669 [0,0,0,1,3,3][0,0,0,1,3,3][0,1,1,0,0,0][1,1,1,1,0,0][2,1,1,3,2,3][2,1,1,3,2,3]
1670 [0,0,0,1,3,3][0,0,0,1,3,3][0,1,1,0,0,0][1,1,1,1,0,0][3,1,1,2,2,3][3,1,1,2,2,3]
1680 [0,0,0,1,3,3][0,0,0,1,3,3][0,1,1,0,1,1][1,1,1,1,1,1][2,1,1,3,2,3][2,1,1,3,2,3]
1681 [0,0,0,1,3,3][0,0,0,1,3,3][0,1,1,0,1,1][1,1,1,1,1,1][3,1,1,2,2,3][3,1,1,2,2,3]
1737 [0,0,0,1,3,3][0,0,1,0,2,2][0,0,1,1,1,1][0,0,1,1,1,1][0,0,2,3,2,3][0,0,2,3,3,2]
1738 [0,0,0,1,3,3][0,0,1,0,2,2][0,0,1,1,1,1][0,0,1,1,1,1][1,1,2,3,2,3][1,1,2,3,3,2]
1739 [0,0,0,1,3,3][0,0,1,0,2,2][0,0,2,3,2,3][0,0,2,3,3,2][1,1,0,0,0,0][1,1,0,0,0,0]
1740 [0,0,0,1,3,3][0,0,1,0,2,2][0,0,2,3,2,3][0,0,2,3,3,2][1,1,0,0,1,1][1,1,0,0,1,1]
1741 [0,0,0,1,3,3][0,0,1,0,2,2][0,0,2,3,2,3][0,0,2,3,3,2][1,1,1,1,0,0][1,1,1,1,0,0]
1742 [0,0,0,1,3,3][0,0,1,0,2,2][0,0,2,3,2,3][0,0,2,3,3,2][1,1,1,1,1,1][1,1,1,1,1,1]
1743 [0,0,0,1,3,3][0,0,1,0,2,2][1,1,1,1,0,0][1,1,1,1,0,0][1,1,2,3,2,3][1,1,2,3,3,2]
1744 [0,0,0,1,3,3][0,0,1,0,2,2][1,1,1,1,1,1][1,1,1,1,1,1][1,1,2,3,2,3][1,1,2,3,3,2]
1778 [0,0,0,1,3,3][0,0,1,1,1,1][0,0,1,1,1,1][1,1,0,1,2,2][2,2,1,1,2,2][2,2,1,1,3,3]
1779 [0,0,0,1,3,3][0,0,1,1,1,1][0,0,1,1,1,1][1,1,0,1,2,2][3,3,1,1,2,2][3,3,1,1,3,3]
1784 [0,0,0,1,3,3][0,1,1,1,2,2][1,1,1,1,0,0][1,1,1,1,0,0][1,2,2,1,2,2][1,2,2,1,3,3]
1785 [0,0,0,1,3,3][0,1,1,1,2,2][1,1,1,1,0,0][1,1,1,1,0,0][1,3,3,1,2,2][1,3,3,1,3,3]
1786 [0,0,0,1,3,3][0,1,1,1,2,2][1,1,1,1,1,1][1,1,1,1,1,1][1,2,2,1,2,2][1,2,2,1,3,3]
1787 [0,0,0,1,3,3][0,1,1,1,2,2][1,1,1,1,1,1][1,1,1,1,1,1][1,3,3,1,2,2][1,3,3,1,3,3]
1823 [0,0,1,1,1,1][0,0,1,1,1,1][0,0,2,2,2,2][0,0,2,2,3,3][0,1,0,0,2,2][0,1,1,1,3,3]
1824 [0,0,1,1,1,1][0,0,1,1,1,1][0,0,2,2,2,2][0,0,2,2,3,3][0,1,0,0,3,3][0,1,1,1,2,2]
1848 [0,0,1,1,1,1][0,0,1,1,1,1][0,0,2,2,3,3][0,0,2,3,2,3][1,1,0,2,2,1][1,1,1,3,3,0]
1849 [0,0,1,1,1,1][0,0,1,1,1,1][0,0,2,2,3,3][0,0,2,3,2,3][1,1,0,3,3,1][1,1,1,2,2,0]
1857 [0,0,1,1,1,1][0,0,1,1,1,1][0,0,2,2,3,3][0,0,3,3,3,3][0,1,2,2,0,0][0,1,3,3,1,1]
1858 [0,0,1,1,1,1][0,0,1,1,1,1][0,0,2,2,3,3][0,0,3,3,3,3][0,1,2,2,1,1][0,1,3,3,0,0]
1902 [0,0,1,1,1,1][0,0,1,1,1,1][0,1,0,0,2,2][0,1,1,1,3,3][1,1,2,2,2,2][1,1,2,2,3,3]
1903 [0,0,1,1,1,1][0,0,1,1,1,1][0,1,0,0,2,2][0,1,1,1,3,3][1,1,3,3,2,2][1,1,3,3,3,3]
1906 [0,0,1,1,1,1][0,0,1,1,1,1][0,1,0,0,2,2][1,0,0,0,3,3][2,3,1,1,2,3][2,3,1,1,3,2]
1911 [0,0,1,1,1,1][0,0,1,1,1,1][0,1,0,0,3,3][0,1,1,1,2,2][1,1,2,2,2,2][1,1,2,2,3,3]
1912 [0,0,1,1,1,1][0,0,1,1,1,1][0,1,0,0,3,3][0,1,1,1,2,2][1,1,3,3,2,2][1,1,3,3,3,3]
1920 [0,0,1,1,1,1][0,0,1,1,1,1][0,1,0,0,3,3][1,0,0,0,2,2][2,3,1,1,2,3][2,3,1,1,3,2]
1949 [0,0,1,1,1,1][0,0,1,1,1,1][0,1,1,1,2,2][1,0,1,1,3,3][2,3,0,0,2,3][2,3,0,0,3,2]
1950 [0,0,1,1,1,1][0,0,1,1,1,1][0,1,1,1,2,2][1,0,1,1,3,3][2,3,1,1,2,3][2,3,1,1,3,2]
1957 [0,0,1,1,1,1][0,0,1,1,1,1][0,1,1,1,3,3][1,0,1,1,2,2][2,3,0,0,2,3][2,3,0,0,3,2]
1958 [0,0,1,1,1,1][0,0,1,1,1,1][0,1,1,1,3,3][1,0,1,1,2,2][2,3,1,1,2,3][2,3,1,1,3,2]
1975 [0,0,1,1,1,1][0,0,1,1,1,1][1,1,0,1,2,2][1,1,1,0,3,3][1,1,2,3,2,3][1,1,2,3,3,2]
1978 [0,0,1,1,1,1][0,0,1,1,1,1][1,1,0,1,3,3][1,1,1,0,2,2][1,1,2,3,2,3][1,1,2,3,3,2]
2000 [0,0,1,1,1,1][0,0,1,1,1,1][2,2,0,1,1,1][2,3,2,1,1,3][3,2,2,1,1,3][3,3,1,1,1,0]
2001 [0,0,1,1,1,1][0,0,1,1,1,1][2,2,0,1,1,1][2,3,3,1,1,2][3,2,3,1,1,2][3,3,1,1,1,0]
2080 [0,0,1,1,1,1][0,1,1,1,2,2][0,1,1,1,2,2][1,1,1,1,1,1][2,3,0,0,2,3][2,3,0,0,2,3]
2081 [0,0,1,1,1,1][0,1,1,1,2,2][0,1,1,1,2,2][1,1,1,1,1,1][2,3,1,1,2,3][2,3,1,1,2,3]
2082 [0,0,1,1,1,1][0,1,1,1,2,2][0,1,1,1,2,2][1,1,1,1,1,1][3,2,0,0,2,3][3,2,0,0,2,3]
2083 [0,0,1,1,1,1][0,1,1,1,2,2][0,1,1,1,2,2][1,1,1,1,1,1][3,2,1,1,2,3][3,2,1,1,2,3]
2087 [0,0,1,1,1,1][0,1,1,1,3,3][0,1,1,1,3,3][1,1,1,1,1,1][2,3,0,0,2,3][2,3,0,0,2,3]
2088 [0,0,1,1,1,1][0,1,1,1,3,3][0,1,1,1,3,3][1,1,1,1,1,1][2,3,1,1,2,3][2,3,1,1,2,3]
2089 [0,0,1,1,1,1][0,1,1,1,3,3][0,1,1,1,3,3][1,1,1,1,1,1][3,2,0,0,2,3][3,2,0,0,2,3]
2090 [0,0,1,1,1,1][0,1,1,1,3,3][0,1,1,1,3,3][1,1,1,1,1,1][3,2,1,1,2,3][3,2,1,1,2,3]
2124 [0,0,2,2,2,2][0,0,2,2,2,2][0,1,0,0,2,2][0,1,0,0,2,2][1,1,0,0,0,0][1,1,1,1,0,0]
2125 [0,0,2,2,2,2][0,0,2,2,2,2][0,1,0,0,2,2][0,1,0,0,2,2][1,1,0,0,1,1][1,1,1,1,1,1]
2134 [0,0,2,2,2,2][0,0,2,2,2,2][0,1,0,0,3,3][0,1,0,0,3,3][1,1,0,0,0,0][1,1,1,1,0,0]
2135 [0,0,2,2,2,2][0,0,2,2,2,2][0,1,0,0,3,3][0,1,0,0,3,3][1,1,0,0,1,1][1,1,1,1,1,1]
2138 [0,0,2,2,2,2][0,0,2,2,2,2][0,1,1,1,2,2][0,1,1,1,2,2][1,1,0,0,0,0][1,1,1,1,0,0]
2139 [0,0,2,2,2,2][0,0,2,2,2,2][0,1,1,1,2,2][0,1,1,1,2,2][1,1,0,0,1,1][1,1,1,1,1,1]
2144 [0,0,2,2,2,2][0,0,2,2,2,2][0,1,1,1,3,3][0,1,1,1,3,3][1,1,0,0,0,0][1,1,1,1,0,0]
2145 [0,0,2,2,2,2][0,0,2,2,2,2][0,1,1,1,3,3][0,1,1,1,3,3][1,1,0,0,1,1][1,1,1,1,1,1]
2189 [0,0,2,2,2,2][0,0,2,2,3,3][0,1,0,0,2,2][0,1,1,1,3,3][1,1,0,0,0,0][1,1,0,0,0,0]
2190 [0,0,2,2,2,2][0,0,2,2,3,3][0,1,0,0,2,2][0,1,1,1,3,3][1,1,0,0,1,1][1,1,0,0,1,1]
2191 [0,0,2,2,2,2][0,0,2,2,3,3][0,1,0,0,2,2][0,1,1,1,3,3][1,1,1,1,0,0][1,1,1,1,0,0]
2192 [0,0,2,2,2,2][0,0,2,2,3,3][0,1,0,0,2,2][0,1,1,1,3,3][1,1,1,1,1,1][1,1,1,1,1,1]
2193 [0,0,2,2,2,2][0,0,2,2,3,3][0,1,0,0,3,3][0,1,1,1,2,2][1,1,0,0,0,0][1,1,0,0,0,0]
2194 [0,0,2,2,2,2][0,0,2,2,3,3][0,1,0,0,3,3][0,1,1,1,2,2][1,1,0,0,1,1][1,1,0,0,1,1]
2195 [0,0,2,2,2,2][0,0,2,2,3,3][0,1,0,0,3,3][0,1,1,1,2,2][1,1,1,1,0,0][1,1,1,1,0,0]
2196 [0,0,2,2,2,2][0,0,2,2,3,3][0,1,0,0,3,3][0,1,1,1,2,2][1,1,1,1,1,1][1,1,1,1,1,1]
2265 [0,0,2,2,3,3][0,0,2,2,3,3][0,1,0,0,2,2][0,1,0,0,2,2][1,1,0,0,0,0][1,1,1,1,0,0]
2266 [0,0,2,2,3,3][0,0,2,2,3,3][0,1,0,0,2,2][0,1,0,0,2,2][1,1,0,0,1,1][1,1,1,1,1,1]
2275 [0,0,2,2,3,3][0,0,2,2,3,3][0,1,0,0,3,3][0,1,0,0,3,3][1,1,0,0,0,0][1,1,1,1,0,0]
2276 [0,0,2,2,3,3][0,0,2,2,3,3][0,1,0,0,3,3][0,1,0,0,3,3][1,1,0,0,1,1][1,1,1,1,1,1]
2285 [0,0,2,2,3,3][0,0,2,2,3,3][0,1,1,1,2,2][0,1,1,1,2,2][1,1,0,0,0,0][1,1,1,1,0,0]
2286 [0,0,2,2,3,3][0,0,2,2,3,3][0,1,1,1,2,2][0,1,1,1,2,2][1,1,0,0,1,1][1,1,1,1,1,1]
2295 [0,0,2,2,3,3][0,0,2,2,3,3][0,1,1,1,3,3][0,1,1,1,3,3][1,1,0,0,0,0][1,1,1,1,0,0]
2296 [0,0,2,2,3,3][0,0,2,2,3,3][0,1,1,1,3,3][0,1,1,1,3,3][1,1,0,0,1,1][1,1,1,1,1,1]
2297 [0,0,2,2,3,3][0,0,2,2,3,3][0,1,2,2,0,0][0,1,2,2,0,0][1,1,0,0,0,0][1,1,0,0,1,1]
2298 [0,0,2,2,3,3][0,0,2,2,3,3][0,1,2,2,0,0][0,1,2,2,0,0][1,1,1,1,0,0][1,1,1,1,1,1]
2299 [0,0,2,2,3,3][0,0,2,2,3,3][0,1,2,2,1,1][0,1,2,2,1,1][1,1,0,0,0,0][1,1,0,0,1,1]
2300 [0,0,2,2,3,3][0,0,2,2,3,3][0,1,2,2,1,1][0,1,2,2,1,1][1,1,1,1,0,0][1,1,1,1,1,1]
2301 [0,0,2,2,3,3][0,0,2,2,3,3][0,1,3,3,0,0][0,1,3,3,0,0][1,1,0,0,0,0][1,1,0,0,1,1]
2302 [0,0,2,2,3,3][0,0,2,2,3,3][0,1,3,3,0,0][0,1,3,3,0,0][1,1,1,1,0,0][1,1,1,1,1,1]
2303 [0,0,2,2,3,3][0,0,2,2,3,3][0,1,3,3,1,1][0,1,3,3,1,1][1,1,0,0,0,0][1,1,0,0,1,1]
2304 [0,0,2,2,3,3][0,0,2,2,3,3][0,1,3,3,1,1][0,1,3,3,1,1][1,1,1,1,0,0][1,1,1,1,1,1]
2422 [0,0,2,2,3,3][0,0,2,3,2,3][1,1,0,2,2,1][1,1,1,0,0,1][1,1,1,0,0,1][1,1,1,3,3,0]
2423 [0,0,2,2,3,3][0,0,2,3,2,3][1,1,0,2,2,1][1,1,1,1,1,1][1,1,1,1,1,1][1,1,1,3,3,0]
2424 [0,0,2,2,3,3][0,0,2,3,2,3][1,1,0,3,3,1][1,1,1,0,0,1][1,1,1,0,0,1][1,1,1,2,2,0]
2425 [0,0,2,2,3,3][0,0,2,3,2,3][1,1,0,3,3,1][1,1,1,1,1,1][1,1,1,1,1,1][1,1,1,2,2,0]
2472 [0,0,2,2,3,3][0,0,3,3,3,3][0,1,2,2,0,0][0,1,3,3,1,1][1,1,0,0,0,0][1,1,0,0,0,0]
2473 [0,0,2,2,3,3][0,0,3,3,3,3][0,1,2,2,0,0][0,1,3,3,1,1][1,1,0,0,1,1][1,1,0,0,1,1]
2474 [0,0,2,2,3,3][0,0,3,3,3,3][0,1,2,2,0,0][0,1,3,3,1,1][1,1,1,1,0,0][1,1,1,1,0,0]
2475 [0,0,2,2,3,3][0,0,3,3,3,3][0,1,2,2,0,0][0,1,3,3,1,1][1,1,1,1,1,1][1,1,1,1,1,1]
2476 [0,0,2,2,3,3][0,0,3,3,3,3][0,1,2,2,1,1][0,1,3,3,0,0][1,1,0,0,0,0][1,1,0,0,0,0]
2477 [0,0,2,2,3,3][0,0,3,3,3,3][0,1,2,2,1,1][0,1,3,3,0,0][1,1,0,0,1,1][1,1,0,0,1,1]
2478 [0,0,2,2,3,3][0,0,3,3,3,3][0,1,2,2,1,1][0,1,3,3,0,0][1,1,1,1,0,0][1,1,1,1,0,0]
2479 [0,0,2,2,3,3][0,0,3,3,3,3][0,1,2,2,1,1][0,1,3,3,0,0][1,1,1,1,1,1][1,1,1,1,1,1]
2512 [0,0,3,3,3,3][0,0,3,3,3,3][0,1,0,0,2,2][0,1,0,0,2,2][1,1,0,0,0,0][1,1,1,1,0,0]
2513 [0,0,3,3,3,3][0,0,3,3,3,3][0,1,0,0,2,2][0,1,0,0,2,2][1,1,0,0,1,1][1,1,1,1,1,1]
2522 [0,0,3,3,3,3][0,0,3,3,3,3][0,1,0,0,3,3][0,1,0,0,3,3][1,1,0,0,0,0][1,1,1,1,0,0]
2523 [0,0,3,3,3,3][0,0,3,3,3,3][0,1,0,0,3,3][0,1,0,0,3,3][1,1,0,0,1,1][1,1,1,1,1,1]
2526 [0,0,3,3,3,3][0,0,3,3,3,3][0,1,1,1,2,2][0,1,1,1,2,2][1,1,0,0,0,0][1,1,1,1,0,0]
2527 [0,0,3,3,3,3][0,0,3,3,3,3][0,1,1,1,2,2][0,1,1,1,2,2][1,1,0,0,1,1][1,1,1,1,1,1]
2532 [0,0,3,3,3,3][0,0,3,3,3,3][0,1,1,1,3,3][0,1,1,1,3,3][1,1,0,0,0,0][1,1,1,1,0,0]
2533 [0,0,3,3,3,3][0,0,3,3,3,3][0,1,1,1,3,3][0,1,1,1,3,3][1,1,0,0,1,1][1,1,1,1,1,1]
2589 [0,1,1,1,2,2][0,1,1,1,2,2][1,0,0,1,0,0][1,1,1,1,0,0][1,2,2,1,2,2][1,2,2,1,2,2]
2590 [0,1,1,1,2,2][0,1,1,1,2,2][1,0,0,1,0,0][1,1,1,1,0,0][1,2,2,1,3,3][1,2,2,1,3,3]
2591 [0,1,1,1,2,2][0,1,1,1,2,2][1,0,0,1,0,0][1,1,1,1,0,0][1,3,3,1,2,2][1,3,3,1,2,2]
2592 [0,1,1,1,2,2][0,1,1,1,2,2][1,0,0,1,0,0][1,1,1,1,0,0][1,3,3,1,3,3][1,3,3,1,3,3]
2593 [0,1,1,1,2,2][0,1,1,1,2,2][1,0,0,1,1,1][1,1,1,1,1,1][1,2,2,1,2,2][1,2,2,1,2,2]
2594 [0,1,1,1,2,2][0,1,1,1,2,2][1,0,0,1,1,1][1,1,1,1,1,1][1,2,2,1,3,3][1,2,2,1,3,3]
2595 [0,1,1,1,2,2][0,1,1,1,2,2][1,0,0,1,1,1][1,1,1,1,1,1][1,3,3,1,2,2][1,3,3,1,2,2]
2596 [0,1,1,1,2,2][0,1,1,1,2,2][1,0,0,1,1,1][1,1,1,1,1,1][1,3,3,1,3,3][1,3,3,1,3,3]
2619 [0,1,1,1,2,2][1,0,1,1,3,3][1,1,1,1,1,1][1,1,1,1,1,1][2,3,1,1,2,3][2,3,1,1,3,2]
2635 [0,1,1,1,3,3][0,1,1,1,3,3][1,0,0,1,0,0][1,1,1,1,0,0][1,2,2,1,2,2][1,2,2,1,2,2]
2636 [0,1,1,1,3,3][0,1,1,1,3,3][1,0,0,1,0,0][1,1,1,1,0,0][1,2,2,1,3,3][1,2,2,1,3,3]
2637 [0,1,1,1,3,3][0,1,1,1,3,3][1,0,0,1,0,0][1,1,1,1,0,0][1,3,3,1,2,2][1,3,3,1,2,2]
2638 [0,1,1,1,3,3][0,1,1,1,3,3][1,0,0,1,0,0][1,1,1,1,0,0][1,3,3,1,3,3][1,3,3,1,3,3]
2639 [0,1,1,1,3,3][0,1,1,1,3,3][1,0,0,1,1,1][1,1,1,1,1,1][1,2,2,1,2,2][1,2,2,1,2,2]
2640 [0,1,1,1,3,3][0,1,1,1,3,3][1,0,0,1,1,1][1,1,1,1,1,1][1,2,2,1,3,3][1,2,2,1,3,3]
2641 [0,1,1,1,3,3][0,1,1,1,3,3][1,0,0,1,1,1][1,1,1,1,1,1][1,3,3,1,2,2][1,3,3,1,2,2]
2642 [0,1,1,1,3,3][0,1,1,1,3,3][1,0,0,1,1,1][1,1,1,1,1,1][1,3,3,1,3,3][1,3,3,1,3,3]
2664 [0,1,1,1,3,3][1,0,1,1,2,2][1,1,1,1,1,1][1,1,1,1,1,1][2,3,1,1,2,3][2,3,1,1,3,2]
