3 [0,0,0,0,0,0][0,0,0,0,0,0][0,0,0,0,0,0][0,0,1,1,1,1][0,0,2,2,2,2][0,0,2,2,2,2]
4 [0,0,0,0,0,0][0,0,0,0,0,0][0,0,0,0,0,0][0,0,1,1,1,1][0,0,2,2,3,3][0,0,2,2,3,3]
5 [0,0,0,0,0,0][0,0,0,0,0,0][0,0,0,0,0,0][0,0,1,1,1,1][1,1,2,2,2,2][1,1,2,2,2,2]
6 [0,0,0,0,0,0][0,0,0,0,0,0][0,0,0,0,0,0][0,0,1,1,1,1][1,1,2,2,3,3][1,1,2,2,3,3]
7 [0,0,0,0,0,0][0,0,0,0,0,0][0,0,0,0,1,1][0,0,1,1,0,0][0,0,2,2,2,2][0,0,2,2,2,2]
8 [0,0,0,0,0,0][0,0,0,0,0,0][0,0,0,0,1,1][0,0,1,1,0,0][0,0,2,2,3,3][0,0,2,2,3,3]
9 [0,0,0,0,0,0][0,0,0,0,0,0][0,0,0,0,1,1][0,0,1,1,0,0][0,0,2,3,2,3][0,0,2,3,2,3]
10 [0,0,0,0,0,0][0,0,0,0,0,0][0,0,0,0,1,1][0,0,1,1,0,0][1,1,2,2,2,2][1,1,2,2,2,2]
11 [0,0,0,0,0,0][0,0,0,0,0,0][0,0,0,0,1,1][0,0,1,1,0,0][1,1,2,2,3,3][1,1,2,2,3,3]
12 [0,0,0,0,0,0][0,0,0,0,0,0][0,0,0,0,1,1][0,0,1,1,0,0][1,1,2,3,2,3][1,1,2,3,2,3]
15 [0,0,0,0,0,0][0,0,0,0,0,0][0,0,0,0,1,1][1,1,1,1,1,1][2,2,2,2,1,1][2,2,2,2,1,1]
16 [0,0,0,0,0,0][0,0,0,0,0,0][0,0,0,0,1,1][1,1,1,1,1,1][2,2,3,3,1,1][2,2,3,3,1,1]
19 [0,0,0,0,0,0][0,0,0,0,0,0][0,0,0,1,2,2][0,0,0,1,2,2][0,1,1,1,2,2][0,1,1,1,2,2]
20 [0,0,0,0,0,0][0,0,0,0,0,0][0,0,0,1,2,2][0,0,0,1,2,2][0,1,1,1,3,3][0,1,1,1,3,3]
21 [0,0,0,0,0,0][0,0,0,0,0,0][0,0,0,1,2,2][0,0,0,1,2,2][1,1,1,0,2,2][1,1,1,0,2,2]
22 [0,0,0,0,0,0][0,0,0,0,0,0][0,0,0,1,2,2][0,0,0,1,2,2][1,1,1,0,3,3][1,1,1,0,3,3]
24 [0,0,0,0,0,0][0,0,0,0,0,0][0,0,0,1,2,2][0,0,0,1,3,3][0,1,1,1,2,2][0,1,1,1,3,3]
25 [0,0,0,0,0,0][0,0,0,0,0,0][0,0,0,1,2,2][0,0,0,1,3,3][1,1,1,0,2,2][1,1,1,0,3,3]
27 [0,0,0,0,0,0][0,0,0,0,0,0][0,0,0,1,2,2][0,0,1,0,2,2][0,1,0,0,2,2][0,1,1,1,2,2]
28 [0,0,0,0,0,0][0,0,0,0,0,0][0,0,0,1,2,2][0,0,1,0,2,2][0,1,0,0,3,3][0,1,1,1,3,3]
29 [0,0,0,0,0,0][0,0,0,0,0,0][0,0,0,1,2,2][0,0,1,0,2,2][1,1,0,1,2,2][1,1,1,0,2,2]
30 [0,0,0,0,0,0][0,0,0,0,0,0][0,0,0,1,2,2][0,0,1,0,2,2][1,1,0,1,3,3][1,1,1,0,3,3]
34 [0,0,0,0,0,0][0,0,0,0,0,0][0,0,0,1,2,2][0,0,1,0,3,3][1,1,0,1,2,2][1,1,1,0,3,3]
35 [0,0,0,0,0,0][0,0,0,0,0,0][0,0,0,1,2,2][0,0,1,0,3,3][1,1,0,1,3,3][1,1,1,0,2,2]
38 [0,0,0,0,0,0][0,0,0,0,0,0][0,0,0,1,2,2][0,1,1,1,2,2][1,0,1,1,2,2][1,1,0,1,2,2]
39 [0,0,0,0,0,0][0,0,0,0,0,0][0,0,0,1,2,2][0,1,1,1,2,2][1,0,1,1,3,3][1,1,0,1,3,3]
48 [0,0,0,0,0,0][0,0,0,0,0,0][0,0,1,1,1,1][1,1,0,0,1,1][2,2,2,2,1,1][2,2,2,2,1,1]
49 [0,0,0,0,0,0][0,0,0,0,0,0][0,0,1,1,1,1][1,1,0,0,1,1][2,2,3,3,1,1][2,2,3,3,1,1]
50 [0,0,0,0,0,0][0,0,0,0,0,0][0,0,1,1,1,1][1,1,0,0,1,1][2,3,2,3,1,1][2,3,2,3,1,1]
54 [0,0,0,0,0,0][0,0,0,0,0,0][0,0,2,2,2,2][0,0,2,2,2,2][1,1,0,0,0,0][1,1,1,1,1,1]
55 [0,0,0,0,0,0][0,0,0,0,0,0][0,0,2,2,2,2][0,0,2,2,2,2][1,1,0,0,1,1][1,1,1,1,0,0]
71 [0,0,0,0,0,0][0,0,0,0,0,0][0,0,2,2,3,3][0,0,2,2,3,3][1,1,0,0,0,0][1,1,1,1,1,1]
72 [0,0,0,0,0,0][0,0,0,0,0,0][0,0,2,2,3,3][0,0,2,2,3,3][1,1,0,0,1,1][1,1,1,1,0,0]
73 [0,0,0,0,0,0][0,0,0,0,0,0][0,0,2,2,3,3][0,0,2,2,3,3][1,1,0,1,0,1][1,1,1,0,1,0]
93 [0,0,0,0,0,0][0,0,0,0,0,0][0,1,1,1,2,2][0,1,1,1,2,2][0,1,1,1,2,2][0,1,1,1,2,2]
94 [0,0,0,0,0,0][0,0,0,0,0,0][0,1,1,1,2,2][0,1,1,1,2,2][0,1,1,1,3,3][0,1,1,1,3,3]
95 [0,0,0,0,0,0][0,0,0,0,0,0][0,1,1,1,2,2][0,1,1,1,2,2][1,0,1,1,2,2][1,0,1,1,2,2]
96 [0,0,0,0,0,0][0,0,0,0,0,0][0,1,1,1,2,2][0,1,1,1,2,2][1,0,1,1,3,3][1,0,1,1,3,3]
98 [0,0,0,0,0,0][0,0,0,0,0,0][0,1,1,1,2,2][0,1,1,1,3,3][1,0,1,1,2,2][1,0,1,1,3,3]
115 [0,0,0,0,0,0][0,0,0,0,1,1][0,0,0,0,1,1][0,0,1,1,1,1][1,1,2,2,2,2][1,1,2,2,2,2]
116 [0,0,0,0,0,0][0,0,0,0,1,1][0,0,0,0,1,1][0,0,1,1,1,1][1,1,2,2,3,3][1,1,2,2,3,3]
117 [0,0,0,0,0,0][0,0,0,0,1,1][0,0,0,0,1,1][0,0,1,1,1,1][1,1,2,3,2,3][1,1,2,3,2,3]
118 [0,0,0,0,0,0][0,0,0,0,1,1][0,0,0,0,1,1][1,1,1,1,0,0][2,2,2,2,1,1][2,2,2,2,1,1]
119 [0,0,0,0,0,0][0,0,0,0,1,1][0,0,0,0,1,1][1,1,1,1,0,0][2,2,3,3,1,1][2,2,3,3,1,1]
120 [0,0,0,0,0,0][0,0,0,0,1,1][0,0,0,1,0,1][0,0,1,0,0,1][1,1,2,2,2,2][1,1,2,2,2,2]
121 [0,0,0,0,0,0][0,0,0,0,1,1][0,0,0,1,0,1][0,0,1,0,0,1][1,1,2,2,3,3][1,1,2,2,3,3]
128 [0,0,0,0,0,0][0,0,0,0,1,1][0,0,1,1,0,0][1,1,0,0,1,1][2,2,2,2,1,1][2,2,2,2,1,1]
129 [0,0,0,0,0,0][0,0,0,0,1,1][0,0,1,1,0,0][1,1,0,0,1,1][2,2,3,3,1,1][2,2,3,3,1,1]
130 [0,0,0,0,0,0][0,0,0,0,1,1][0,0,1,1,0,0][1,1,0,0,1,1][2,3,2,3,1,1][2,3,2,3,1,1]
133 [0,0,0,0,0,0][0,0,0,0,1,1][0,0,1,1,1,1][1,1,1,1,1,1][2,2,1,1,2,2][2,2,1,1,2,2]
134 [0,0,0,0,0,0][0,0,0,0,1,1][0,0,1,1,1,1][1,1,1,1,1,1][2,2,1,1,3,3][2,2,1,1,3,3]
135 [0,0,0,0,0,0][0,0,0,0,1,1][0,0,1,1,1,1][1,1,1,1,1,1][2,3,1,1,2,3][2,3,1,1,2,3]
140 [0,0,0,0,0,0][0,0,0,0,1,1][0,0,2,2,2,2][0,0,2,2,2,2][1,1,0,0,0,0][1,1,1,1,0,0]
141 [0,0,0,0,0,0][0,0,0,0,1,1][0,0,2,2,2,2][0,0,2,2,2,2][1,1,0,0,1,1][1,1,1,1,1,1]
142 [0,0,0,0,0,0][0,0,0,0,1,1][0,0,2,2,2,2][0,0,2,2,2,2][1,1,0,1,0,1][1,1,1,0,0,1]
145 [0,0,0,0,0,0][0,0,0,0,1,1][0,0,2,2,3,3][0,0,2,2,3,3][1,1,0,0,0,0][1,1,1,1,0,0]
146 [0,0,0,0,0,0][0,0,0,0,1,1][0,0,2,2,3,3][0,0,2,2,3,3][1,1,0,0,1,1][1,1,1,1,1,1]
147 [0,0,0,0,0,0][0,0,0,0,1,1][0,0,2,2,3,3][0,0,2,2,3,3][1,1,0,1,0,1][1,1,1,0,0,1]
148 [0,0,0,0,0,0][0,0,0,0,1,1][0,0,2,3,2,3][0,0,2,3,2,3][1,1,0,0,0,0][1,1,1,1,0,0]
149 [0,0,0,0,0,0][0,0,0,0,1,1][0,0,2,3,2,3][0,0,2,3,2,3][1,1,0,0,1,1][1,1,1,1,1,1]
150 [0,0,0,0,0,0][0,0,0,0,1,1][0,0,2,3,2,3][0,0,2,3,2,3][1,1,0,1,0,1][1,1,1,0,0,1]
153 [0,0,0,0,0,0][0,0,0,0,1,1][0,1,1,1,0,1][1,0,1,1,0,1][2,2,1,1,2,2][2,2,1,1,2,2]
154 [0,0,0,0,0,0][0,0,0,0,1,1][0,1,1,1,0,1][1,0,1,1,0,1][2,2,1,1,3,3][2,2,1,1,3,3]
155 [0,0,0,0,0,0][0,0,0,0,1,1][0,1,1,1,0,1][1,0,1,1,0,1][2,3,1,1,3,2][2,3,1,1,3,2]
188 [0,0,0,0,0,0][0,0,1,1,1,1][0,0,1,1,1,1][0,0,1,1,1,1][1,1,2,2,2,2][1,1,2,2,2,2]
189 [0,0,0,0,0,0][0,0,1,1,1,1][0,0,1,1,1,1][0,0,1,1,1,1][1,1,2,2,3,3][1,1,2,2,3,3]
190 [0,0,0,0,0,0][0,0,1,1,1,1][0,0,1,1,1,1][1,1,0,0,1,1][2,2,1,1,2,2][2,2,1,1,2,2]
191 [0,0,0,0,0,0][0,0,1,1,1,1][0,0,1,1,1,1][1,1,0,0,1,1][2,2,1,1,3,3][2,2,1,1,3,3]
192 [0,0,0,0,0,0][0,0,1,1,1,1][0,0,1,1,1,1][1,1,0,0,1,1][2,3,1,1,2,3][2,3,1,1,2,3]
193 [0,0,0,0,0,0][0,0,1,1,1,1][0,0,2,2,2,2][0,0,2,2,2,2][1,1,0,0,0,0][1,1,0,0,0,0]
194 [0,0,0,0,0,0][0,0,1,1,1,1][0,0,2,2,2,2][0,0,2,2,2,2][1,1,0,0,1,1][1,1,0,0,1,1]
195 [0,0,0,0,0,0][0,0,1,1,1,1][0,0,2,2,2,2][0,0,2,2,2,2][1,1,1,1,1,1][1,1,1,1,1,1]
196 [0,0,0,0,0,0][0,0,1,1,1,1][0,0,2,2,3,3][0,0,2,2,3,3][1,1,0,0,0,0][1,1,0,0,0,0]
197 [0,0,0,0,0,0][0,0,1,1,1,1][0,0,2,2,3,3][0,0,2,2,3,3][1,1,0,0,1,1][1,1,0,0,1,1]
198 [0,0,0,0,0,0][0,0,1,1,1,1][0,0,2,2,3,3][0,0,2,2,3,3][1,1,0,1,0,1][1,1,0,1,0,1]
199 [0,0,0,0,0,0][0,0,1,1,1,1][0,0,2,2,3,3][0,0,2,2,3,3][1,1,1,1,1,1][1,1,1,1,1,1]
208 [0,0,0,0,0,0][0,0,1,1,1,1][1,1,1,1,1,1][1,1,1,1,1,1][1,1,2,2,2,2][1,1,2,2,2,2]
209 [0,0,0,0,0,0][0,0,1,1,1,1][1,1,1,1,1,1][1,1,1,1,1,1][1,1,2,2,3,3][1,1,2,2,3,3]
241 [0,0,0,0,1,1][0,0,0,0,1,1][0,0,0,0,1,1][0,0,1,1,0,0][1,1,2,2,2,2][1,1,2,2,2,2]
242 [0,0,0,0,1,1][0,0,0,0,1,1][0,0,0,0,1,1][0,0,1,1,0,0][1,1,2,2,3,3][1,1,2,2,3,3]
243 [0,0,0,0,1,1][0,0,0,0,1,1][0,0,0,0,1,1][0,0,1,1,0,0][1,1,2,3,2,3][1,1,2,3,2,3]
245 [0,0,0,0,1,1][0,0,0,0,1,1][0,0,0,0,1,1][1,1,1,1,1,1][2,2,2,2,0,0][2,2,2,2,0,0]
246 [0,0,0,0,1,1][0,0,0,0,1,1][0,0,0,0,1,1][1,1,1,1,1,1][2,2,2,2,1,1][2,2,2,2,1,1]
247 [0,0,0,0,1,1][0,0,0,0,1,1][0,0,0,0,1,1][1,1,1,1,1,1][2,2,3,3,0,0][2,2,3,3,0,0]
248 [0,0,0,0,1,1][0,0,0,0,1,1][0,0,0,0,1,1][1,1,1,1,1,1][2,2,3,3,1,1][2,2,3,3,1,1]
249 [0,0,0,0,1,1][0,0,0,0,1,1][0,0,0,1,0,1][0,0,1,0,1,0][1,1,2,2,2,2][1,1,2,2,2,2]
250 [0,0,0,0,1,1][0,0,0,0,1,1][0,0,0,1,0,1][0,0,1,0,1,0][1,1,2,2,3,3][1,1,2,2,3,3]
251 [0,0,0,0,1,1][0,0,0,0,1,1][0,0,0,1,0,1][0,0,1,0,1,0][1,1,2,3,2,3][1,1,2,3,2,3]
252 [0,0,0,0,1,1][0,0,0,0,1,1][0,0,0,1,0,1][0,0,1,0,1,0][1,1,2,3,3,2][1,1,2,3,3,2]
260 [0,0,0,0,1,1][0,0,0,0,1,1][0,0,0,1,2,2][0,1,1,1,2,2][1,0,1,1,2,2][1,1,0,1,2,2]
261 [0,0,0,0,1,1][0,0,0,0,1,1][0,0,0,1,2,2][0,1,1,1,2,2][1,0,1,1,3,3][1,1,0,1,3,3]
268 [0,0,0,0,1,1][0,0,0,0,1,1][0,0,1,1,0,0][1,1,0,0,0,0][2,2,2,2,1,1][2,2,2,2,1,1]
269 [0,0,0,0,1,1][0,0,0,0,1,1][0,0,1,1,0,0][1,1,0,0,0,0][2,2,3,3,1,1][2,2,3,3,1,1]
270 [0,0,0,0,1,1][0,0,0,0,1,1][0,0,1,1,0,0][1,1,0,0,0,0][2,3,2,3,1,1][2,3,2,3,1,1]
271 [0,0,0,0,1,1][0,0,0,0,1,1][0,0,1,1,0,0][1,1,1,1,1,1][2,2,1,1,2,2][2,2,1,1,2,2]
272 [0,0,0,0,1,1][0,0,0,0,1,1][0,0,1,1,0,0][1,1,1,1,1,1][2,2,1,1,3,3][2,2,1,1,3,3]
273 [0,0,0,0,1,1][0,0,0,0,1,1][0,0,1,1,0,0][1,1,1,1,1,1][2,3,1,1,2,3][2,3,1,1,2,3]
274 [0,0,0,0,1,1][0,0,0,0,1,1][0,0,1,1,1,1][1,1,0,0,1,1][2,2,2,2,0,0][2,2,2,2,0,0]
275 [0,0,0,0,1,1][0,0,0,0,1,1][0,0,1,1,1,1][1,1,0,0,1,1][2,2,2,2,1,1][2,2,2,2,1,1]
276 [0,0,0,0,1,1][0,0,0,0,1,1][0,0,1,1,1,1][1,1,0,0,1,1][2,2,3,3,0,0][2,2,3,3,0,0]
277 [0,0,0,0,1,1][0,0,0,0,1,1][0,0,1,1,1,1][1,1,0,0,1,1][2,2,3,3,1,1][2,2,3,3,1,1]
278 [0,0,0,0,1,1][0,0,0,0,1,1][0,0,1,1,1,1][1,1,0,0,1,1][2,3,2,3,0,0][2,3,2,3,0,0]
279 [0,0,0,0,1,1][0,0,0,0,1,1][0,0,1,1,1,1][1,1,0,0,1,1][2,3,2,3,1,1][2,3,2,3,1,1]
280 [0,0,0,0,1,1][0,0,0,0,1,1][0,0,1,1,1,1][1,1,1,1,0,0][2,2,1,1,2,2][2,2,1,1,2,2]
281 [0,0,0,0,1,1][0,0,0,0,1,1][0,0,1,1,1,1][1,1,1,1,0,0][2,2,1,1,3,3][2,2,1,1,3,3]
282 [0,0,0,0,1,1][0,0,0,0,1,1][0,0,1,1,1,1][1,1,1,1,0,0][2,3,1,1,2,3][2,3,1,1,2,3]
286 [0,0,0,0,1,1][0,0,0,0,1,1][0,0,2,2,0,1][0,0,2,2,1,0][1,1,2,2,0,1][1,1,2,2,1,0]
287 [0,0,0,0,1,1][0,0,0,0,1,1][0,0,2,2,0,1][0,0,2,2,1,0][1,1,3,3,0,1][1,1,3,3,1,0]
288 [0,0,0,0,1,1][0,0,0,0,1,1][0,0,2,2,0,1][0,0,3,3,1,0][1,1,2,2,0,1][1,1,3,3,1,0]
289 [0,0,0,0,1,1][0,0,0,0,1,1][0,0,2,2,0,1][0,0,3,3,1,0][1,1,2,2,1,0][1,1,3,3,0,1]
292 [0,0,0,0,1,1][0,0,0,0,1,1][0,0,2,2,0,1][0,1,2,2,0,0][1,0,2,2,0,0][1,1,2,2,0,1]
293 [0,0,0,0,1,1][0,0,0,0,1,1][0,0,2,2,0,1][0,1,2,2,0,0][1,0,2,2,1,1][1,1,2,2,1,0]
294 [0,0,0,0,1,1][0,0,0,0,1,1][0,0,2,2,0,1][0,1,2,2,0,0][1,0,3,3,0,0][1,1,3,3,0,1]
295 [0,0,0,0,1,1][0,0,0,0,1,1][0,0,2,2,0,1][0,1,2,2,0,0][1,0,3,3,1,1][1,1,3,3,1,0]
296 [0,0,0,0,1,1][0,0,0,0,1,1][0,0,2,2,0,1][0,1,2,2,1,1][1,0,2,2,1,1][1,1,2,2,0,1]
297 [0,0,0,0,1,1][0,0,0,0,1,1][0,0,2,2,0,1][0,1,2,2,1,1][1,0,3,3,0,0][1,1,3,3,1,0]
298 [0,0,0,0,1,1][0,0,0,0,1,1][0,0,2,2,0,1][0,1,2,2,1,1][1,0,3,3,1,1][1,1,3,3,0,1]
299 [0,0,0,0,1,1][0,0,0,0,1,1][0,0,2,2,0,1][0,1,3,3,0,0][1,0,3,3,0,0][1,1,2,2,0,1]
300 [0,0,0,0,1,1][0,0,0,0,1,1][0,0,2,2,0,1][0,1,3,3,0,0][1,0,3,3,1,1][1,1,2,2,1,0]
301 [0,0,0,0,1,1][0,0,0,0,1,1][0,0,2,2,0,1][0,1,3,3,1,1][1,0,3,3,1,1][1,1,2,2,0,1]
305 [0,0,0,0,1,1][0,0,0,0,1,1][0,0,2,2,2,2][0,0,2,2,2,2][1,1,0,0,0,0][1,1,1,1,1,1]
306 [0,0,0,0,1,1][0,0,0,0,1,1][0,0,2,2,2,2][0,0,2,2,2,2][1,1,0,0,1,1][1,1,1,1,0,0]
330 [0,0,0,0,1,1][0,0,0,0,1,1][0,0,2,2,3,3][0,0,2,2,3,3][1,1,0,0,0,0][1,1,1,1,1,1]
331 [0,0,0,0,1,1][0,0,0,0,1,1][0,0,2,2,3,3][0,0,2,2,3,3][1,1,0,0,1,1][1,1,1,1,0,0]
344 [0,0,0,0,1,1][0,0,0,0,1,1][0,0,2,3,2,3][0,0,2,3,2,3][1,1,0,0,0,0][1,1,1,1,1,1]
345 [0,0,0,0,1,1][0,0,0,0,1,1][0,0,2,3,2,3][0,0,2,3,2,3][1,1,0,0,1,1][1,1,1,1,0,0]
361 [0,0,0,0,1,1][0,0,0,0,1,1][0,1,1,1,0,1][1,0,1,1,1,0][2,2,1,1,2,2][2,2,1,1,2,2]
362 [0,0,0,0,1,1][0,0,0,0,1,1][0,1,1,1,0,1][1,0,1,1,1,0][2,2,1,1,3,3][2,2,1,1,3,3]
363 [0,0,0,0,1,1][0,0,0,0,1,1][0,1,1,1,0,1][1,0,1,1,1,0][2,3,1,1,2,3][2,3,1,1,2,3]
364 [0,0,0,0,1,1][0,0,0,0,1,1][0,1,1,1,0,1][1,0,1,1,1,0][2,3,1,1,3,2][2,3,1,1,3,2]
365 [0,0,0,0,1,1][0,0,0,0,1,1][0,1,1,1,2,2][0,1,1,1,2,2][1,0,1,1,2,2][1,0,1,1,2,2]
366 [0,0,0,0,1,1][0,0,0,0,1,1][0,1,1,1,2,2][0,1,1,1,2,2][1,0,1,1,3,3][1,0,1,1,3,3]
368 [0,0,0,0,1,1][0,0,0,0,1,1][0,1,1,1,2,2][0,1,1,1,3,3][1,0,1,1,2,2][1,0,1,1,3,3]
373 [0,0,0,0,1,1][0,0,0,0,1,1][0,1,2,2,0,0][0,1,2,2,0,0][1,0,2,2,1,1][1,0,2,2,1,1]
374 [0,0,0,0,1,1][0,0,0,0,1,1][0,1,2,2,0,0][0,1,2,2,0,0][1,0,3,3,1,1][1,0,3,3,1,1]
375 [0,0,0,0,1,1][0,0,0,0,1,1][0,1,2,2,0,0][0,1,2,2,1,1][1,0,2,2,0,0][1,0,2,2,1,1]
376 [0,0,0,0,1,1][0,0,0,0,1,1][0,1,2,2,0,0][0,1,2,2,1,1][1,0,3,3,0,0][1,0,3,3,1,1]
377 [0,0,0,0,1,1][0,0,0,0,1,1][0,1,2,2,0,0][0,1,2,2,1,1][1,1,2,2,0,1][1,1,2,2,1,0]
378 [0,0,0,0,1,1][0,0,0,0,1,1][0,1,2,2,0,0][0,1,2,2,1,1][1,1,3,3,0,1][1,1,3,3,1,0]
379 [0,0,0,0,1,1][0,0,0,0,1,1][0,1,2,2,0,0][0,1,3,3,0,0][1,0,2,2,1,1][1,0,3,3,1,1]
380 [0,0,0,0,1,1][0,0,0,0,1,1][0,1,2,2,0,0][0,1,3,3,1,1][1,0,2,2,0,0][1,0,3,3,1,1]
381 [0,0,0,0,1,1][0,0,0,0,1,1][0,1,2,2,0,0][0,1,3,3,1,1][1,0,2,2,1,1][1,0,3,3,0,0]
382 [0,0,0,0,1,1][0,0,0,0,1,1][0,1,2,2,0,0][0,1,3,3,1,1][1,1,2,2,0,1][1,1,3,3,1,0]
387 [0,0,0,0,1,1][0,0,0,0,1,1][0,1,2,2,1,1][0,1,2,2,1,1][1,0,2,2,1,1][1,0,2,2,1,1]
388 [0,0,0,0,1,1][0,0,0,0,1,1][0,1,2,2,1,1][0,1,2,2,1,1][1,0,3,3,1,1][1,0,3,3,1,1]
391 [0,0,0,0,1,1][0,0,0,0,1,1][0,1,2,2,1,1][0,1,2,2,1,1][1,1,2,2,0,1][1,1,2,2,0,1]
392 [0,0,0,0,1,1][0,0,0,0,1,1][0,1,2,2,1,1][0,1,2,2,1,1][1,1,3,3,0,1][1,1,3,3,0,1]
393 [0,0,0,0,1,1][0,0,0,0,1,1][0,1,2,2,1,1][0,1,3,3,1,1][1,0,2,2,1,1][1,0,3,3,1,1]
394 [0,0,0,0,1,1][0,0,0,0,1,1][0,1,2,2,1,1][0,1,3,3,1,1][1,1,2,2,0,1][1,1,3,3,0,1]
403 [0,0,0,0,1,1][0,0,0,0,1,1][1,1,2,2,0,1][1,1,2,2,0,1][1,1,2,2,1,0][1,1,2,2,1,0]
404 [0,0,0,0,1,1][0,0,0,0,1,1][1,1,2,2,0,1][1,1,2,2,0,1][1,1,3,3,1,0][1,1,3,3,1,0]
405 [0,0,0,0,1,1][0,0,0,0,1,1][1,1,2,2,0,1][1,1,2,2,1,0][1,1,3,3,0,1][1,1,3,3,1,0]
438 [0,0,0,0,1,1][0,0,0,1,0,1][0,1,1,1,1,0][1,1,1,1,1,1][2,1,1,2,2,2][2,1,1,2,2,2]
439 [0,0,0,0,1,1][0,0,0,1,0,1][0,1,1,1,1,0][1,1,1,1,1,1][2,1,1,2,3,3][2,1,1,2,3,3]
440 [0,0,0,0,1,1][0,0,0,1,0,1][0,1,1,1,1,0][1,1,1,1,1,1][2,1,1,3,3,2][2,1,1,3,3,2]
452 [0,0,0,0,1,1][0,0,1,1,0,0][0,0,1,1,1,1][1,1,0,0,1,1][2,2,1,1,2,2][2,2,1,1,2,2]
453 [0,0,0,0,1,1][0,0,1,1,0,0][0,0,1,1,1,1][1,1,0,0,1,1][2,2,1,1,3,3][2,2,1,1,3,3]
454 [0,0,0,0,1,1][0,0,1,1,0,0][0,0,1,1,1,1][1,1,0,0,1,1][2,3,1,1,2,3][2,3,1,1,2,3]
455 [0,0,0,0,1,1][0,0,1,1,0,0][0,0,2,2,2,2][0,0,2,2,2,2][1,1,0,0,0,0][1,1,0,0,0,0]
456 [0,0,0,0,1,1][0,0,1,1,0,0][0,0,2,2,3,3][0,0,2,2,3,3][1,1,0,0,0,0][1,1,0,0,0,0]
457 [0,0,0,0,1,1][0,0,1,1,0,0][0,0,2,3,2,3][0,0,2,3,2,3][1,1,0,0,0,0][1,1,0,0,0,0]
458 [0,0,0,0,1,1][0,0,1,1,0,0][0,1,0,1,0,0][1,0,0,1,1,1][2,2,2,2,1,1][2,2,2,2,1,1]
459 [0,0,0,0,1,1][0,0,1,1,0,0][0,1,0,1,0,0][1,0,0,1,1,1][2,2,3,3,1,1][2,2,3,3,1,1]
460 [0,0,0,0,1,1][0,0,1,1,0,0][0,1,0,1,0,0][1,0,0,1,1,1][2,3,3,2,1,1][2,3,3,2,1,1]
466 [0,0,0,0,1,1][0,0,1,1,0,0][1,1,1,1,1,1][1,1,1,1,1,1][1,1,2,2,2,2][1,1,2,2,2,2]
467 [0,0,0,0,1,1][0,0,1,1,0,0][1,1,1,1,1,1][1,1,1,1,1,1][1,1,2,2,3,3][1,1,2,2,3,3]
468 [0,0,0,0,1,1][0,0,1,1,0,0][1,1,1,1,1,1][1,1,1,1,1,1][1,1,2,3,2,3][1,1,2,3,2,3]
477 [0,0,0,0,1,1][0,0,1,1,1,1][0,0,1,1,1,1][1,1,0,0,0,0][2,2,1,1,2,2][2,2,1,1,2,2]
478 [0,0,0,0,1,1][0,0,1,1,1,1][0,0,1,1,1,1][1,1,0,0,0,0][2,2,1,1,3,3][2,2,1,1,3,3]
479 [0,0,0,0,1,1][0,0,1,1,1,1][0,0,1,1,1,1][1,1,0,0,0,0][2,3,1,1,2,3][2,3,1,1,2,3]
481 [0,0,0,0,1,1][0,0,1,1,1,1][0,0,1,1,1,1][1,1,1,1,1,1][2,2,2,2,0,0][2,2,2,2,0,0]
482 [0,0,0,0,1,1][0,0,1,1,1,1][0,0,1,1,1,1][1,1,1,1,1,1][2,2,2,2,1,1][2,2,2,2,1,1]
483 [0,0,0,0,1,1][0,0,1,1,1,1][0,0,1,1,1,1][1,1,1,1,1,1][2,2,3,3,0,0][2,2,3,3,0,0]
484 [0,0,0,0,1,1][0,0,1,1,1,1][0,0,1,1,1,1][1,1,1,1,1,1][2,2,3,3,1,1][2,2,3,3,1,1]
485 [0,0,0,0,1,1][0,0,1,1,1,1][0,0,1,1,1,1][1,1,1,1,1,1][2,3,2,3,0,0][2,3,2,3,0,0]
486 [0,0,0,0,1,1][0,0,1,1,1,1][0,0,1,1,1,1][1,1,1,1,1,1][2,3,2,3,1,1][2,3,2,3,1,1]
487 [0,0,0,0,1,1][0,0,1,1,1,1][0,0,2,2,2,2][0,0,2,2,2,2][1,1,0,0,0,0][1,1,0,0,1,1]
488 [0,0,0,0,1,1][0,0,1,1,1,1][0,0,2,2,3,3][0,0,2,2,3,3][1,1,0,0,0,0][1,1,0,0,1,1]
489 [0,0,0,0,1,1][0,0,1,1,1,1][0,0,2,3,2,3][0,0,2,3,2,3][1,1,0,0,0,0][1,1,0,0,1,1]
490 [0,0,0,0,1,1][0,0,1,1,1,1][0,1,0,0,0,1][1,0,1,1,1,0][2,2,1,1,2,2][2,2,1,1,2,2]
491 [0,0,0,0,1,1][0,0,1,1,1,1][0,1,0,0,0,1][1,0,1,1,1,0][2,2,1,1,3,3][2,2,1,1,3,3]
492 [0,0,0,0,1,1][0,0,1,1,1,1][0,1,0,0,0,1][1,0,1,1,1,0][2,3,1,1,2,3][2,3,1,1,2,3]
493 [0,0,0,0,1,1][0,0,1,1,1,1][0,1,0,0,0,1][1,0,1,1,1,0][2,3,1,1,3,2][2,3,1,1,3,2]
495 [0,0,0,0,1,1][0,0,1,1,1,1][0,1,0,1,1,1][1,0,0,1,1,1][2,2,2,2,0,0][2,2,2,2,0,0]
496 [0,0,0,0,1,1][0,0,1,1,1,1][0,1,0,1,1,1][1,0,0,1,1,1][2,2,2,2,1,1][2,2,2,2,1,1]
497 [0,0,0,0,1,1][0,0,1,1,1,1][0,1,0,1,1,1][1,0,0,1,1,1][2,2,3,3,0,0][2,2,3,3,0,0]
498 [0,0,0,0,1,1][0,0,1,1,1,1][0,1,0,1,1,1][1,0,0,1,1,1][2,2,3,3,1,1][2,2,3,3,1,1]
508 [0,0,0,0,1,1][0,0,1,1,1,1][1,1,1,1,0,0][1,1,1,1,1,1][1,1,2,2,2,2][1,1,2,2,2,2]
509 [0,0,0,0,1,1][0,0,1,1,1,1][1,1,1,1,0,0][1,1,1,1,1,1][1,1,2,2,3,3][1,1,2,2,3,3]
510 [0,0,0,0,1,1][0,0,1,1,1,1][1,1,1,1,0,0][1,1,1,1,1,1][1,1,2,3,2,3][1,1,2,3,2,3]
548 [0,0,0,0,1,1][0,1,1,1,0,1][0,1,1,1,1,0][1,0,0,1,1,1][2,1,1,2,2,2][2,1,1,2,2,2]
549 [0,0,0,0,1,1][0,1,1,1,0,1][0,1,1,1,1,0][1,0,0,1,1,1][2,1,1,2,3,3][2,1,1,2,3,3]
550 [0,0,0,0,1,1][0,1,1,1,0,1][0,1,1,1,1,0][1,0,0,1,1,1][2,1,1,3,2,3][2,1,1,3,2,3]
567 [0,0,0,0,1,1][1,1,1,1,1,1][1,1,1,1,1,1][1,1,1,1,1,1][2,2,2,2,1,1][2,2,2,2,1,1]
568 [0,0,0,0,1,1][1,1,1,1,1,1][1,1,1,1,1,1][1,1,1,1,1,1][2,2,3,3,1,1][2,2,3,3,1,1]
616 [0,0,0,1,2,2][0,0,0,1,2,2][1,1,1,0,2,2][1,1,1,0,2,2][1,1,1,1,0,0][1,1,1,1,0,0]
617 [0,0,0,1,2,2][0,0,0,1,2,2][1,1,1,0,2,2][1,1,1,0,2,2][1,1,1,1,1,1][1,1,1,1,1,1]
618 [0,0,0,1,2,2][0,0,0,1,2,2][1,1,1,0,3,3][1,1,1,0,3,3][1,1,1,1,0,0][1,1,1,1,0,0]
619 [0,0,0,1,2,2][0,0,0,1,2,2][1,1,1,0,3,3][1,1,1,0,3,3][1,1,1,1,1,1][1,1,1,1,1,1]
640 [0,0,0,1,2,2][0,0,0,1,3,3][1,1,1,0,2,2][1,1,1,0,3,3][1,1,1,1,0,0][1,1,1,1,0,0]
641 [0,0,0,1,2,2][0,0,0,1,3,3][1,1,1,0,2,2][1,1,1,0,3,3][1,1,1,1,1,1][1,1,1,1,1,1]
649 [0,0,0,1,2,2][0,0,1,0,2,2][1,1,0,1,2,2][1,1,1,0,2,2][1,1,1,1,0,0][1,1,1,1,0,0]
650 [0,0,0,1,2,2][0,0,1,0,2,2][1,1,0,1,2,2][1,1,1,0,2,2][1,1,1,1,1,1][1,1,1,1,1,1]
651 [0,0,0,1,2,2][0,0,1,0,2,2][1,1,0,1,3,3][1,1,1,0,3,3][1,1,1,1,0,0][1,1,1,1,0,0]
652 [0,0,0,1,2,2][0,0,1,0,2,2][1,1,0,1,3,3][1,1,1,0,3,3][1,1,1,1,1,1][1,1,1,1,1,1]
656 [0,0,0,1,2,2][0,0,1,0,3,3][1,1,0,1,2,2][1,1,1,0,3,3][1,1,1,1,0,0][1,1,1,1,0,0]
657 [0,0,0,1,2,2][0,0,1,0,3,3][1,1,0,1,2,2][1,1,1,0,3,3][1,1,1,1,1,1][1,1,1,1,1,1]
658 [0,0,0,1,2,2][0,0,1,0,3,3][1,1,0,1,3,3][1,1,1,0,2,2][1,1,1,1,0,0][1,1,1,1,0,0]
659 [0,0,0,1,2,2][0,0,1,0,3,3][1,1,0,1,3,3][1,1,1,0,2,2][1,1,1,1,1,1][1,1,1,1,1,1]
663 [0,0,0,1,2,2][0,1,1,1,2,2][1,0,1,1,2,2][1,1,0,1,2,2][1,1,1,1,0,0][1,1,1,1,0,0]
664 [0,0,0,1,2,2][0,1,1,1,2,2][1,0,1,1,2,2][1,1,0,1,2,2][1,1,1,1,1,1][1,1,1,1,1,1]
665 [0,0,0,1,2,2][0,1,1,1,2,2][1,0,1,1,3,3][1,1,0,1,3,3][1,1,1,1,0,0][1,1,1,1,0,0]
666 [0,0,0,1,2,2][0,1,1,1,2,2][1,0,1,1,3,3][1,1,0,1,3,3][1,1,1,1,1,1][1,1,1,1,1,1]
685 [0,0,1,1,1,1][0,0,1,1,1,1][0,0,2,2,2,2][0,0,2,2,2,2][1,1,0,0,0,0][1,1,1,1,1,1]
686 [0,0,1,1,1,1][0,0,1,1,1,1][0,0,2,2,3,3][0,0,2,2,3,3][1,1,0,0,0,0][1,1,1,1,1,1]
687 [0,0,1,1,1,1][0,0,1,1,1,1][0,1,0,0,0,1][1,0,0,0,1,0][2,2,1,1,2,2][2,2,1,1,2,2]
688 [0,0,1,1,1,1][0,0,1,1,1,1][0,1,0,0,0,1][1,0,0,0,1,0][2,2,1,1,3,3][2,2,1,1,3,3]
689 [0,0,1,1,1,1][0,0,1,1,1,1][0,1,0,0,0,1][1,0,0,0,1,0][2,3,1,1,2,3][2,3,1,1,2,3]
690 [0,0,1,1,1,1][0,0,1,1,1,1][0,1,0,0,0,1][1,0,0,0,1,0][2,3,1,1,3,2][2,3,1,1,3,2]
698 [0,0,1,1,1,1][0,0,1,1,1,1][1,1,0,0,0,0][1,1,1,1,1,1][1,1,2,2,2,2][1,1,2,2,2,2]
699 [0,0,1,1,1,1][0,0,1,1,1,1][1,1,0,0,0,0][1,1,1,1,1,1][1,1,2,2,3,3][1,1,2,2,3,3]
700 [0,0,1,1,1,1][0,0,1,1,1,1][1,1,0,0,1,1][1,1,1,1,0,0][1,1,2,2,2,2][1,1,2,2,2,2]
701 [0,0,1,1,1,1][0,0,1,1,1,1][1,1,0,0,1,1][1,1,1,1,0,0][1,1,2,2,3,3][1,1,2,2,3,3]
702 [0,0,1,1,1,1][0,0,1,1,1,1][1,1,0,0,1,1][1,1,1,1,0,0][1,1,2,3,2,3][1,1,2,3,2,3]
746 [0,0,1,1,1,1][1,1,0,0,1,1][1,1,1,1,1,1][1,1,1,1,1,1][2,2,2,2,1,1][2,2,2,2,1,1]
747 [0,0,1,1,1,1][1,1,0,0,1,1][1,1,1,1,1,1][1,1,1,1,1,1][2,2,3,3,1,1][2,2,3,3,1,1]
748 [0,0,1,1,1,1][1,1,0,0,1,1][1,1,1,1,1,1][1,1,1,1,1,1][2,3,2,3,1,1][2,3,2,3,1,1]
772 [0,0,2,2,2,2][0,0,2,2,2,2][1,1,0,0,0,0][1,1,1,1,1,1][1,1,1,1,1,1][1,1,1,1,1,1]
778 [0,0,2,2,2,2][0,0,2,2,2,2][1,1,0,0,1,1][1,1,1,1,0,0][1,1,1,1,1,1][1,1,1,1,1,1]
839 [0,0,2,2,3,3][0,0,2,2,3,3][1,1,0,0,0,0][1,1,1,1,1,1][1,1,1,1,1,1][1,1,1,1,1,1]
842 [0,0,2,2,3,3][0,0,2,2,3,3][1,1,0,0,1,1][1,1,1,1,0,0][1,1,1,1,1,1][1,1,1,1,1,1]
845 [0,0,2,2,3,3][0,0,2,2,3,3][1,1,0,1,0,1][1,1,1,0,1,0][1,1,1,1,1,1][1,1,1,1,1,1]
