779 [2,2,2,2,0,0][2,2,2,2,0,0][2,2,0,0,2,2][2,2,0,0,2,2][0,0,2,2,2,2][0,0,2,2,2,2]
780 [2,2,2,2,1,1][2,2,2,2,1,1][2,2,0,0,2,2][2,2,0,0,2,2][0,0,2,2,2,2][0,0,2,2,2,2]
781 [2,2,3,3,1,1][2,2,3,3,1,1][2,2,0,0,2,2][2,2,0,0,2,2][0,0,2,2,2,2][0,0,2,2,2,2]
782 [3,3,3,3,1,1][3,3,3,3,1,1][2,2,0,0,2,2][2,2,0,0,2,2][0,0,2,2,2,2][0,0,2,2,2,2]
783 [2,2,2,2,0,0][2,2,2,2,0,0][2,2,0,0,3,3][2,2,0,0,3,3][0,0,2,2,2,2][0,0,2,2,2,2]
784 [2,2,3,3,0,0][2,2,3,3,0,0][2,2,0,0,3,3][2,2,0,0,3,3][0,0,2,2,2,2][0,0,2,2,2,2]
785 [2,2,3,3,1,1][2,2,3,3,1,1][2,2,0,0,3,3][2,2,0,0,3,3][0,0,2,2,2,2][0,0,2,2,2,2]
786 [3,3,3,3,0,0][3,3,3,3,0,0][2,2,0,0,3,3][2,2,0,0,3,3][0,0,2,2,2,2][0,0,2,2,2,2]
787 [3,3,3,3,1,1][3,3,3,3,1,1][2,2,0,0,3,3][2,2,0,0,3,3][0,0,2,2,2,2][0,0,2,2,2,2]
788 [2,2,2,2,1,1][2,2,2,2,1,1][2,2,1,1,2,2][2,2,1,1,2,2][0,0,2,2,2,2][0,0,2,2,2,2]
789 [3,3,2,2,1,1][3,3,2,2,1,1][2,2,1,1,2,2][2,2,1,1,2,2][0,0,2,2,2,2][0,0,2,2,2,2]
790 [3,3,3,3,1,1][3,3,3,3,1,1][2,2,1,1,2,2][2,2,1,1,2,2][0,0,2,2,2,2][0,0,2,2,2,2]
791 [2,2,2,2,1,1][2,2,2,2,1,1][2,2,1,1,3,3][2,2,1,1,3,3][0,0,2,2,2,2][0,0,2,2,2,2]
792 [2,2,3,3,1,1][2,2,3,3,1,1][2,2,1,1,3,3][2,2,1,1,3,3][0,0,2,2,2,2][0,0,2,2,2,2]
793 [3,3,2,2,0,0][3,3,2,2,0,0][2,2,1,1,3,3][2,2,1,1,3,3][0,0,2,2,2,2][0,0,2,2,2,2]
794 [3,3,2,2,1,1][3,3,2,2,1,1][2,2,1,1,3,3][2,2,1,1,3,3][0,0,2,2,2,2][0,0,2,2,2,2]
795 [3,3,3,3,0,0][3,3,3,3,0,0][2,2,1,1,3,3][2,2,1,1,3,3][0,0,2,2,2,2][0,0,2,2,2,2]
796 [3,3,3,3,1,1][3,3,3,3,1,1][2,2,1,1,3,3][2,2,1,1,3,3][0,0,2,2,2,2][0,0,2,2,2,2]
797 [3,3,2,2,1,1][3,3,2,2,1,1][3,3,1,1,2,2][3,3,1,1,2,2][0,0,2,2,2,2][0,0,2,2,2,2]
798 [3,3,2,2,1,1][3,3,2,2,1,1][3,3,1,1,3,3][3,3,1,1,3,3][0,0,2,2,2,2][0,0,2,2,2,2]
820 [2,2,2,2,0,0][3,3,3,3,0,0][2,2,0,0,2,2][3,3,0,0,3,3][0,0,2,2,2,2][0,0,3,3,3,3]
821 [2,2,2,2,1,1][3,3,3,3,1,1][2,2,0,0,2,2][3,3,0,0,3,3][0,0,2,2,2,2][0,0,3,3,3,3]
822 [2,2,3,3,1,1][3,3,2,2,1,1][2,2,0,0,2,2][3,3,0,0,3,3][0,0,2,2,2,2][0,0,3,3,3,3]
823 [2,2,2,2,0,0][3,3,3,3,0,0][2,2,0,0,3,3][3,3,0,0,2,2][0,0,2,2,2,2][0,0,3,3,3,3]
824 [2,2,2,2,1,1][3,3,3,3,1,1][2,2,0,0,3,3][3,3,0,0,2,2][0,0,2,2,2,2][0,0,3,3,3,3]
825 [2,2,3,3,1,1][3,3,2,2,1,1][2,2,0,0,3,3][3,3,0,0,2,2][0,0,2,2,2,2][0,0,3,3,3,3]
826 [2,2,2,2,1,1][3,3,3,3,1,1][2,2,1,1,2,2][3,3,1,1,3,3][0,0,2,2,2,2][0,0,3,3,3,3]
827 [2,2,2,2,1,1][3,3,3,3,1,1][2,2,1,1,3,3][3,3,1,1,2,2][0,0,2,2,2,2][0,0,3,3,3,3]
828 [2,2,3,3,1,1][3,3,2,2,1,1][2,2,1,1,3,3][3,3,1,1,2,2][0,0,2,2,2,2][0,0,3,3,3,3]
846 [2,2,3,3,0,0][2,2,3,3,0,0][2,2,0,0,2,2][2,2,0,0,2,2][0,0,2,2,3,3][0,0,2,2,3,3]
847 [2,2,3,3,1,1][2,2,3,3,1,1][2,2,0,0,2,2][2,2,0,0,2,2][0,0,2,2,3,3][0,0,2,2,3,3]
848 [2,2,2,2,0,0][2,2,2,2,0,0][2,2,0,0,3,3][2,2,0,0,3,3][0,0,2,2,3,3][0,0,2,2,3,3]
849 [3,3,3,3,1,1][3,3,3,3,1,1][2,2,0,0,3,3][2,2,0,0,3,3][0,0,2,2,3,3][0,0,2,2,3,3]
850 [2,2,2,2,0,0][2,2,2,2,0,0][2,2,1,1,2,2][2,2,1,1,2,2][0,0,2,2,3,3][0,0,2,2,3,3]
851 [3,3,2,2,1,1][3,3,2,2,1,1][2,2,1,1,2,2][2,2,1,1,2,2][0,0,2,2,3,3][0,0,2,2,3,3]
852 [3,3,3,3,1,1][3,3,3,3,1,1][2,2,1,1,2,2][2,2,1,1,2,2][0,0,2,2,3,3][0,0,2,2,3,3]
853 [2,2,2,2,0,0][2,2,2,2,0,0][2,2,1,1,3,3][2,2,1,1,3,3][0,0,2,2,3,3][0,0,2,2,3,3]
854 [2,2,2,2,0,0][2,2,2,2,0,0][3,3,1,1,3,3][3,3,1,1,3,3][0,0,2,2,3,3][0,0,2,2,3,3]
855 [2,2,2,2,1,1][2,2,2,2,1,1][3,3,1,1,2,2][3,3,1,1,2,2][0,0,2,2,3,3][0,0,2,2,3,3]
856 [2,2,2,2,1,1][2,2,2,2,1,1][3,3,1,1,3,3][3,3,1,1,3,3][0,0,2,2,3,3][0,0,2,2,3,3]
857 [2,2,3,3,0,0][2,2,3,3,0,0][3,3,0,0,2,2][3,3,0,0,2,2][0,0,2,2,3,3][0,0,2,2,3,3]
858 [2,2,3,3,1,1][2,2,3,3,1,1][3,3,0,0,2,2][3,3,0,0,2,2][0,0,2,2,3,3][0,0,2,2,3,3]
859 [2,2,3,3,1,1][2,2,3,3,1,1][3,3,1,1,2,2][3,3,1,1,2,2][0,0,2,2,3,3][0,0,2,2,3,3]
860 [3,2,3,2,1,1][3,2,3,2,1,1][2,3,0,0,2,3][2,3,0,0,2,3][0,0,2,3,2,3][0,0,2,3,2,3]
861 [2,3,3,2,0,0][2,3,3,2,0,0][2,3,0,0,3,2][2,3,0,0,3,2][0,0,2,3,2,3][0,0,2,3,2,3]
862 [3,2,3,2,0,0][3,2,3,2,0,0][2,3,0,0,3,2][2,3,0,0,3,2][0,0,2,3,2,3][0,0,2,3,2,3]
863 [3,2,3,2,1,1][3,2,3,2,1,1][2,3,0,0,3,2][2,3,0,0,3,2][0,0,2,3,2,3][0,0,2,3,2,3]
864 [3,2,2,3,1,1][3,2,2,3,1,1][2,3,1,1,2,3][2,3,1,1,2,3][0,0,2,3,2,3][0,0,2,3,2,3]
865 [3,2,2,3,1,1][3,2,2,3,1,1][2,3,1,1,3,2][2,3,1,1,3,2][0,0,2,3,2,3][0,0,2,3,2,3]
866 [3,2,3,2,1,1][3,2,3,2,1,1][2,3,1,1,3,2][2,3,1,1,3,2][0,0,2,3,2,3][0,0,2,3,2,3]
880 [2,3,2,3,0,0][3,2,3,2,0,0][2,3,0,0,2,3][3,2,0,0,3,2][0,0,2,3,2,3][0,0,3,2,3,2]
881 [2,3,2,3,1,1][3,2,3,2,1,1][2,3,0,0,2,3][3,2,0,0,3,2][0,0,2,3,2,3][0,0,3,2,3,2]
882 [2,3,2,3,0,0][3,2,3,2,0,0][2,3,0,0,3,2][3,2,0,0,2,3][0,0,2,3,2,3][0,0,3,2,3,2]
883 [2,3,2,3,1,1][3,2,3,2,1,1][2,3,0,0,3,2][3,2,0,0,2,3][0,0,2,3,2,3][0,0,3,2,3,2]
884 [2,3,2,3,1,1][3,2,3,2,1,1][2,3,1,1,2,3][3,2,1,1,3,2][0,0,2,3,2,3][0,0,3,2,3,2]
885 [2,3,2,3,1,1][3,2,3,2,1,1][2,3,1,1,3,2][3,2,1,1,2,3][0,0,2,3,2,3][0,0,3,2,3,2]
891 [2,2,3,3,1,1][2,2,3,3,1,1][2,2,0,0,2,2][2,2,0,0,2,2][0,0,3,3,3,3][0,0,3,3,3,3]
892 [2,2,2,2,0,0][2,2,2,2,0,0][2,2,0,0,3,3][2,2,0,0,3,3][0,0,3,3,3,3][0,0,3,3,3,3]
915 [2,2,2,2,1,1][2,2,2,2,1,1][2,2,1,1,2,2][2,2,1,1,2,2][1,1,2,2,2,2][1,1,2,2,2,2]
916 [2,2,2,2,1,1][2,2,2,2,1,1][2,2,1,1,3,3][2,2,1,1,3,3][1,1,2,2,2,2][1,1,2,2,2,2]
917 [2,2,3,3,1,1][2,2,3,3,1,1][2,2,1,1,3,3][2,2,1,1,3,3][1,1,2,2,2,2][1,1,2,2,2,2]
918 [3,3,3,3,1,1][3,3,3,3,1,1][2,2,1,1,3,3][2,2,1,1,3,3][1,1,2,2,2,2][1,1,2,2,2,2]
919 [2,2,2,2,1,1][3,3,3,3,1,1][2,2,1,1,2,2][3,3,1,1,3,3][1,1,2,2,2,2][1,1,3,3,3,3]
920 [2,2,2,2,1,1][3,3,3,3,1,1][2,2,1,1,3,3][3,3,1,1,2,2][1,1,2,2,2,2][1,1,3,3,3,3]
921 [2,2,3,3,1,1][2,2,3,3,1,1][2,2,1,1,2,2][2,2,1,1,2,2][1,1,2,2,3,3][1,1,2,2,3,3]
922 [2,2,2,2,1,1][2,2,2,2,1,1][2,2,1,1,3,3][2,2,1,1,3,3][1,1,2,2,3,3][1,1,2,2,3,3]
923 [2,2,3,3,1,1][2,2,3,3,1,1][3,3,1,1,2,2][3,3,1,1,2,2][1,1,2,2,3,3][1,1,2,2,3,3]
924 [2,3,3,2,1,1][2,3,3,2,1,1][2,3,1,1,3,2][2,3,1,1,3,2][1,1,2,3,2,3][1,1,2,3,2,3]
925 [3,2,3,2,1,1][3,2,3,2,1,1][2,3,1,1,3,2][2,3,1,1,3,2][1,1,2,3,2,3][1,1,2,3,2,3]
926 [2,3,2,3,1,1][3,2,3,2,1,1][2,3,1,1,2,3][3,2,1,1,3,2][1,1,2,3,2,3][1,1,3,2,3,2]
927 [2,3,2,3,1,1][3,2,3,2,1,1][2,3,1,1,3,2][3,2,1,1,2,3][1,1,2,3,2,3][1,1,3,2,3,2]
928 [2,2,2,2,1,1][2,2,2,2,1,1][2,2,1,1,3,3][2,2,1,1,3,3][1,1,3,3,3,3][1,1,3,3,3,3]
