1 [0,0,0,0,0,0][0,0,0,0,0,0][0,0,0,0,0,0][0,0,0,0,1,1][0,0,0,1,2,2][0,0,0,1,2,2]
2 [0,0,0,0,0,0][0,0,0,0,0,0][0,0,0,0,0,0][0,0,0,0,1,1][0,1,1,1,2,2][0,1,1,1,2,2]
13 [0,0,0,0,0,0][0,0,0,0,0,0][0,0,0,0,1,1][0,0,1,1,1,1][0,1,2,2,1,1][0,1,2,2,1,1]
14 [0,0,0,0,0,0][0,0,0,0,0,0][0,0,0,0,1,1][0,0,1,1,1,1][1,1,2,2,0,1][1,1,2,2,0,1]
17 [0,0,0,0,0,0][0,0,0,0,0,0][0,0,0,1,2,2][0,0,0,1,2,2][0,0,1,1,0,0][0,0,1,1,1,1]
18 [0,0,0,0,0,0][0,0,0,0,0,0][0,0,0,1,2,2][0,0,0,1,2,2][0,1,1,0,0,0][0,1,1,0,1,1]
23 [0,0,0,0,0,0][0,0,0,0,0,0][0,0,0,1,2,2][0,0,0,1,2,2][1,1,1,1,0,0][1,1,1,1,1,1]
97 [0,0,0,0,0,0][0,0,0,0,0,0][0,1,1,1,2,2][0,1,1,1,2,2][1,1,1,1,0,0][1,1,1,1,1,1]
112 [0,0,0,0,0,0][0,0,0,0,1,1][0,0,0,0,1,1][0,0,0,0,1,1][0,1,1,1,2,2][0,1,1,1,2,2]
113 [0,0,0,0,0,0][0,0,0,0,1,1][0,0,0,0,1,1][0,0,1,1,0,0][0,1,2,2,1,1][0,1,2,2,1,1]
114 [0,0,0,0,0,0][0,0,0,0,1,1][0,0,0,0,1,1][0,0,1,1,0,0][1,1,2,2,0,1][1,1,2,2,0,1]
122 [0,0,0,0,0,0][0,0,0,0,1,1][0,0,0,1,0,1][0,1,1,1,1,0][0,2,2,1,1,1][0,2,2,1,1,1]
123 [0,0,0,0,0,0][0,0,0,0,1,1][0,0,0,1,0,1][0,1,1,1,1,0][1,2,2,0,1,1][1,2,2,0,1,1]
124 [0,0,0,0,0,0][0,0,0,0,1,1][0,0,0,1,0,1][0,1,1,1,1,0][1,2,2,1,1,0][1,2,2,1,1,0]
125 [0,0,0,0,0,0][0,0,0,0,1,1][0,0,0,1,2,2][0,0,0,1,2,2][0,1,1,0,0,0][0,1,1,0,0,0]
126 [0,0,0,0,0,0][0,0,0,0,1,1][0,0,0,1,2,2][0,0,0,1,2,2][1,1,1,1,0,0][1,1,1,1,0,0]
127 [0,0,0,0,0,0][0,0,0,0,1,1][0,0,0,1,2,2][0,0,0,1,2,2][1,1,1,1,1,1][1,1,1,1,1,1]
131 [0,0,0,0,0,0][0,0,0,0,1,1][0,0,1,1,1,1][0,0,1,1,1,1][0,1,1,1,2,2][0,1,1,1,2,2]
132 [0,0,0,0,0,0][0,0,0,0,1,1][0,0,1,1,1,1][0,0,1,1,1,1][1,1,0,1,2,2][1,1,0,1,2,2]
156 [0,0,0,0,0,0][0,0,0,0,1,1][0,1,1,1,2,2][0,1,1,1,2,2][1,1,1,1,0,0][1,1,1,1,0,0]
157 [0,0,0,0,0,0][0,0,0,0,1,1][0,1,1,1,2,2][0,1,1,1,2,2][1,1,1,1,1,1][1,1,1,1,1,1]
158 [0,0,0,0,0,0][0,0,0,0,1,1][0,1,2,2,1,1][0,1,2,2,1,1][1,1,0,0,0,0][1,1,1,1,1,1]
159 [0,0,0,0,0,0][0,0,0,0,1,1][0,1,2,2,1,1][0,1,2,2,1,1][1,1,0,0,1,1][1,1,1,1,0,0]
164 [0,0,0,0,0,0][0,0,0,1,2,2][0,0,0,1,2,2][0,0,1,1,0,0][0,1,0,1,0,0][0,1,1,0,1,1]
165 [0,0,0,0,0,0][0,0,0,1,2,2][0,0,0,1,2,2][0,0,1,1,0,0][0,1,0,1,1,1][0,1,1,0,0,0]
166 [0,0,0,0,0,0][0,0,0,1,2,2][0,0,0,1,2,2][0,0,1,1,0,0][1,1,0,0,0,0][1,1,1,1,1,1]
167 [0,0,0,0,0,0][0,0,0,1,2,2][0,0,0,1,2,2][0,0,1,1,0,0][1,1,0,0,1,1][1,1,1,1,0,0]
170 [0,0,0,0,0,0][0,0,0,1,2,2][0,0,0,1,2,2][0,0,1,1,1,1][1,1,0,0,0,0][1,1,1,1,0,0]
171 [0,0,0,0,0,0][0,0,0,1,2,2][0,0,0,1,2,2][0,0,1,1,1,1][1,1,0,0,1,1][1,1,1,1,1,1]
174 [0,0,0,0,0,0][0,0,0,1,2,2][0,0,0,1,2,2][0,1,1,0,0,0][1,0,1,0,0,0][1,1,0,0,1,1]
182 [0,0,0,0,0,0][0,0,0,1,2,2][0,0,0,1,2,2][0,1,1,0,1,1][1,0,1,0,1,1][1,1,0,0,1,1]
200 [0,0,0,0,0,0][0,0,1,1,1,1][0,1,0,1,1,1][0,1,1,0,1,1][0,1,1,1,2,2][0,1,1,1,2,2]
201 [0,0,0,0,0,0][0,0,1,1,1,1][0,1,0,1,1,1][0,1,1,0,1,1][1,0,1,1,2,2][1,0,1,1,2,2]
204 [0,0,0,0,0,0][0,0,1,1,1,1][0,1,1,1,2,2][0,1,1,1,2,2][1,1,0,0,0,0][1,1,1,1,0,0]
205 [0,0,0,0,0,0][0,0,1,1,1,1][0,1,1,1,2,2][0,1,1,1,2,2][1,1,0,0,1,1][1,1,1,1,1,1]
244 [0,0,0,0,1,1][0,0,0,0,1,1][0,0,0,0,1,1][0,0,1,1,1,1][1,1,2,2,0,1][1,1,2,2,0,1]
253 [0,0,0,0,1,1][0,0,0,0,1,1][0,0,0,1,0,1][0,1,1,1,0,1][1,2,2,0,0,0][1,2,2,0,0,0]
254 [0,0,0,0,1,1][0,0,0,0,1,1][0,0,0,1,0,1][0,1,1,1,0,1][1,2,2,0,1,1][1,2,2,0,1,1]
255 [0,0,0,0,1,1][0,0,0,0,1,1][0,0,0,1,0,1][0,1,1,1,0,1][1,2,2,1,0,1][1,2,2,1,0,1]
256 [0,0,0,0,1,1][0,0,0,0,1,1][0,0,0,1,0,1][0,1,1,1,0,1][1,2,2,1,1,0][1,2,2,1,1,0]
267 [0,0,0,0,1,1][0,0,0,0,1,1][0,0,1,1,0,0][0,0,1,1,1,1][1,1,0,1,2,2][1,1,0,1,2,2]
283 [0,0,0,0,1,1][0,0,0,0,1,1][0,0,1,1,1,1][1,1,1,1,1,1][2,2,1,1,0,1][2,2,1,1,0,1]
367 [0,0,0,0,1,1][0,0,0,0,1,1][0,1,1,1,2,2][0,1,1,1,2,2][1,1,1,1,0,0][1,1,1,1,1,1]
389 [0,0,0,0,1,1][0,0,0,0,1,1][0,1,2,2,1,1][0,1,2,2,1,1][1,1,0,0,0,0][1,1,1,1,0,0]
390 [0,0,0,0,1,1][0,0,0,0,1,1][0,1,2,2,1,1][0,1,2,2,1,1][1,1,0,0,1,1][1,1,1,1,1,1]
435 [0,0,0,0,1,1][0,0,0,1,0,1][0,0,0,1,1,0][0,1,1,0,0,0][1,2,2,0,1,1][1,2,2,0,1,1]
436 [0,0,0,0,1,1][0,0,0,1,0,1][0,0,1,0,0,1][1,1,1,1,1,1][2,2,1,1,1,0][2,2,1,1,1,0]
437 [0,0,0,0,1,1][0,0,0,1,0,1][0,0,1,1,1,1][1,1,1,0,0,1][2,2,1,1,1,0][2,2,1,1,1,0]
441 [0,0,0,0,1,1][0,0,0,1,0,1][0,2,2,1,1,1][0,2,2,1,1,1][1,0,0,0,0,1][1,1,1,1,1,1]
442 [0,0,0,0,1,1][0,0,0,1,0,1][0,2,2,1,1,1][0,2,2,1,1,1][1,0,0,0,1,0][1,1,1,1,0,0]
443 [0,0,0,0,1,1][0,0,0,1,0,1][0,2,2,1,1,1][0,2,2,1,1,1][1,0,0,1,1,1][1,1,1,0,0,1]
444 [0,0,0,0,1,1][0,0,0,1,2,2][0,0,0,1,2,2][0,1,1,0,0,0][1,0,1,0,0,0][1,1,0,0,0,0]
461 [0,0,0,0,1,1][0,0,1,1,0,0][0,1,0,1,1,1][0,1,1,0,1,1][1,0,1,1,2,2][1,0,1,1,2,2]
463 [0,0,0,0,1,1][0,0,1,1,0,0][0,1,1,1,2,2][0,1,1,1,2,2][1,1,0,0,0,0][1,1,1,1,0,0]
464 [0,0,0,0,1,1][0,0,1,1,0,0][0,1,1,1,2,2][0,1,1,1,2,2][1,1,0,0,1,1][1,1,1,1,1,1]
480 [0,0,0,0,1,1][0,0,1,1,1,1][0,0,1,1,1,1][1,1,0,0,1,1][2,2,1,1,0,1][2,2,1,1,0,1]
494 [0,0,0,0,1,1][0,0,1,1,1,1][0,1,0,1,0,0][0,1,1,0,1,1][1,0,1,1,2,2][1,0,1,1,2,2]
499 [0,0,0,0,1,1][0,0,1,1,1,1][0,1,1,1,0,1][0,1,1,1,0,1][1,1,2,2,1,0][1,1,2,2,1,0]
500 [0,0,0,0,1,1][0,0,1,1,1,1][0,1,1,1,2,2][0,1,1,1,2,2][1,1,0,0,0,0][1,1,1,1,1,1]
504 [0,0,0,0,1,1][0,0,1,1,1,1][0,1,2,2,1,1][0,1,2,2,1,1][1,1,0,0,0,0][1,1,0,0,0,0]
505 [0,0,0,0,1,1][0,0,1,1,1,1][0,1,2,2,1,1][0,1,2,2,1,1][1,1,0,0,1,1][1,1,0,0,1,1]
506 [0,0,0,0,1,1][0,0,1,1,1,1][0,1,2,2,1,1][0,1,2,2,1,1][1,1,1,1,0,0][1,1,1,1,0,0]
507 [0,0,0,0,1,1][0,0,1,1,1,1][0,1,2,2,1,1][0,1,2,2,1,1][1,1,1,1,1,1][1,1,1,1,1,1]
511 [0,0,0,0,1,1][0,0,1,1,1,1][1,1,1,1,1,1][1,1,1,1,1,1][1,1,2,2,0,1][1,1,2,2,0,1]
551 [0,0,0,0,1,1][0,1,1,1,0,1][0,1,2,2,1,1][0,1,2,2,1,1][1,0,0,0,0,1][1,1,0,0,1,1]
552 [0,0,0,0,1,1][0,1,1,1,0,1][0,1,2,2,1,1][0,1,2,2,1,1][1,0,0,0,1,0][1,1,0,0,0,0]
553 [0,0,0,0,1,1][0,1,1,1,0,1][0,1,2,2,1,1][0,1,2,2,1,1][1,0,1,1,0,1][1,1,1,1,1,1]
554 [0,0,0,0,1,1][0,1,1,1,0,1][0,1,2,2,1,1][0,1,2,2,1,1][1,0,1,1,1,0][1,1,1,1,0,0]
555 [0,0,0,0,1,1][0,1,1,1,0,1][1,0,1,1,0,1][1,1,1,1,1,1][1,1,2,2,1,0][1,1,2,2,1,0]
577 [0,0,0,0,2,2][0,0,0,0,2,2][0,0,0,1,0,0][0,0,1,0,0,0][0,1,0,0,0,0][1,0,0,0,0,0]
580 [0,0,0,1,2,2][0,0,0,1,2,2][0,0,1,1,0,0][0,0,1,1,0,0][1,1,0,0,0,0][1,1,0,0,1,1]
581 [0,0,0,1,2,2][0,0,0,1,2,2][0,0,1,1,0,0][0,0,1,1,0,0][1,1,1,1,0,0][1,1,1,1,1,1]
582 [0,0,0,1,2,2][0,0,0,1,2,2][0,0,1,1,0,0][0,0,1,1,1,1][1,1,0,0,0,0][1,1,0,0,0,0]
583 [0,0,0,1,2,2][0,0,0,1,2,2][0,0,1,1,0,0][0,0,1,1,1,1][1,1,1,1,0,0][1,1,1,1,0,0]
584 [0,0,0,1,2,2][0,0,0,1,2,2][0,0,1,1,0,0][0,1,0,1,0,0][1,0,0,1,0,0][1,1,1,1,1,1]
585 [0,0,0,1,2,2][0,0,0,1,2,2][0,0,1,1,0,0][0,1,0,1,0,0][1,0,0,1,1,1][1,1,1,1,0,0]
586 [0,0,0,1,2,2][0,0,0,1,2,2][0,0,1,1,0,0][0,1,0,1,0,0][1,0,1,0,0,0][1,1,0,0,1,1]
587 [0,0,0,1,2,2][0,0,0,1,2,2][0,0,1,1,0,0][0,1,0,1,1,1][1,0,1,0,0,0][1,1,0,0,0,0]
588 [0,0,0,1,2,2][0,0,0,1,2,2][0,0,1,1,0,0][0,1,1,0,0,0][1,0,1,0,1,1][1,1,1,1,0,0]
596 [0,0,0,1,2,2][0,0,0,1,2,2][0,0,1,1,1,1][0,1,1,0,0,0][1,0,1,0,0,0][1,1,1,1,0,0]
606 [0,0,0,1,2,2][0,0,0,1,2,2][0,1,1,0,0,0][0,1,1,0,1,1][1,1,1,1,0,0][1,1,1,1,0,0]
620 [0,0,0,1,2,2][0,0,0,1,2,2][1,1,1,1,0,0][1,1,1,1,1,1][1,1,1,1,1,1][1,1,1,1,1,1]
684 [0,0,1,1,1,1][0,0,1,1,1,1][0,0,1,1,1,1][1,1,1,1,1,1][2,2,0,0,0,1][2,2,0,0,0,1]
695 [0,0,1,1,1,1][0,0,1,1,1,1][0,1,1,1,2,2][0,1,1,1,2,2][1,1,0,0,0,0][1,1,0,0,1,1]
703 [0,0,1,1,1,1][0,0,1,1,1,1][1,1,0,1,2,2][1,1,0,1,2,2][1,1,1,1,0,0][1,1,1,1,1,1]
743 [0,0,1,1,1,1][0,1,0,1,1,1][0,1,1,1,2,2][0,1,1,1,2,2][1,0,0,1,0,0][1,1,1,1,1,1]
744 [0,0,1,1,1,1][0,1,0,1,1,1][0,1,1,1,2,2][0,1,1,1,2,2][1,0,1,0,0,0][1,1,0,0,1,1]
745 [0,0,1,1,1,1][0,1,0,1,1,1][1,0,0,1,1,1][1,1,1,0,2,2][1,1,1,0,2,2][1,1,1,1,0,0]
900 [0,1,1,1,2,2][0,1,1,1,2,2][1,1,1,1,0,0][1,1,1,1,1,1][1,1,1,1,1,1][1,1,1,1,1,1]
