# Using the new encoding: 2y + x
68
[1,1,1,1,0,0]
[3,3,1,1,2,2]
[1,1,0,0,1,1]
[3,3,2,2,1,1]
[0,0,0,0,0,0]
[0,0,0,0,0,0]

69
[1,1,1,1,0,0]
[3,3,1,1,2,2]
[3,3,0,0,1,1]
[1,1,2,2,1,1]
[0,0,0,0,0,0]
[0,0,0,0,0,0]

87
[3,3,1,1,0,0]
[1,1,1,1,2,2]
[3,3,0,0,1,1]
[1,1,2,2,1,1]
[0,0,0,0,0,0]
[0,0,0,0,0,0]

88
[1,3,1,3,0,0]
[3,1,1,3,2,2]
[1,3,0,0,3,1]
[3,1,2,2,3,1]
[0,0,0,0,0,0]
[0,0,0,0,0,0]

89
[1,3,1,3,0,0]
[3,1,1,3,2,2]
[3,1,0,0,3,1]
[1,3,2,2,3,1]
[0,0,0,0,0,0]
[0,0,0,0,0,0]

90
[1,1,1,1,0,0]
[3,3,1,1,2,2]
[1,1,0,0,3,3]
[3,3,2,2,3,3]
[0,0,0,0,0,0]
[0,0,0,0,0,0]

91
[1,1,1,1,2,2]
[3,3,1,1,0,0]
[1,1,0,0,3,3]
[3,3,2,2,3,3]
[0,0,0,0,0,0]
[0,0,0,0,0,0]

92
[1,1,1,1,0,0]
[3,3,1,1,2,2]
[3,3,0,0,3,3]
[1,1,2,2,3,3]
[0,0,0,0,0,0]
[0,0,0,0,0,0]

210
[1,1,1,1,2,2]
[1,1,1,1,2,2]
[1,1,2,2,1,1]
[1,1,2,2,1,1]
[0,0,0,0,0,0]
[0,0,2,2,2,2]

211
[3,3,1,1,2,2]
[3,3,1,1,2,2]
[1,1,2,2,1,1]
[1,1,2,2,1,1]
[0,0,0,0,0,0]
[0,0,2,2,2,2]

212
[3,3,3,3,2,2]
[3,3,3,3,2,2]
[1,1,2,2,1,1]
[1,1,2,2,1,1]
[0,0,0,0,0,0]
[0,0,2,2,2,2]

213
[1,1,1,1,2,2]
[1,1,1,1,2,2]
[1,1,2,2,3,3]
[1,1,2,2,3,3]
[0,0,0,0,0,0]
[0,0,2,2,2,2]

214
[1,1,3,3,2,2]
[1,1,3,3,2,2]
[1,1,2,2,3,3]
[1,1,2,2,3,3]
[0,0,0,0,0,0]
[0,0,2,2,2,2]

215
[3,3,1,1,2,2]
[3,3,1,1,2,2]
[1,1,2,2,3,3]
[1,1,2,2,3,3]
[0,0,0,0,0,0]
[0,0,2,2,2,2]

216
[1,3,1,3,2,2]
[1,3,1,3,2,2]
[1,3,2,2,1,3]
[1,3,2,2,1,3]
[0,0,0,0,0,0]
[0,0,2,2,2,2]

217
[3,1,1,3,2,2]
[3,1,1,3,2,2]
[1,3,2,2,1,3]
[1,3,2,2,1,3]
[0,0,0,0,0,0]
[0,0,2,2,2,2]

218
[1,1,1,1,0,0]
[1,1,1,1,0,0]
[1,1,0,0,1,1]
[1,1,0,0,1,1]
[0,0,0,0,0,0]
[0,0,2,2,2,2]

219
[1,1,1,1,2,2]
[1,1,1,1,2,2]
[1,1,0,0,1,1]
[1,1,0,0,1,1]
[0,0,0,0,0,0]
[0,0,2,2,2,2]

220
[3,3,1,1,0,0]
[3,3,1,1,0,0]
[1,1,0,0,1,1]
[1,1,0,0,1,1]
[0,0,0,0,0,0]
[0,0,2,2,2,2]

221
[3,3,1,1,2,2]
[3,3,1,1,2,2]
[1,1,0,0,1,1]
[1,1,0,0,1,1]
[0,0,0,0,0,0]
[0,0,2,2,2,2]

222
[1,1,3,3,2,2]
[1,1,3,3,2,2]
[1,1,0,0,1,1]
[1,1,0,0,1,1]
[0,0,0,0,0,0]
[0,0,2,2,2,2]

223
[3,3,3,3,2,2]
[3,3,3,3,2,2]
[1,1,0,0,1,1]
[1,1,0,0,1,1]
[0,0,0,0,0,0]
[0,0,2,2,2,2]

224
[1,1,1,1,0,0]
[1,1,1,1,0,0]
[1,1,0,0,3,3]
[1,1,0,0,3,3]
[0,0,0,0,0,0]
[0,0,2,2,2,2]

225
[1,1,1,1,2,2]
[1,1,1,1,2,2]
[1,1,0,0,3,3]
[1,1,0,0,3,3]
[0,0,0,0,0,0]
[0,0,2,2,2,2]

226
[3,3,1,1,0,0]
[3,3,1,1,0,0]
[1,1,0,0,3,3]
[1,1,0,0,3,3]
[0,0,0,0,0,0]
[0,0,2,2,2,2]

227
[3,3,1,1,2,2]
[3,3,1,1,2,2]
[1,1,0,0,3,3]
[1,1,0,0,3,3]
[0,0,0,0,0,0]
[0,0,2,2,2,2]

228
[1,1,3,3,0,0]
[1,1,3,3,0,0]
[1,1,0,0,3,3]
[1,1,0,0,3,3]
[0,0,0,0,0,0]
[0,0,2,2,2,2]

229
[1,1,3,3,2,2]
[1,1,3,3,2,2]
[1,1,0,0,3,3]
[1,1,0,0,3,3]
[0,0,0,0,0,0]
[0,0,2,2,2,2]

230
[3,3,3,3,2,2]
[3,3,3,3,2,2]
[1,1,0,0,3,3]
[1,1,0,0,3,3]
[0,0,0,0,0,0]
[0,0,2,2,2,2]

231
[1,3,1,3,0,0]
[1,3,1,3,0,0]
[1,3,0,0,1,3]
[1,3,0,0,1,3]
[0,0,0,0,0,0]
[0,0,2,2,2,2]

232
[1,3,1,3,2,2]
[1,3,1,3,2,2]
[1,3,0,0,1,3]
[1,3,0,0,1,3]
[0,0,0,0,0,0]
[0,0,2,2,2,2]

233
[3,1,1,3,0,0]
[3,1,1,3,0,0]
[1,3,0,0,1,3]
[1,3,0,0,1,3]
[0,0,0,0,0,0]
[0,0,2,2,2,2]

234
[3,1,1,3,2,2]
[3,1,1,3,2,2]
[1,3,0,0,1,3]
[1,3,0,0,1,3]
[0,0,0,0,0,0]
[0,0,2,2,2,2]

235
[1,1,1,1,0,0]
[1,1,1,1,0,0]
[3,3,0,0,3,3]
[3,3,0,0,3,3]
[0,0,0,0,0,0]
[0,0,2,2,2,2]

324
[1,1,1,1,0,0]
[3,3,1,1,2,2]
[1,1,0,0,1,1]
[3,3,2,2,1,1]
[2,2,0,0,0,0]
[2,2,0,0,0,0]

325
[1,1,1,1,0,0]
[3,3,1,1,2,2]
[3,3,0,0,1,1]
[1,1,2,2,1,1]
[2,2,0,0,0,0]
[2,2,0,0,0,0]

326
[1,1,1,1,0,0]
[3,3,1,1,2,2]
[1,1,0,0,1,1]
[3,3,2,2,1,1]
[0,0,0,0,2,2]
[0,0,0,0,2,2]

327
[1,1,1,1,2,2]
[3,3,1,1,0,0]
[1,1,0,0,1,1]
[3,3,2,2,1,1]
[0,0,0,0,2,2]
[0,0,0,0,2,2]

328
[1,1,3,3,0,0]
[3,3,3,3,2,2]
[1,1,0,0,1,1]
[3,3,2,2,1,1]
[0,0,0,0,2,2]
[0,0,0,0,2,2]

329
[1,1,3,3,2,2]
[3,3,3,3,0,0]
[1,1,0,0,1,1]
[3,3,2,2,1,1]
[0,0,0,0,2,2]
[0,0,0,0,2,2]

339
[3,3,1,1,0,0]
[1,1,1,1,2,2]
[3,3,0,0,1,1]
[1,1,2,2,1,1]
[2,2,0,0,0,0]
[2,2,0,0,0,0]

340
[1,1,1,1,0,0]
[3,3,1,1,2,2]
[1,1,0,0,3,3]
[3,3,2,2,3,3]
[0,0,0,0,2,2]
[0,0,0,0,2,2]

341
[1,1,1,1,2,2]
[3,3,1,1,0,0]
[1,1,0,0,3,3]
[3,3,2,2,3,3]
[0,0,0,0,2,2]
[0,0,0,0,2,2]

342
[1,1,3,3,0,0]
[3,3,3,3,2,2]
[1,1,0,0,3,3]
[3,3,2,2,3,3]
[0,0,0,0,2,2]
[0,0,0,0,2,2]

343
[1,1,3,3,2,2]
[3,3,3,3,0,0]
[1,1,0,0,3,3]
[3,3,2,2,3,3]
[0,0,0,0,2,2]
[0,0,0,0,2,2]

353
[1,3,1,3,0,0]
[3,1,1,3,2,2]
[1,3,0,0,1,3]
[3,1,2,2,1,3]
[2,2,0,0,0,0]
[2,2,0,0,0,0]

354
[1,3,1,3,0,0]
[3,1,1,3,2,2]
[3,1,0,0,1,3]
[1,3,2,2,1,3]
[2,2,0,0,0,0]
[2,2,0,0,0,0]

355
[1,3,1,3,0,0]
[3,1,1,3,2,2]
[1,3,0,0,1,3]
[3,1,2,2,1,3]
[0,0,0,0,2,2]
[0,0,0,0,2,2]

356
[1,3,1,3,2,2]
[3,1,1,3,0,0]
[1,3,0,0,1,3]
[3,1,2,2,1,3]
[0,0,0,0,2,2]
[0,0,0,0,2,2]

358
[1,1,3,3,0,0]
[3,3,3,3,2,2]
[1,1,0,0,1,1]
[3,3,2,2,1,1]
[2,2,0,0,0,0]
[2,2,0,0,0,0]

359
[1,1,3,3,0,0]
[3,3,3,3,2,2]
[3,3,0,0,1,1]
[1,1,2,2,1,1]
[2,2,0,0,0,0]
[2,2,0,0,0,0]

360
[3,3,3,3,0,0]
[1,1,3,3,2,2]
[1,1,0,0,1,1]
[3,3,2,2,1,1]
[2,2,0,0,0,0]
[2,2,0,0,0,0]

469
[1,1,1,1,2,2]
[1,1,1,1,2,2]
[1,1,2,2,1,1]
[1,1,2,2,1,1]
[0,0,0,0,2,2]
[0,0,2,2,0,0]

470
[3,3,1,1,2,2]
[3,3,1,1,2,2]
[1,1,2,2,1,1]
[1,1,2,2,1,1]
[0,0,0,0,2,2]
[0,0,2,2,0,0]

471
[3,3,3,3,2,2]
[3,3,3,3,2,2]
[1,1,2,2,1,1]
[1,1,2,2,1,1]
[0,0,0,0,2,2]
[0,0,2,2,0,0]

472
[1,1,1,1,2,2]
[1,1,1,1,2,2]
[1,1,2,2,3,3]
[1,1,2,2,3,3]
[0,0,0,0,2,2]
[0,0,2,2,0,0]

473
[1,1,3,3,2,2]
[1,1,3,3,2,2]
[1,1,2,2,3,3]
[1,1,2,2,3,3]
[0,0,0,0,2,2]
[0,0,2,2,0,0]

474
[3,3,1,1,2,2]
[3,3,1,1,2,2]
[1,1,2,2,3,3]
[1,1,2,2,3,3]
[0,0,0,0,2,2]
[0,0,2,2,0,0]

475
[1,3,1,3,2,2]
[1,3,1,3,2,2]
[1,3,2,2,1,3]
[1,3,2,2,1,3]
[0,0,0,0,2,2]
[0,0,2,2,0,0]

476
[3,1,1,3,2,2]
[3,1,1,3,2,2]
[1,3,2,2,1,3]
[1,3,2,2,1,3]
[0,0,0,0,2,2]
[0,0,2,2,0,0]

512
[1,1,1,1,0,0]
[1,1,1,1,0,0]
[1,1,0,0,1,1]
[1,1,0,0,1,1]
[0,0,0,0,2,2]
[0,0,2,2,0,0]

513
[1,1,1,1,2,2]
[1,1,1,1,2,2]
[1,1,0,0,1,1]
[1,1,0,0,1,1]
[0,0,0,0,2,2]
[0,0,2,2,0,0]

514
[3,3,1,1,0,0]
[3,3,1,1,0,0]
[1,1,0,0,1,1]
[1,1,0,0,1,1]
[0,0,0,0,2,2]
[0,0,2,2,0,0]

515
[3,3,1,1,2,2]
[3,3,1,1,2,2]
[1,1,0,0,1,1]
[1,1,0,0,1,1]
[0,0,0,0,2,2]
[0,0,2,2,0,0]

516
[1,1,3,3,2,2]
[1,1,3,3,2,2]
[1,1,0,0,1,1]
[1,1,0,0,1,1]
[0,0,0,0,2,2]
[0,0,2,2,0,0]

517
[3,3,3,3,2,2]
[3,3,3,3,2,2]
[1,1,0,0,1,1]
[1,1,0,0,1,1]
[0,0,0,0,2,2]
[0,0,2,2,0,0]

518
[1,1,1,1,0,0]
[1,1,1,1,0,0]
[1,1,0,0,1,1]
[1,1,0,0,1,1]
[2,2,0,0,0,0]
[2,2,2,2,2,2]

519
[1,1,1,1,0,0]
[1,1,1,1,0,0]
[3,3,0,0,1,1]
[3,3,0,0,1,1]
[2,2,0,0,0,0]
[2,2,2,2,2,2]

520
[1,1,1,1,0,0]
[1,1,1,1,0,0]
[1,1,2,2,1,1]
[1,1,2,2,1,1]
[2,2,0,0,0,0]
[2,2,2,2,2,2]

521
[1,1,1,1,0,0]
[1,1,1,1,0,0]
[3,3,2,2,1,1]
[3,3,2,2,1,1]
[2,2,0,0,0,0]
[2,2,2,2,2,2]

522
[1,1,1,1,0,0]
[1,1,1,1,0,0]
[1,1,2,2,3,3]
[1,1,2,2,3,3]
[2,2,0,0,0,0]
[2,2,2,2,2,2]

523
[1,1,1,1,0,0]
[1,1,1,1,0,0]
[3,3,2,2,3,3]
[3,3,2,2,3,3]
[2,2,0,0,0,0]
[2,2,2,2,2,2]

524
[1,1,1,1,0,0]
[1,1,1,1,0,0]
[1,1,0,0,3,3]
[1,1,0,0,3,3]
[0,0,0,0,2,2]
[0,0,2,2,0,0]

525
[1,1,1,1,2,2]
[1,1,1,1,2,2]
[1,1,0,0,3,3]
[1,1,0,0,3,3]
[0,0,0,0,2,2]
[0,0,2,2,0,0]

526
[3,3,1,1,0,0]
[3,3,1,1,0,0]
[1,1,0,0,3,3]
[1,1,0,0,3,3]
[0,0,0,0,2,2]
[0,0,2,2,0,0]

527
[3,3,1,1,2,2]
[3,3,1,1,2,2]
[1,1,0,0,3,3]
[1,1,0,0,3,3]
[0,0,0,0,2,2]
[0,0,2,2,0,0]

528
[1,1,3,3,0,0]
[1,1,3,3,0,0]
[1,1,0,0,3,3]
[1,1,0,0,3,3]
[0,0,0,0,2,2]
[0,0,2,2,0,0]

529
[1,1,3,3,2,2]
[1,1,3,3,2,2]
[1,1,0,0,3,3]
[1,1,0,0,3,3]
[0,0,0,0,2,2]
[0,0,2,2,0,0]

530
[3,3,3,3,2,2]
[3,3,3,3,2,2]
[1,1,0,0,3,3]
[1,1,0,0,3,3]
[0,0,0,0,2,2]
[0,0,2,2,0,0]

531
[3,3,1,1,0,0]
[3,3,1,1,0,0]
[3,3,0,0,1,1]
[3,3,0,0,1,1]
[2,2,0,0,0,0]
[2,2,2,2,2,2]

532
[3,3,1,1,0,0]
[3,3,1,1,0,0]
[1,1,2,2,1,1]
[1,1,2,2,1,1]
[2,2,0,0,0,0]
[2,2,2,2,2,2]

533
[3,3,1,1,0,0]
[3,3,1,1,0,0]
[3,3,2,2,1,1]
[3,3,2,2,1,1]
[2,2,0,0,0,0]
[2,2,2,2,2,2]

534
[3,3,1,1,0,0]
[3,3,1,1,0,0]
[1,1,2,2,3,3]
[1,1,2,2,3,3]
[2,2,0,0,0,0]
[2,2,2,2,2,2]

535
[3,3,1,1,0,0]
[3,3,1,1,0,0]
[3,3,2,2,3,3]
[3,3,2,2,3,3]
[2,2,0,0,0,0]
[2,2,2,2,2,2]

536
[1,3,1,3,0,0]
[1,3,1,3,0,0]
[1,3,0,0,1,3]
[1,3,0,0,1,3]
[0,0,0,0,2,2]
[0,0,2,2,0,0]

537
[1,3,1,3,2,2]
[1,3,1,3,2,2]
[1,3,0,0,1,3]
[1,3,0,0,1,3]
[0,0,0,0,2,2]
[0,0,2,2,0,0]

538
[3,1,1,3,0,0]
[3,1,1,3,0,0]
[1,3,0,0,1,3]
[1,3,0,0,1,3]
[0,0,0,0,2,2]
[0,0,2,2,0,0]

539
[3,1,1,3,2,2]
[3,1,1,3,2,2]
[1,3,0,0,1,3]
[1,3,0,0,1,3]
[0,0,0,0,2,2]
[0,0,2,2,0,0]

540
[1,3,1,3,0,0]
[1,3,1,3,0,0]
[1,3,0,0,1,3]
[1,3,0,0,1,3]
[2,2,0,0,0,0]
[2,2,2,2,2,2]

541
[1,3,1,3,0,0]
[1,3,1,3,0,0]
[3,1,0,0,1,3]
[3,1,0,0,1,3]
[2,2,0,0,0,0]
[2,2,2,2,2,2]

542
[1,3,1,3,0,0]
[1,3,1,3,0,0]
[1,3,2,2,1,3]
[1,3,2,2,1,3]
[2,2,0,0,0,0]
[2,2,2,2,2,2]

543
[1,3,1,3,0,0]
[1,3,1,3,0,0]
[3,1,2,2,1,3]
[3,1,2,2,1,3]
[2,2,0,0,0,0]
[2,2,2,2,2,2]

544
[1,1,3,3,0,0]
[1,1,3,3,0,0]
[1,1,0,0,1,1]
[1,1,0,0,1,1]
[2,2,0,0,0,0]
[2,2,2,2,2,2]

545
[1,1,3,3,0,0]
[1,1,3,3,0,0]
[3,3,0,0,1,1]
[3,3,0,0,1,1]
[2,2,0,0,0,0]
[2,2,2,2,2,2]

546
[1,1,1,1,0,0]
[1,1,1,1,0,0]
[3,3,0,0,3,3]
[3,3,0,0,3,3]
[0,0,0,0,2,2]
[0,0,2,2,0,0]

547
[3,3,3,3,0,0]
[3,3,3,3,0,0]
[1,1,0,0,1,1]
[1,1,0,0,1,1]
[2,2,0,0,0,0]
[2,2,2,2,2,2]

569
[1,1,1,1,2,2]
[1,1,1,1,2,2]
[1,1,2,2,1,1]
[1,1,2,2,1,1]
[2,2,0,0,0,0]
[2,2,2,2,2,2]

570
[1,1,1,1,2,2]
[1,1,1,1,2,2]
[3,3,2,2,1,1]
[3,3,2,2,1,1]
[2,2,0,0,0,0]
[2,2,2,2,2,2]

571
[3,3,1,1,2,2]
[3,3,1,1,2,2]
[3,3,2,2,1,1]
[3,3,2,2,1,1]
[2,2,0,0,0,0]
[2,2,2,2,2,2]

572
[1,3,1,3,2,2]
[1,3,1,3,2,2]
[1,3,2,2,1,3]
[1,3,2,2,1,3]
[2,2,0,0,0,0]
[2,2,2,2,2,2]

573
[1,3,1,3,2,2]
[1,3,1,3,2,2]
[3,1,2,2,1,3]
[3,1,2,2,1,3]
[2,2,0,0,0,0]
[2,2,2,2,2,2]

574
[1,1,3,3,2,2]
[1,1,3,3,2,2]
[1,1,2,2,1,1]
[1,1,2,2,1,1]
[2,2,0,0,0,0]
[2,2,2,2,2,2]

575
[1,1,3,3,2,2]
[1,1,3,3,2,2]
[3,3,2,2,1,1]
[3,3,2,2,1,1]
[2,2,0,0,0,0]
[2,2,2,2,2,2]

576
[3,3,3,3,2,2]
[3,3,3,3,2,2]
[1,1,2,2,1,1]
[1,1,2,2,1,1]
[2,2,0,0,0,0]
[2,2,2,2,2,2]

621
[1,1,1,1,0,0]
[3,3,1,1,2,2]
[1,1,0,0,1,1]
[3,3,2,2,1,1]
[2,2,2,2,0,0]
[2,2,2,2,0,0]

622
[1,1,1,1,0,0]
[3,3,1,1,2,2]
[3,3,0,0,1,1]
[1,1,2,2,1,1]
[2,2,2,2,0,0]
[2,2,2,2,0,0]

623
[3,3,1,1,0,0]
[1,1,1,1,2,2]
[1,1,0,0,1,1]
[3,3,2,2,1,1]
[2,2,2,2,0,0]
[2,2,2,2,0,0]

624
[3,3,1,1,0,0]
[1,1,1,1,2,2]
[3,3,0,0,1,1]
[1,1,2,2,1,1]
[2,2,2,2,0,0]
[2,2,2,2,0,0]

625
[1,1,1,1,0,0]
[3,3,1,1,2,2]
[1,1,0,0,3,3]
[3,3,2,2,3,3]
[2,2,0,0,2,2]
[2,2,0,0,2,2]

626
[1,1,1,1,2,2]
[3,3,1,1,0,0]
[1,1,0,0,3,3]
[3,3,2,2,3,3]
[2,2,0,0,2,2]
[2,2,0,0,2,2]

627
[1,1,1,1,0,0]
[3,3,1,1,2,2]
[3,3,0,0,3,3]
[1,1,2,2,3,3]
[2,2,0,0,2,2]
[2,2,0,0,2,2]

628
[1,1,1,1,2,2]
[3,3,1,1,0,0]
[3,3,0,0,3,3]
[1,1,2,2,3,3]
[2,2,0,0,2,2]
[2,2,0,0,2,2]

629
[1,1,1,1,0,0]
[1,1,1,1,0,0]
[1,1,0,0,1,1]
[1,1,0,0,1,1]
[2,2,2,2,0,0]
[2,2,0,0,2,2]

630
[1,1,1,1,0,0]
[1,1,1,1,0,0]
[3,3,0,0,1,1]
[3,3,0,0,1,1]
[2,2,2,2,0,0]
[2,2,0,0,2,2]

631
[3,3,1,1,0,0]
[3,3,1,1,0,0]
[3,3,0,0,1,1]
[3,3,0,0,1,1]
[2,2,2,2,0,0]
[2,2,0,0,2,2]

632
[1,1,1,1,0,0]
[1,1,1,1,0,0]
[1,1,2,2,1,1]
[1,1,2,2,1,1]
[2,2,2,2,0,0]
[2,2,0,0,2,2]

633
[1,1,1,1,0,0]
[1,1,1,1,0,0]
[3,3,2,2,1,1]
[3,3,2,2,1,1]
[2,2,2,2,0,0]
[2,2,0,0,2,2]

634
[3,3,1,1,0,0]
[3,3,1,1,0,0]
[1,1,2,2,1,1]
[1,1,2,2,1,1]
[2,2,2,2,0,0]
[2,2,0,0,2,2]

635
[3,3,1,1,0,0]
[3,3,1,1,0,0]
[3,3,2,2,1,1]
[3,3,2,2,1,1]
[2,2,2,2,0,0]
[2,2,0,0,2,2]

636
[1,1,1,1,2,2]
[1,1,1,1,2,2]
[1,1,0,0,3,3]
[1,1,0,0,3,3]
[2,2,0,0,2,2]
[2,2,2,2,0,0]

637
[3,3,1,1,2,2]
[3,3,1,1,2,2]
[1,1,0,0,3,3]
[1,1,0,0,3,3]
[2,2,0,0,2,2]
[2,2,2,2,0,0]

638
[3,3,3,3,0,0]
[3,3,3,3,0,0]
[1,1,2,2,1,1]
[1,1,2,2,1,1]
[2,2,2,2,0,0]
[2,2,0,0,2,2]

639
[3,3,3,3,0,0]
[3,3,3,3,0,0]
[3,3,2,2,1,1]
[3,3,2,2,1,1]
[2,2,2,2,0,0]
[2,2,0,0,2,2]

642
[1,3,1,3,0,0]
[3,1,1,3,2,2]
[1,3,0,0,3,1]
[3,1,2,2,3,1]
[2,2,2,2,0,0]
[2,2,2,2,0,0]

643
[1,3,1,3,0,0]
[3,1,1,3,2,2]
[3,1,0,0,3,1]
[1,3,2,2,3,1]
[2,2,2,2,0,0]
[2,2,2,2,0,0]

644
[1,3,1,3,0,0]
[1,3,1,3,0,0]
[1,3,0,0,1,3]
[1,3,0,0,1,3]
[2,2,2,2,0,0]
[2,2,0,0,2,2]

645
[1,3,1,3,0,0]
[1,3,1,3,0,0]
[3,1,0,0,1,3]
[3,1,0,0,1,3]
[2,2,2,2,0,0]
[2,2,0,0,2,2]

646
[1,3,1,3,0,0]
[1,3,1,3,0,0]
[1,3,2,2,1,3]
[1,3,2,2,1,3]
[2,2,2,2,0,0]
[2,2,0,0,2,2]

647
[1,3,1,3,0,0]
[1,3,1,3,0,0]
[3,1,2,2,1,3]
[3,1,2,2,1,3]
[2,2,2,2,0,0]
[2,2,0,0,2,2]

676
[1,1,1,1,0,0]
[1,1,1,1,0,0]
[1,1,0,0,3,3]
[1,1,0,0,3,3]
[2,2,2,2,0,0]
[2,2,0,0,2,2]

677
[1,1,1,1,0,0]
[1,1,1,1,0,0]
[3,3,0,0,3,3]
[3,3,0,0,3,3]
[2,2,2,2,0,0]
[2,2,0,0,2,2]

678
[3,3,1,1,0,0]
[3,3,1,1,0,0]
[1,1,0,0,3,3]
[1,1,0,0,3,3]
[2,2,2,2,0,0]
[2,2,0,0,2,2]

715
[1,1,1,1,0,0]
[3,3,1,1,2,2]
[1,1,0,0,1,1]
[3,3,2,2,1,1]
[0,0,2,2,2,2]
[0,0,2,2,2,2]

716
[1,1,1,1,2,2]
[3,3,1,1,0,0]
[1,1,0,0,1,1]
[3,3,2,2,1,1]
[0,0,2,2,2,2]
[0,0,2,2,2,2]

717
[1,1,3,3,2,2]
[3,3,3,3,0,0]
[1,1,0,0,1,1]
[3,3,2,2,1,1]
[0,0,2,2,2,2]
[0,0,2,2,2,2]

718
[1,1,1,1,0,0]
[3,3,1,1,2,2]
[1,1,0,0,3,3]
[3,3,2,2,3,3]
[0,0,2,2,2,2]
[0,0,2,2,2,2]

719
[1,1,1,1,2,2]
[3,3,1,1,0,0]
[1,1,0,0,3,3]
[3,3,2,2,3,3]
[0,0,2,2,2,2]
[0,0,2,2,2,2]

720
[1,1,3,3,0,0]
[3,3,3,3,2,2]
[1,1,0,0,3,3]
[3,3,2,2,3,3]
[0,0,2,2,2,2]
[0,0,2,2,2,2]

736
[1,3,1,3,0,0]
[3,1,1,3,2,2]
[1,3,0,0,1,3]
[3,1,2,2,1,3]
[0,0,2,2,2,2]
[0,0,2,2,2,2]

737
[1,3,1,3,2,2]
[3,1,1,3,0,0]
[1,3,0,0,1,3]
[3,1,2,2,1,3]
[0,0,2,2,2,2]
[0,0,2,2,2,2]

749
[1,1,1,1,2,2]
[1,1,1,1,2,2]
[1,1,2,2,1,1]
[1,1,2,2,1,1]
[2,2,2,2,0,0]
[2,2,0,0,2,2]

750
[1,1,1,1,2,2]
[1,1,1,1,2,2]
[3,3,2,2,1,1]
[3,3,2,2,1,1]
[2,2,2,2,0,0]
[2,2,0,0,2,2]

751
[3,3,1,1,2,2]
[3,3,1,1,2,2]
[3,3,2,2,1,1]
[3,3,2,2,1,1]
[2,2,2,2,0,0]
[2,2,0,0,2,2]

752
[1,3,1,3,2,2]
[1,3,1,3,2,2]
[1,3,2,2,1,3]
[1,3,2,2,1,3]
[2,2,2,2,0,0]
[2,2,0,0,2,2]

753
[1,3,1,3,2,2]
[1,3,1,3,2,2]
[3,1,2,2,1,3]
[3,1,2,2,1,3]
[2,2,2,2,0,0]
[2,2,0,0,2,2]

754
[1,1,3,3,2,2]
[1,1,3,3,2,2]
[1,1,2,2,1,1]
[1,1,2,2,1,1]
[2,2,2,2,0,0]
[2,2,0,0,2,2]

755
[1,1,3,3,2,2]
[1,1,3,3,2,2]
[3,3,2,2,1,1]
[3,3,2,2,1,1]
[2,2,2,2,0,0]
[2,2,0,0,2,2]

756
[3,3,3,3,2,2]
[3,3,3,3,2,2]
[1,1,2,2,1,1]
[1,1,2,2,1,1]
[2,2,2,2,0,0]
[2,2,0,0,2,2]

829
[1,1,1,1,0,0]
[3,3,1,1,2,2]
[1,1,0,0,1,1]
[3,3,2,2,1,1]
[2,2,2,2,2,2]
[2,2,2,2,2,2]

830
[1,1,1,1,0,0]
[3,3,1,1,2,2]
[3,3,0,0,1,1]
[1,1,2,2,1,1]
[2,2,2,2,2,2]
[2,2,2,2,2,2]

886
[3,3,1,1,0,0]
[1,1,1,1,2,2]
[3,3,0,0,1,1]
[1,1,2,2,1,1]
[2,2,2,2,2,2]
[2,2,2,2,2,2]

887
[1,3,1,3,0,0]
[3,1,1,3,2,2]
[1,3,0,0,3,1]
[3,1,2,2,3,1]
[2,2,2,2,2,2]
[2,2,2,2,2,2]

888
[1,3,1,3,0,0]
[3,1,1,3,2,2]
[3,1,0,0,3,1]
[1,3,2,2,3,1]
[2,2,2,2,2,2]
[2,2,2,2,2,2]

889
[1,1,1,1,0,0]
[3,3,1,1,2,2]
[3,3,2,2,3,3]
[1,1,0,0,3,3]
[2,2,2,2,2,2]
[2,2,2,2,2,2]

890
[1,1,1,1,2,2]
[3,3,1,1,0,0]
[3,3,2,2,3,3]
[1,1,0,0,3,3]
[2,2,2,2,2,2]
[2,2,2,2,2,2]

893
[1,1,1,1,0,0]
[3,3,1,1,2,2]
[1,1,2,2,3,3]
[3,3,0,0,3,3]
[2,2,2,2,2,2]
[2,2,2,2,2,2]

