88 [0,0,0,0,0,0][0,0,0,0,0,0][0,0,2,2,2,2][0,0,2,2,2,2][0,0,2,2,2,2][0,0,2,2,2,2]
89 [0,0,0,0,0,0][0,0,0,0,0,0][0,0,2,2,2,2][0,0,2,2,2,2][0,0,2,2,3,3][0,0,2,2,3,3]
90 [0,0,0,0,0,0][0,0,0,0,0,0][0,0,2,2,2,2][0,0,2,2,2,2][0,0,3,3,3,3][0,0,3,3,3,3]
93 [0,0,0,0,0,0][0,0,0,0,0,0][0,0,2,2,2,2][0,0,2,2,2,2][1,1,2,2,2,2][1,1,2,2,2,2]
94 [0,0,0,0,0,0][0,0,0,0,0,0][0,0,2,2,2,2][0,0,2,2,2,2][1,1,2,2,3,3][1,1,2,2,3,3]
95 [0,0,0,0,0,0][0,0,0,0,0,0][0,0,2,2,2,2][0,0,2,2,2,2][1,1,3,3,3,3][1,1,3,3,3,3]
96 [0,0,0,0,0,0][0,0,0,0,0,0][0,0,2,2,2,2][0,0,2,2,3,3][0,0,2,3,2,3][0,0,2,3,3,2]
97 [0,0,0,0,0,0][0,0,0,0,0,0][0,0,2,2,2,2][0,0,2,2,3,3][0,0,3,3,2,2][0,0,3,3,3,3]
100 [0,0,0,0,0,0][0,0,0,0,0,0][0,0,2,2,2,2][0,0,2,2,3,3][1,1,2,2,2,2][1,1,2,2,3,3]
101 [0,0,0,0,0,0][0,0,0,0,0,0][0,0,2,2,2,2][0,0,2,2,3,3][1,1,2,3,2,3][1,1,2,3,3,2]
102 [0,0,0,0,0,0][0,0,0,0,0,0][0,0,2,2,2,2][0,0,2,2,3,3][1,1,3,3,2,2][1,1,3,3,3,3]
103 [0,0,0,0,0,0][0,0,0,0,0,0][0,0,2,2,2,2][0,0,3,3,3,3][1,1,2,2,2,2][1,1,3,3,3,3]
104 [0,0,0,0,0,0][0,0,0,0,0,0][0,0,2,2,2,2][0,0,3,3,3,3][1,1,2,2,3,3][1,1,3,3,2,2]
107 [0,0,0,0,0,0][0,0,0,0,0,0][0,0,2,2,3,3][0,0,2,2,3,3][0,0,2,2,3,3][0,0,2,2,3,3]
108 [0,0,0,0,0,0][0,0,0,0,0,0][0,0,2,2,3,3][0,0,2,2,3,3][0,0,2,3,2,3][0,0,2,3,2,3]
109 [0,0,0,0,0,0][0,0,0,0,0,0][0,0,2,2,3,3][0,0,2,2,3,3][0,0,3,3,2,2][0,0,3,3,2,2]
110 [0,0,0,0,0,0][0,0,0,0,0,0][0,0,2,2,3,3][0,0,2,2,3,3][0,0,3,3,3,3][0,0,3,3,3,3]
114 [0,0,0,0,0,0][0,0,0,0,0,0][0,0,2,2,3,3][0,0,2,2,3,3][1,1,2,2,2,2][1,1,2,2,2,2]
115 [0,0,0,0,0,0][0,0,0,0,0,0][0,0,2,2,3,3][0,0,2,2,3,3][1,1,2,2,3,3][1,1,2,2,3,3]
116 [0,0,0,0,0,0][0,0,0,0,0,0][0,0,2,2,3,3][0,0,2,2,3,3][1,1,2,3,2,3][1,1,2,3,2,3]
117 [0,0,0,0,0,0][0,0,0,0,0,0][0,0,2,2,3,3][0,0,2,2,3,3][1,1,3,3,2,2][1,1,3,3,2,2]
118 [0,0,0,0,0,0][0,0,0,0,0,0][0,0,2,2,3,3][0,0,2,2,3,3][1,1,3,3,3,3][1,1,3,3,3,3]
119 [0,0,0,0,0,0][0,0,0,0,0,0][0,0,2,2,3,3][0,0,2,3,2,3][0,0,3,2,2,3][0,0,3,3,3,3]
120 [0,0,0,0,0,0][0,0,0,0,0,0][0,0,2,2,3,3][0,0,2,3,2,3][0,0,3,2,3,2][0,0,3,3,2,2]
123 [0,0,0,0,0,0][0,0,0,0,0,0][0,0,2,2,3,3][0,0,2,3,2,3][1,1,2,2,2,2][1,1,2,3,3,2]
124 [0,0,0,0,0,0][0,0,0,0,0,0][0,0,2,2,3,3][0,0,2,3,2,3][1,1,2,2,3,3][1,1,2,3,2,3]
125 [0,0,0,0,0,0][0,0,0,0,0,0][0,0,2,2,3,3][0,0,2,3,2,3][1,1,3,2,2,3][1,1,3,3,3,3]
126 [0,0,0,0,0,0][0,0,0,0,0,0][0,0,2,2,3,3][0,0,2,3,2,3][1,1,3,2,3,2][1,1,3,3,2,2]
127 [0,0,0,0,0,0][0,0,0,0,0,0][0,0,2,2,3,3][0,0,3,3,2,2][1,1,2,2,2,2][1,1,3,3,3,3]
128 [0,0,0,0,0,0][0,0,0,0,0,0][0,0,2,2,3,3][0,0,3,3,2,2][1,1,2,2,3,3][1,1,3,3,2,2]
129 [0,0,0,0,0,0][0,0,0,0,0,0][0,0,2,2,3,3][0,0,3,3,2,2][1,1,2,3,2,3][1,1,3,2,3,2]
132 [0,0,0,0,0,0][0,0,0,0,0,0][0,0,2,2,3,3][0,0,3,3,3,3][1,1,2,2,2,2][1,1,3,3,2,2]
133 [0,0,0,0,0,0][0,0,0,0,0,0][0,0,2,2,3,3][0,0,3,3,3,3][1,1,2,2,3,3][1,1,3,3,3,3]
134 [0,0,0,0,0,0][0,0,0,0,0,0][0,0,2,2,3,3][0,0,3,3,3,3][1,1,2,3,2,3][1,1,3,2,2,3]
142 [0,0,0,0,0,0][0,0,0,0,0,0][0,0,3,3,3,3][0,0,3,3,3,3][0,0,3,3,3,3][0,0,3,3,3,3]
145 [0,0,0,0,0,0][0,0,0,0,0,0][0,0,3,3,3,3][0,0,3,3,3,3][1,1,2,2,2,2][1,1,2,2,2,2]
146 [0,0,0,0,0,0][0,0,0,0,0,0][0,0,3,3,3,3][0,0,3,3,3,3][1,1,2,2,3,3][1,1,2,2,3,3]
147 [0,0,0,0,0,0][0,0,0,0,0,0][0,0,3,3,3,3][0,0,3,3,3,3][1,1,3,3,3,3][1,1,3,3,3,3]
165 [0,0,0,0,0,0][0,0,0,0,0,0][1,1,2,2,2,2][1,1,2,2,2,2][1,1,2,2,2,2][1,1,2,2,2,2]
166 [0,0,0,0,0,0][0,0,0,0,0,0][1,1,2,2,2,2][1,1,2,2,2,2][1,1,2,2,3,3][1,1,2,2,3,3]
167 [0,0,0,0,0,0][0,0,0,0,0,0][1,1,2,2,2,2][1,1,2,2,2,2][1,1,3,3,3,3][1,1,3,3,3,3]
168 [0,0,0,0,0,0][0,0,0,0,0,0][1,1,2,2,2,2][1,1,2,2,3,3][1,1,2,3,2,3][1,1,2,3,3,2]
169 [0,0,0,0,0,0][0,0,0,0,0,0][1,1,2,2,2,2][1,1,2,2,3,3][1,1,3,3,2,2][1,1,3,3,3,3]
170 [0,0,0,0,0,0][0,0,0,0,0,0][1,1,2,2,3,3][1,1,2,2,3,3][1,1,2,2,3,3][1,1,2,2,3,3]
171 [0,0,0,0,0,0][0,0,0,0,0,0][1,1,2,2,3,3][1,1,2,2,3,3][1,1,2,3,2,3][1,1,2,3,2,3]
172 [0,0,0,0,0,0][0,0,0,0,0,0][1,1,2,2,3,3][1,1,2,2,3,3][1,1,3,3,2,2][1,1,3,3,2,2]
173 [0,0,0,0,0,0][0,0,0,0,0,0][1,1,2,2,3,3][1,1,2,2,3,3][1,1,3,3,3,3][1,1,3,3,3,3]
174 [0,0,0,0,0,0][0,0,0,0,0,0][1,1,2,2,3,3][1,1,2,3,2,3][1,1,3,2,2,3][1,1,3,3,3,3]
175 [0,0,0,0,0,0][0,0,0,0,0,0][1,1,2,2,3,3][1,1,2,3,2,3][1,1,3,2,3,2][1,1,3,3,2,2]
176 [0,0,0,0,0,0][0,0,0,0,0,0][1,1,3,3,3,3][1,1,3,3,3,3][1,1,3,3,3,3][1,1,3,3,3,3]
602 [0,0,0,0,1,1][0,0,0,0,1,1][0,0,2,2,2,2][0,0,2,2,2,2][0,0,2,2,2,2][0,0,2,2,2,2]
603 [0,0,0,0,1,1][0,0,0,0,1,1][0,0,2,2,2,2][0,0,2,2,2,2][0,0,2,2,3,3][0,0,2,2,3,3]
604 [0,0,0,0,1,1][0,0,0,0,1,1][0,0,2,2,2,2][0,0,2,2,2,2][0,0,2,3,2,3][0,0,2,3,2,3]
605 [0,0,0,0,1,1][0,0,0,0,1,1][0,0,2,2,2,2][0,0,2,2,2,2][0,0,3,3,2,2][0,0,3,3,2,2]
606 [0,0,0,0,1,1][0,0,0,0,1,1][0,0,2,2,2,2][0,0,2,2,2,2][0,0,3,3,3,3][0,0,3,3,3,3]
610 [0,0,0,0,1,1][0,0,0,0,1,1][0,0,2,2,2,2][0,0,2,2,2,2][1,1,2,2,2,2][1,1,2,2,2,2]
611 [0,0,0,0,1,1][0,0,0,0,1,1][0,0,2,2,2,2][0,0,2,2,2,2][1,1,2,2,3,3][1,1,2,2,3,3]
612 [0,0,0,0,1,1][0,0,0,0,1,1][0,0,2,2,2,2][0,0,2,2,2,2][1,1,2,3,2,3][1,1,2,3,2,3]
613 [0,0,0,0,1,1][0,0,0,0,1,1][0,0,2,2,2,2][0,0,2,2,2,2][1,1,3,3,2,2][1,1,3,3,2,2]
614 [0,0,0,0,1,1][0,0,0,0,1,1][0,0,2,2,2,2][0,0,2,2,2,2][1,1,3,3,3,3][1,1,3,3,3,3]
615 [0,0,0,0,1,1][0,0,0,0,1,1][0,0,2,2,2,2][0,0,2,2,3,3][0,0,2,3,2,3][0,0,2,3,3,2]
616 [0,0,0,0,1,1][0,0,0,0,1,1][0,0,2,2,2,2][0,0,2,2,3,3][0,0,3,3,2,2][0,0,3,3,3,3]
619 [0,0,0,0,1,1][0,0,0,0,1,1][0,0,2,2,2,2][0,0,2,2,3,3][1,1,2,2,2,2][1,1,2,2,3,3]
620 [0,0,0,0,1,1][0,0,0,0,1,1][0,0,2,2,2,2][0,0,2,2,3,3][1,1,2,3,2,3][1,1,2,3,3,2]
621 [0,0,0,0,1,1][0,0,0,0,1,1][0,0,2,2,2,2][0,0,2,2,3,3][1,1,3,3,2,2][1,1,3,3,3,3]
622 [0,0,0,0,1,1][0,0,0,0,1,1][0,0,2,2,2,2][0,0,2,3,2,3][0,0,3,2,2,3][0,0,3,3,2,2]
623 [0,0,0,0,1,1][0,0,0,0,1,1][0,0,2,2,2,2][0,0,2,3,2,3][0,0,3,2,3,2][0,0,3,3,3,3]
624 [0,0,0,0,1,1][0,0,0,0,1,1][0,0,2,2,2,2][0,0,2,3,2,3][1,1,2,2,2,2][1,1,2,3,2,3]
625 [0,0,0,0,1,1][0,0,0,0,1,1][0,0,2,2,2,2][0,0,2,3,2,3][1,1,2,2,3,3][1,1,2,3,3,2]
626 [0,0,0,0,1,1][0,0,0,0,1,1][0,0,2,2,2,2][0,0,2,3,2,3][1,1,3,2,2,3][1,1,3,3,2,2]
627 [0,0,0,0,1,1][0,0,0,0,1,1][0,0,2,2,2,2][0,0,2,3,2,3][1,1,3,2,3,2][1,1,3,3,3,3]
630 [0,0,0,0,1,1][0,0,0,0,1,1][0,0,2,2,2,2][0,0,3,3,2,2][1,1,2,2,2,2][1,1,3,3,2,2]
631 [0,0,0,0,1,1][0,0,0,0,1,1][0,0,2,2,2,2][0,0,3,3,2,2][1,1,2,2,3,3][1,1,3,3,3,3]
632 [0,0,0,0,1,1][0,0,0,0,1,1][0,0,2,2,2,2][0,0,3,3,2,2][1,1,2,3,2,3][1,1,3,2,2,3]
633 [0,0,0,0,1,1][0,0,0,0,1,1][0,0,2,2,2,2][0,0,3,3,3,3][1,1,2,2,2,2][1,1,3,3,3,3]
634 [0,0,0,0,1,1][0,0,0,0,1,1][0,0,2,2,2,2][0,0,3,3,3,3][1,1,2,2,3,3][1,1,3,3,2,2]
635 [0,0,0,0,1,1][0,0,0,0,1,1][0,0,2,2,2,2][0,0,3,3,3,3][1,1,2,3,2,3][1,1,3,2,3,2]
642 [0,0,0,0,1,1][0,0,0,0,1,1][0,0,2,2,3,3][0,0,2,2,3,3][0,0,2,2,3,3][0,0,2,2,3,3]
643 [0,0,0,0,1,1][0,0,0,0,1,1][0,0,2,2,3,3][0,0,2,2,3,3][0,0,2,3,2,3][0,0,2,3,2,3]
644 [0,0,0,0,1,1][0,0,0,0,1,1][0,0,2,2,3,3][0,0,2,2,3,3][0,0,3,3,2,2][0,0,3,3,2,2]
645 [0,0,0,0,1,1][0,0,0,0,1,1][0,0,2,2,3,3][0,0,2,2,3,3][0,0,3,3,3,3][0,0,3,3,3,3]
649 [0,0,0,0,1,1][0,0,0,0,1,1][0,0,2,2,3,3][0,0,2,2,3,3][1,1,2,2,2,2][1,1,2,2,2,2]
650 [0,0,0,0,1,1][0,0,0,0,1,1][0,0,2,2,3,3][0,0,2,2,3,3][1,1,2,2,3,3][1,1,2,2,3,3]
651 [0,0,0,0,1,1][0,0,0,0,1,1][0,0,2,2,3,3][0,0,2,2,3,3][1,1,2,3,2,3][1,1,2,3,2,3]
652 [0,0,0,0,1,1][0,0,0,0,1,1][0,0,2,2,3,3][0,0,2,2,3,3][1,1,3,3,2,2][1,1,3,3,2,2]
653 [0,0,0,0,1,1][0,0,0,0,1,1][0,0,2,2,3,3][0,0,2,2,3,3][1,1,3,3,3,3][1,1,3,3,3,3]
654 [0,0,0,0,1,1][0,0,0,0,1,1][0,0,2,2,3,3][0,0,2,3,2,3][0,0,3,2,2,3][0,0,3,3,3,3]
655 [0,0,0,0,1,1][0,0,0,0,1,1][0,0,2,2,3,3][0,0,2,3,2,3][0,0,3,2,3,2][0,0,3,3,2,2]
656 [0,0,0,0,1,1][0,0,0,0,1,1][0,0,2,2,3,3][0,0,2,3,2,3][1,1,2,2,2,2][1,1,2,3,3,2]
657 [0,0,0,0,1,1][0,0,0,0,1,1][0,0,2,2,3,3][0,0,2,3,2,3][1,1,2,2,3,3][1,1,2,3,2,3]
658 [0,0,0,0,1,1][0,0,0,0,1,1][0,0,2,2,3,3][0,0,2,3,2,3][1,1,3,2,2,3][1,1,3,3,3,3]
659 [0,0,0,0,1,1][0,0,0,0,1,1][0,0,2,2,3,3][0,0,2,3,2,3][1,1,3,2,3,2][1,1,3,3,2,2]
660 [0,0,0,0,1,1][0,0,0,0,1,1][0,0,2,2,3,3][0,0,3,3,2,2][1,1,2,2,2,2][1,1,3,3,3,3]
661 [0,0,0,0,1,1][0,0,0,0,1,1][0,0,2,2,3,3][0,0,3,3,2,2][1,1,2,2,3,3][1,1,3,3,2,2]
662 [0,0,0,0,1,1][0,0,0,0,1,1][0,0,2,2,3,3][0,0,3,3,2,2][1,1,2,3,2,3][1,1,3,2,3,2]
665 [0,0,0,0,1,1][0,0,0,0,1,1][0,0,2,2,3,3][0,0,3,3,3,3][1,1,2,2,2,2][1,1,3,3,2,2]
666 [0,0,0,0,1,1][0,0,0,0,1,1][0,0,2,2,3,3][0,0,3,3,3,3][1,1,2,2,3,3][1,1,3,3,3,3]
667 [0,0,0,0,1,1][0,0,0,0,1,1][0,0,2,2,3,3][0,0,3,3,3,3][1,1,2,3,2,3][1,1,3,2,2,3]
673 [0,0,0,0,1,1][0,0,0,0,1,1][0,0,2,3,2,3][0,0,2,3,2,3][0,0,2,3,2,3][0,0,2,3,2,3]
674 [0,0,0,0,1,1][0,0,0,0,1,1][0,0,2,3,2,3][0,0,2,3,2,3][0,0,2,3,3,2][0,0,2,3,3,2]
675 [0,0,0,0,1,1][0,0,0,0,1,1][0,0,2,3,2,3][0,0,2,3,2,3][0,0,3,2,2,3][0,0,3,2,2,3]
676 [0,0,0,0,1,1][0,0,0,0,1,1][0,0,2,3,2,3][0,0,2,3,2,3][0,0,3,2,3,2][0,0,3,2,3,2]
677 [0,0,0,0,1,1][0,0,0,0,1,1][0,0,2,3,2,3][0,0,2,3,2,3][0,0,3,3,2,2][0,0,3,3,2,2]
678 [0,0,0,0,1,1][0,0,0,0,1,1][0,0,2,3,2,3][0,0,2,3,2,3][0,0,3,3,3,3][0,0,3,3,3,3]
683 [0,0,0,0,1,1][0,0,0,0,1,1][0,0,2,3,2,3][0,0,2,3,2,3][1,1,2,2,2,2][1,1,2,2,2,2]
684 [0,0,0,0,1,1][0,0,0,0,1,1][0,0,2,3,2,3][0,0,2,3,2,3][1,1,2,2,3,3][1,1,2,2,3,3]
685 [0,0,0,0,1,1][0,0,0,0,1,1][0,0,2,3,2,3][0,0,2,3,2,3][1,1,2,3,2,3][1,1,2,3,2,3]
686 [0,0,0,0,1,1][0,0,0,0,1,1][0,0,2,3,2,3][0,0,2,3,2,3][1,1,2,3,3,2][1,1,2,3,3,2]
687 [0,0,0,0,1,1][0,0,0,0,1,1][0,0,2,3,2,3][0,0,2,3,2,3][1,1,3,2,2,3][1,1,3,2,2,3]
688 [0,0,0,0,1,1][0,0,0,0,1,1][0,0,2,3,2,3][0,0,2,3,2,3][1,1,3,2,3,2][1,1,3,2,3,2]
689 [0,0,0,0,1,1][0,0,0,0,1,1][0,0,2,3,2,3][0,0,2,3,2,3][1,1,3,3,2,2][1,1,3,3,2,2]
690 [0,0,0,0,1,1][0,0,0,0,1,1][0,0,2,3,2,3][0,0,2,3,2,3][1,1,3,3,3,3][1,1,3,3,3,3]
691 [0,0,0,0,1,1][0,0,0,0,1,1][0,0,2,3,2,3][0,0,2,3,3,2][0,0,3,2,2,3][0,0,3,2,3,2]
692 [0,0,0,0,1,1][0,0,0,0,1,1][0,0,2,3,2,3][0,0,2,3,3,2][0,0,3,3,2,2][0,0,3,3,3,3]
695 [0,0,0,0,1,1][0,0,0,0,1,1][0,0,2,3,2,3][0,0,2,3,3,2][1,1,2,2,2,2][1,1,2,2,3,3]
696 [0,0,0,0,1,1][0,0,0,0,1,1][0,0,2,3,2,3][0,0,2,3,3,2][1,1,2,3,2,3][1,1,2,3,3,2]
697 [0,0,0,0,1,1][0,0,0,0,1,1][0,0,2,3,2,3][0,0,2,3,3,2][1,1,3,2,2,3][1,1,3,2,3,2]
698 [0,0,0,0,1,1][0,0,0,0,1,1][0,0,2,3,2,3][0,0,2,3,3,2][1,1,3,3,2,2][1,1,3,3,3,3]
701 [0,0,0,0,1,1][0,0,0,0,1,1][0,0,2,3,2,3][0,0,3,2,2,3][1,1,2,2,2,2][1,1,3,3,2,2]
702 [0,0,0,0,1,1][0,0,0,0,1,1][0,0,2,3,2,3][0,0,3,2,2,3][1,1,2,2,3,3][1,1,3,3,3,3]
703 [0,0,0,0,1,1][0,0,0,0,1,1][0,0,2,3,2,3][0,0,3,2,2,3][1,1,2,3,2,3][1,1,3,2,2,3]
704 [0,0,0,0,1,1][0,0,0,0,1,1][0,0,2,3,2,3][0,0,3,2,2,3][1,1,2,3,3,2][1,1,3,2,3,2]
705 [0,0,0,0,1,1][0,0,0,0,1,1][0,0,2,3,2,3][0,0,3,2,3,2][1,1,2,2,2,2][1,1,3,3,3,3]
706 [0,0,0,0,1,1][0,0,0,0,1,1][0,0,2,3,2,3][0,0,3,2,3,2][1,1,2,2,3,3][1,1,3,3,2,2]
707 [0,0,0,0,1,1][0,0,0,0,1,1][0,0,2,3,2,3][0,0,3,2,3,2][1,1,2,3,2,3][1,1,3,2,3,2]
708 [0,0,0,0,1,1][0,0,0,0,1,1][0,0,2,3,2,3][0,0,3,2,3,2][1,1,2,3,3,2][1,1,3,2,2,3]
709 [0,0,0,0,1,1][0,0,0,0,1,1][0,0,2,3,2,3][0,0,3,3,2,2][1,1,2,2,2,2][1,1,3,2,2,3]
710 [0,0,0,0,1,1][0,0,0,0,1,1][0,0,2,3,2,3][0,0,3,3,2,2][1,1,2,2,3,3][1,1,3,2,3,2]
711 [0,0,0,0,1,1][0,0,0,0,1,1][0,0,2,3,2,3][0,0,3,3,2,2][1,1,2,3,2,3][1,1,3,3,2,2]
712 [0,0,0,0,1,1][0,0,0,0,1,1][0,0,2,3,2,3][0,0,3,3,2,2][1,1,2,3,3,2][1,1,3,3,3,3]
713 [0,0,0,0,1,1][0,0,0,0,1,1][0,0,2,3,2,3][0,0,3,3,3,3][1,1,2,2,2,2][1,1,3,2,3,2]
714 [0,0,0,0,1,1][0,0,0,0,1,1][0,0,2,3,2,3][0,0,3,3,3,3][1,1,2,2,3,3][1,1,3,2,2,3]
715 [0,0,0,0,1,1][0,0,0,0,1,1][0,0,2,3,2,3][0,0,3,3,3,3][1,1,2,3,2,3][1,1,3,3,3,3]
716 [0,0,0,0,1,1][0,0,0,0,1,1][0,0,2,3,2,3][0,0,3,3,3,3][1,1,2,3,3,2][1,1,3,3,2,2]
741 [0,0,0,0,1,1][0,0,0,0,1,1][0,0,3,3,2,2][0,0,3,3,2,2][0,0,3,3,2,2][0,0,3,3,2,2]
742 [0,0,0,0,1,1][0,0,0,0,1,1][0,0,3,3,2,2][0,0,3,3,2,2][0,0,3,3,3,3][0,0,3,3,3,3]
746 [0,0,0,0,1,1][0,0,0,0,1,1][0,0,3,3,2,2][0,0,3,3,2,2][1,1,2,2,2,2][1,1,2,2,2,2]
747 [0,0,0,0,1,1][0,0,0,0,1,1][0,0,3,3,2,2][0,0,3,3,2,2][1,1,2,2,3,3][1,1,2,2,3,3]
748 [0,0,0,0,1,1][0,0,0,0,1,1][0,0,3,3,2,2][0,0,3,3,2,2][1,1,2,3,2,3][1,1,2,3,2,3]
749 [0,0,0,0,1,1][0,0,0,0,1,1][0,0,3,3,2,2][0,0,3,3,2,2][1,1,3,3,2,2][1,1,3,3,2,2]
750 [0,0,0,0,1,1][0,0,0,0,1,1][0,0,3,3,2,2][0,0,3,3,2,2][1,1,3,3,3,3][1,1,3,3,3,3]
753 [0,0,0,0,1,1][0,0,0,0,1,1][0,0,3,3,2,2][0,0,3,3,3,3][1,1,2,2,2,2][1,1,2,2,3,3]
754 [0,0,0,0,1,1][0,0,0,0,1,1][0,0,3,3,2,2][0,0,3,3,3,3][1,1,2,3,2,3][1,1,2,3,3,2]
755 [0,0,0,0,1,1][0,0,0,0,1,1][0,0,3,3,2,2][0,0,3,3,3,3][1,1,3,3,2,2][1,1,3,3,3,3]
764 [0,0,0,0,1,1][0,0,0,0,1,1][0,0,3,3,3,3][0,0,3,3,3,3][0,0,3,3,3,3][0,0,3,3,3,3]
768 [0,0,0,0,1,1][0,0,0,0,1,1][0,0,3,3,3,3][0,0,3,3,3,3][1,1,2,2,2,2][1,1,2,2,2,2]
769 [0,0,0,0,1,1][0,0,0,0,1,1][0,0,3,3,3,3][0,0,3,3,3,3][1,1,2,2,3,3][1,1,2,2,3,3]
770 [0,0,0,0,1,1][0,0,0,0,1,1][0,0,3,3,3,3][0,0,3,3,3,3][1,1,2,3,2,3][1,1,2,3,2,3]
771 [0,0,0,0,1,1][0,0,0,0,1,1][0,0,3,3,3,3][0,0,3,3,3,3][1,1,3,3,2,2][1,1,3,3,2,2]
772 [0,0,0,0,1,1][0,0,0,0,1,1][0,0,3,3,3,3][0,0,3,3,3,3][1,1,3,3,3,3][1,1,3,3,3,3]
856 [0,0,0,0,1,1][0,0,0,0,1,1][1,1,2,2,2,2][1,1,2,2,2,2][1,1,2,2,2,2][1,1,2,2,2,2]
857 [0,0,0,0,1,1][0,0,0,0,1,1][1,1,2,2,2,2][1,1,2,2,2,2][1,1,2,2,3,3][1,1,2,2,3,3]
858 [0,0,0,0,1,1][0,0,0,0,1,1][1,1,2,2,2,2][1,1,2,2,2,2][1,1,2,3,2,3][1,1,2,3,2,3]
859 [0,0,0,0,1,1][0,0,0,0,1,1][1,1,2,2,2,2][1,1,2,2,2,2][1,1,3,3,2,2][1,1,3,3,2,2]
860 [0,0,0,0,1,1][0,0,0,0,1,1][1,1,2,2,2,2][1,1,2,2,2,2][1,1,3,3,3,3][1,1,3,3,3,3]
861 [0,0,0,0,1,1][0,0,0,0,1,1][1,1,2,2,2,2][1,1,2,2,3,3][1,1,2,3,2,3][1,1,2,3,3,2]
862 [0,0,0,0,1,1][0,0,0,0,1,1][1,1,2,2,2,2][1,1,2,2,3,3][1,1,3,3,2,2][1,1,3,3,3,3]
863 [0,0,0,0,1,1][0,0,0,0,1,1][1,1,2,2,2,2][1,1,2,3,2,3][1,1,3,2,2,3][1,1,3,3,2,2]
864 [0,0,0,0,1,1][0,0,0,0,1,1][1,1,2,2,2,2][1,1,2,3,2,3][1,1,3,2,3,2][1,1,3,3,3,3]
865 [0,0,0,0,1,1][0,0,0,0,1,1][1,1,2,2,3,3][1,1,2,2,3,3][1,1,2,2,3,3][1,1,2,2,3,3]
866 [0,0,0,0,1,1][0,0,0,0,1,1][1,1,2,2,3,3][1,1,2,2,3,3][1,1,2,3,2,3][1,1,2,3,2,3]
867 [0,0,0,0,1,1][0,0,0,0,1,1][1,1,2,2,3,3][1,1,2,2,3,3][1,1,3,3,2,2][1,1,3,3,2,2]
868 [0,0,0,0,1,1][0,0,0,0,1,1][1,1,2,2,3,3][1,1,2,2,3,3][1,1,3,3,3,3][1,1,3,3,3,3]
869 [0,0,0,0,1,1][0,0,0,0,1,1][1,1,2,2,3,3][1,1,2,3,2,3][1,1,3,2,2,3][1,1,3,3,3,3]
870 [0,0,0,0,1,1][0,0,0,0,1,1][1,1,2,2,3,3][1,1,2,3,2,3][1,1,3,2,3,2][1,1,3,3,2,2]
871 [0,0,0,0,1,1][0,0,0,0,1,1][1,1,2,3,2,3][1,1,2,3,2,3][1,1,2,3,2,3][1,1,2,3,2,3]
872 [0,0,0,0,1,1][0,0,0,0,1,1][1,1,2,3,2,3][1,1,2,3,2,3][1,1,2,3,3,2][1,1,2,3,3,2]
873 [0,0,0,0,1,1][0,0,0,0,1,1][1,1,2,3,2,3][1,1,2,3,2,3][1,1,3,2,2,3][1,1,3,2,2,3]
874 [0,0,0,0,1,1][0,0,0,0,1,1][1,1,2,3,2,3][1,1,2,3,2,3][1,1,3,2,3,2][1,1,3,2,3,2]
875 [0,0,0,0,1,1][0,0,0,0,1,1][1,1,2,3,2,3][1,1,2,3,2,3][1,1,3,3,2,2][1,1,3,3,2,2]
876 [0,0,0,0,1,1][0,0,0,0,1,1][1,1,2,3,2,3][1,1,2,3,2,3][1,1,3,3,3,3][1,1,3,3,3,3]
877 [0,0,0,0,1,1][0,0,0,0,1,1][1,1,2,3,2,3][1,1,2,3,3,2][1,1,3,2,2,3][1,1,3,2,3,2]
878 [0,0,0,0,1,1][0,0,0,0,1,1][1,1,2,3,2,3][1,1,2,3,3,2][1,1,3,3,2,2][1,1,3,3,3,3]
880 [0,0,0,0,1,1][0,0,0,0,1,1][1,1,3,3,2,2][1,1,3,3,2,2][1,1,3,3,2,2][1,1,3,3,2,2]
881 [0,0,0,0,1,1][0,0,0,0,1,1][1,1,3,3,2,2][1,1,3,3,2,2][1,1,3,3,3,3][1,1,3,3,3,3]
882 [0,0,0,0,1,1][0,0,0,0,1,1][1,1,3,3,3,3][1,1,3,3,3,3][1,1,3,3,3,3][1,1,3,3,3,3]
883 [0,0,0,0,1,1][0,0,0,0,1,1][2,2,2,2,1,1][2,2,2,2,1,1][2,2,2,2,1,1][2,2,2,2,1,1]
884 [0,0,0,0,1,1][0,0,0,0,1,1][2,2,2,2,1,1][2,2,2,2,1,1][2,2,3,3,1,1][2,2,3,3,1,1]
885 [0,0,0,0,1,1][0,0,0,0,1,1][2,2,2,2,1,1][2,2,2,2,1,1][3,3,3,3,1,1][3,3,3,3,1,1]
886 [0,0,0,0,1,1][0,0,0,0,1,1][2,2,2,2,1,1][2,2,3,3,1,1][2,3,2,3,1,1][2,3,3,2,1,1]
887 [0,0,0,0,1,1][0,0,0,0,1,1][2,2,2,2,1,1][2,2,3,3,1,1][3,3,2,2,1,1][3,3,3,3,1,1]
888 [0,0,0,0,1,1][0,0,0,0,1,1][2,2,3,3,1,1][2,2,3,3,1,1][2,2,3,3,1,1][2,2,3,3,1,1]
889 [0,0,0,0,1,1][0,0,0,0,1,1][2,2,3,3,1,1][2,2,3,3,1,1][2,3,2,3,1,1][2,3,2,3,1,1]
890 [0,0,0,0,1,1][0,0,0,0,1,1][2,2,3,3,1,1][2,2,3,3,1,1][3,3,2,2,1,1][3,3,2,2,1,1]
891 [0,0,0,0,1,1][0,0,0,0,1,1][2,2,3,3,1,1][2,2,3,3,1,1][3,3,3,3,1,1][3,3,3,3,1,1]
892 [0,0,0,0,1,1][0,0,0,0,1,1][2,2,3,3,1,1][2,3,2,3,1,1][3,2,2,3,1,1][3,3,3,3,1,1]
893 [0,0,0,0,1,1][0,0,0,0,1,1][2,2,3,3,1,1][2,3,2,3,1,1][3,2,3,2,1,1][3,3,2,2,1,1]
894 [0,0,0,0,1,1][0,0,0,0,1,1][3,3,3,3,1,1][3,3,3,3,1,1][3,3,3,3,1,1][3,3,3,3,1,1]
1813 [0,0,1,1,1,1][0,0,1,1,1,1][0,0,2,2,2,2][0,0,2,2,2,2][0,0,2,2,2,2][0,0,2,2,2,2]
1814 [0,0,1,1,1,1][0,0,1,1,1,1][0,0,2,2,2,2][0,0,2,2,2,2][0,0,2,2,3,3][0,0,2,2,3,3]
1815 [0,0,1,1,1,1][0,0,1,1,1,1][0,0,2,2,2,2][0,0,2,2,2,2][0,0,3,3,3,3][0,0,3,3,3,3]
1818 [0,0,1,1,1,1][0,0,1,1,1,1][0,0,2,2,2,2][0,0,2,2,2,2][1,1,2,2,2,2][1,1,2,2,2,2]
1819 [0,0,1,1,1,1][0,0,1,1,1,1][0,0,2,2,2,2][0,0,2,2,2,2][1,1,2,2,3,3][1,1,2,2,3,3]
1820 [0,0,1,1,1,1][0,0,1,1,1,1][0,0,2,2,2,2][0,0,2,2,2,2][1,1,3,3,3,3][1,1,3,3,3,3]
1821 [0,0,1,1,1,1][0,0,1,1,1,1][0,0,2,2,2,2][0,0,2,2,3,3][0,0,2,3,2,3][0,0,2,3,3,2]
1822 [0,0,1,1,1,1][0,0,1,1,1,1][0,0,2,2,2,2][0,0,2,2,3,3][0,0,3,3,2,2][0,0,3,3,3,3]
1825 [0,0,1,1,1,1][0,0,1,1,1,1][0,0,2,2,2,2][0,0,2,2,3,3][1,1,2,2,2,2][1,1,2,2,3,3]
1826 [0,0,1,1,1,1][0,0,1,1,1,1][0,0,2,2,2,2][0,0,2,2,3,3][1,1,2,3,2,3][1,1,2,3,3,2]
1827 [0,0,1,1,1,1][0,0,1,1,1,1][0,0,2,2,2,2][0,0,2,2,3,3][1,1,3,3,2,2][1,1,3,3,3,3]
1828 [0,0,1,1,1,1][0,0,1,1,1,1][0,0,2,2,2,2][0,0,3,3,3,3][1,1,2,2,2,2][1,1,3,3,3,3]
1829 [0,0,1,1,1,1][0,0,1,1,1,1][0,0,2,2,2,2][0,0,3,3,3,3][1,1,2,2,3,3][1,1,3,3,2,2]
1834 [0,0,1,1,1,1][0,0,1,1,1,1][0,0,2,2,3,3][0,0,2,2,3,3][0,0,2,2,3,3][0,0,2,2,3,3]
1835 [0,0,1,1,1,1][0,0,1,1,1,1][0,0,2,2,3,3][0,0,2,2,3,3][0,0,2,3,2,3][0,0,2,3,2,3]
1836 [0,0,1,1,1,1][0,0,1,1,1,1][0,0,2,2,3,3][0,0,2,2,3,3][0,0,3,3,2,2][0,0,3,3,2,2]
1837 [0,0,1,1,1,1][0,0,1,1,1,1][0,0,2,2,3,3][0,0,2,2,3,3][0,0,3,3,3,3][0,0,3,3,3,3]
1841 [0,0,1,1,1,1][0,0,1,1,1,1][0,0,2,2,3,3][0,0,2,2,3,3][1,1,2,2,2,2][1,1,2,2,2,2]
1842 [0,0,1,1,1,1][0,0,1,1,1,1][0,0,2,2,3,3][0,0,2,2,3,3][1,1,2,2,3,3][1,1,2,2,3,3]
1843 [0,0,1,1,1,1][0,0,1,1,1,1][0,0,2,2,3,3][0,0,2,2,3,3][1,1,2,3,2,3][1,1,2,3,2,3]
1844 [0,0,1,1,1,1][0,0,1,1,1,1][0,0,2,2,3,3][0,0,2,2,3,3][1,1,3,3,2,2][1,1,3,3,2,2]
1845 [0,0,1,1,1,1][0,0,1,1,1,1][0,0,2,2,3,3][0,0,2,2,3,3][1,1,3,3,3,3][1,1,3,3,3,3]
1846 [0,0,1,1,1,1][0,0,1,1,1,1][0,0,2,2,3,3][0,0,2,3,2,3][0,0,3,2,2,3][0,0,3,3,3,3]
1847 [0,0,1,1,1,1][0,0,1,1,1,1][0,0,2,2,3,3][0,0,2,3,2,3][0,0,3,2,3,2][0,0,3,3,2,2]
1850 [0,0,1,1,1,1][0,0,1,1,1,1][0,0,2,2,3,3][0,0,2,3,2,3][1,1,2,2,2,2][1,1,2,3,3,2]
1851 [0,0,1,1,1,1][0,0,1,1,1,1][0,0,2,2,3,3][0,0,2,3,2,3][1,1,2,2,3,3][1,1,2,3,2,3]
1852 [0,0,1,1,1,1][0,0,1,1,1,1][0,0,2,2,3,3][0,0,2,3,2,3][1,1,3,2,2,3][1,1,3,3,3,3]
1853 [0,0,1,1,1,1][0,0,1,1,1,1][0,0,2,2,3,3][0,0,2,3,2,3][1,1,3,2,3,2][1,1,3,3,2,2]
1854 [0,0,1,1,1,1][0,0,1,1,1,1][0,0,2,2,3,3][0,0,3,3,2,2][1,1,2,2,2,2][1,1,3,3,3,3]
1855 [0,0,1,1,1,1][0,0,1,1,1,1][0,0,2,2,3,3][0,0,3,3,2,2][1,1,2,2,3,3][1,1,3,3,2,2]
1856 [0,0,1,1,1,1][0,0,1,1,1,1][0,0,2,2,3,3][0,0,3,3,2,2][1,1,2,3,2,3][1,1,3,2,3,2]
1859 [0,0,1,1,1,1][0,0,1,1,1,1][0,0,2,2,3,3][0,0,3,3,3,3][1,1,2,2,2,2][1,1,3,3,2,2]
1860 [0,0,1,1,1,1][0,0,1,1,1,1][0,0,2,2,3,3][0,0,3,3,3,3][1,1,2,2,3,3][1,1,3,3,3,3]
1861 [0,0,1,1,1,1][0,0,1,1,1,1][0,0,2,2,3,3][0,0,3,3,3,3][1,1,2,3,2,3][1,1,3,2,2,3]
1872 [0,0,1,1,1,1][0,0,1,1,1,1][0,0,3,3,3,3][0,0,3,3,3,3][0,0,3,3,3,3][0,0,3,3,3,3]
1875 [0,0,1,1,1,1][0,0,1,1,1,1][0,0,3,3,3,3][0,0,3,3,3,3][1,1,2,2,2,2][1,1,2,2,2,2]
1876 [0,0,1,1,1,1][0,0,1,1,1,1][0,0,3,3,3,3][0,0,3,3,3,3][1,1,2,2,3,3][1,1,2,2,3,3]
1877 [0,0,1,1,1,1][0,0,1,1,1,1][0,0,3,3,3,3][0,0,3,3,3,3][1,1,3,3,3,3][1,1,3,3,3,3]
1981 [0,0,1,1,1,1][0,0,1,1,1,1][1,1,2,2,2,2][1,1,2,2,2,2][1,1,2,2,2,2][1,1,2,2,2,2]
1982 [0,0,1,1,1,1][0,0,1,1,1,1][1,1,2,2,2,2][1,1,2,2,2,2][1,1,2,2,3,3][1,1,2,2,3,3]
1983 [0,0,1,1,1,1][0,0,1,1,1,1][1,1,2,2,2,2][1,1,2,2,2,2][1,1,3,3,3,3][1,1,3,3,3,3]
1984 [0,0,1,1,1,1][0,0,1,1,1,1][1,1,2,2,2,2][1,1,2,2,3,3][1,1,2,3,2,3][1,1,2,3,3,2]
1985 [0,0,1,1,1,1][0,0,1,1,1,1][1,1,2,2,2,2][1,1,2,2,3,3][1,1,3,3,2,2][1,1,3,3,3,3]
1986 [0,0,1,1,1,1][0,0,1,1,1,1][1,1,2,2,3,3][1,1,2,2,3,3][1,1,2,2,3,3][1,1,2,2,3,3]
1987 [0,0,1,1,1,1][0,0,1,1,1,1][1,1,2,2,3,3][1,1,2,2,3,3][1,1,2,3,2,3][1,1,2,3,2,3]
1988 [0,0,1,1,1,1][0,0,1,1,1,1][1,1,2,2,3,3][1,1,2,2,3,3][1,1,3,3,2,2][1,1,3,3,2,2]
1989 [0,0,1,1,1,1][0,0,1,1,1,1][1,1,2,2,3,3][1,1,2,2,3,3][1,1,3,3,3,3][1,1,3,3,3,3]
1990 [0,0,1,1,1,1][0,0,1,1,1,1][1,1,2,2,3,3][1,1,2,3,2,3][1,1,3,2,2,3][1,1,3,3,3,3]
1991 [0,0,1,1,1,1][0,0,1,1,1,1][1,1,2,2,3,3][1,1,2,3,2,3][1,1,3,2,3,2][1,1,3,3,2,2]
1992 [0,0,1,1,1,1][0,0,1,1,1,1][1,1,3,3,3,3][1,1,3,3,3,3][1,1,3,3,3,3][1,1,3,3,3,3]
2002 [0,0,1,1,1,1][0,0,1,1,1,1][2,2,1,1,2,2][2,2,1,1,2,2][2,2,1,1,2,2][2,2,1,1,2,2]
2003 [0,0,1,1,1,1][0,0,1,1,1,1][2,2,1,1,2,2][2,2,1,1,2,2][2,2,1,1,3,3][2,2,1,1,3,3]
2004 [0,0,1,1,1,1][0,0,1,1,1,1][2,2,1,1,2,2][2,2,1,1,2,2][2,3,1,1,2,3][2,3,1,1,2,3]
2005 [0,0,1,1,1,1][0,0,1,1,1,1][2,2,1,1,2,2][2,2,1,1,2,2][3,3,1,1,2,2][3,3,1,1,2,2]
2006 [0,0,1,1,1,1][0,0,1,1,1,1][2,2,1,1,2,2][2,2,1,1,2,2][3,3,1,1,3,3][3,3,1,1,3,3]
2007 [0,0,1,1,1,1][0,0,1,1,1,1][2,2,1,1,2,2][2,2,1,1,3,3][2,3,1,1,2,3][2,3,1,1,3,2]
2008 [0,0,1,1,1,1][0,0,1,1,1,1][2,2,1,1,2,2][2,2,1,1,3,3][3,3,1,1,2,2][3,3,1,1,3,3]
2010 [0,0,1,1,1,1][0,0,1,1,1,1][2,2,1,1,2,2][2,3,1,1,2,3][3,2,1,1,2,3][3,3,1,1,2,2]
2011 [0,0,1,1,1,1][0,0,1,1,1,1][2,2,1,1,2,2][2,3,1,1,2,3][3,2,1,1,3,2][3,3,1,1,3,3]
2012 [0,0,1,1,1,1][0,0,1,1,1,1][2,2,1,1,3,3][2,2,1,1,3,3][2,2,1,1,3,3][2,2,1,1,3,3]
2013 [0,0,1,1,1,1][0,0,1,1,1,1][2,2,1,1,3,3][2,2,1,1,3,3][2,3,1,1,2,3][2,3,1,1,2,3]
2014 [0,0,1,1,1,1][0,0,1,1,1,1][2,2,1,1,3,3][2,2,1,1,3,3][3,3,1,1,2,2][3,3,1,1,2,2]
2015 [0,0,1,1,1,1][0,0,1,1,1,1][2,2,1,1,3,3][2,2,1,1,3,3][3,3,1,1,3,3][3,3,1,1,3,3]
2018 [0,0,1,1,1,1][0,0,1,1,1,1][2,2,1,1,3,3][2,3,1,1,2,3][3,2,1,1,2,3][3,3,1,1,3,3]
2019 [0,0,1,1,1,1][0,0,1,1,1,1][2,2,1,1,3,3][2,3,1,1,2,3][3,2,1,1,3,2][3,3,1,1,2,2]
2022 [0,0,1,1,1,1][0,0,1,1,1,1][2,3,1,1,2,3][2,3,1,1,2,3][2,3,1,1,2,3][2,3,1,1,2,3]
2023 [0,0,1,1,1,1][0,0,1,1,1,1][2,3,1,1,2,3][2,3,1,1,2,3][2,3,1,1,3,2][2,3,1,1,3,2]
2024 [0,0,1,1,1,1][0,0,1,1,1,1][2,3,1,1,2,3][2,3,1,1,2,3][3,2,1,1,2,3][3,2,1,1,2,3]
2025 [0,0,1,1,1,1][0,0,1,1,1,1][2,3,1,1,2,3][2,3,1,1,2,3][3,2,1,1,3,2][3,2,1,1,3,2]
2026 [0,0,1,1,1,1][0,0,1,1,1,1][2,3,1,1,2,3][2,3,1,1,2,3][3,3,1,1,2,2][3,3,1,1,2,2]
2027 [0,0,1,1,1,1][0,0,1,1,1,1][2,3,1,1,2,3][2,3,1,1,2,3][3,3,1,1,3,3][3,3,1,1,3,3]
2028 [0,0,1,1,1,1][0,0,1,1,1,1][2,3,1,1,2,3][2,3,1,1,3,2][3,2,1,1,2,3][3,2,1,1,3,2]
2029 [0,0,1,1,1,1][0,0,1,1,1,1][2,3,1,1,2,3][2,3,1,1,3,2][3,3,1,1,2,2][3,3,1,1,3,3]
2030 [0,0,1,1,1,1][0,0,1,1,1,1][3,3,1,1,2,2][3,3,1,1,2,2][3,3,1,1,2,2][3,3,1,1,2,2]
2031 [0,0,1,1,1,1][0,0,1,1,1,1][3,3,1,1,2,2][3,3,1,1,2,2][3,3,1,1,3,3][3,3,1,1,3,3]
2032 [0,0,1,1,1,1][0,0,1,1,1,1][3,3,1,1,3,3][3,3,1,1,3,3][3,3,1,1,3,3][3,3,1,1,3,3]
2107 [0,0,2,2,2,2][0,0,2,2,2,2][0,0,2,2,2,2][0,0,2,2,2,2][1,1,0,0,0,0][1,1,0,0,0,0]
2108 [0,0,2,2,2,2][0,0,2,2,2,2][0,0,2,2,2,2][0,0,2,2,2,2][1,1,0,0,1,1][1,1,0,0,1,1]
2109 [0,0,2,2,2,2][0,0,2,2,2,2][0,0,2,2,2,2][0,0,2,2,2,2][1,1,1,1,1,1][1,1,1,1,1,1]
2110 [0,0,2,2,2,2][0,0,2,2,2,2][0,0,2,2,3,3][0,0,2,2,3,3][1,1,0,0,0,0][1,1,0,0,0,0]
2111 [0,0,2,2,2,2][0,0,2,2,2,2][0,0,2,2,3,3][0,0,2,2,3,3][1,1,0,0,1,1][1,1,0,0,1,1]
2112 [0,0,2,2,2,2][0,0,2,2,2,2][0,0,2,2,3,3][0,0,2,2,3,3][1,1,0,1,0,1][1,1,0,1,0,1]
2113 [0,0,2,2,2,2][0,0,2,2,2,2][0,0,2,2,3,3][0,0,2,2,3,3][1,1,1,1,0,0][1,1,1,1,0,0]
2114 [0,0,2,2,2,2][0,0,2,2,2,2][0,0,2,2,3,3][0,0,2,2,3,3][1,1,1,1,1,1][1,1,1,1,1,1]
2115 [0,0,2,2,2,2][0,0,2,2,2,2][0,0,3,3,3,3][0,0,3,3,3,3][1,1,0,0,0,0][1,1,0,0,0,0]
2116 [0,0,2,2,2,2][0,0,2,2,2,2][0,0,3,3,3,3][0,0,3,3,3,3][1,1,0,0,1,1][1,1,0,0,1,1]
2117 [0,0,2,2,2,2][0,0,2,2,2,2][0,0,3,3,3,3][0,0,3,3,3,3][1,1,1,1,1,1][1,1,1,1,1,1]
2146 [0,0,2,2,2,2][0,0,2,2,2,2][1,1,0,0,0,0][1,1,0,0,0,0][1,1,2,2,2,2][1,1,2,2,2,2]
2147 [0,0,2,2,2,2][0,0,2,2,2,2][1,1,0,0,0,0][1,1,0,0,0,0][1,1,2,2,3,3][1,1,2,2,3,3]
2148 [0,0,2,2,2,2][0,0,2,2,2,2][1,1,0,0,0,0][1,1,0,0,0,0][1,1,3,3,3,3][1,1,3,3,3,3]
2150 [0,0,2,2,2,2][0,0,2,2,2,2][1,1,0,0,1,1][1,1,0,0,1,1][1,1,2,2,2,2][1,1,2,2,2,2]
2151 [0,0,2,2,2,2][0,0,2,2,2,2][1,1,0,0,1,1][1,1,0,0,1,1][1,1,2,2,3,3][1,1,2,2,3,3]
2152 [0,0,2,2,2,2][0,0,2,2,2,2][1,1,0,0,1,1][1,1,0,0,1,1][1,1,2,3,2,3][1,1,2,3,2,3]
2153 [0,0,2,2,2,2][0,0,2,2,2,2][1,1,0,0,1,1][1,1,0,0,1,1][1,1,3,3,2,2][1,1,3,3,2,2]
2154 [0,0,2,2,2,2][0,0,2,2,2,2][1,1,0,0,1,1][1,1,0,0,1,1][1,1,3,3,3,3][1,1,3,3,3,3]
2156 [0,0,2,2,2,2][0,0,2,2,2,2][1,1,1,1,1,1][1,1,1,1,1,1][1,1,2,2,2,2][1,1,2,2,2,2]
2157 [0,0,2,2,2,2][0,0,2,2,2,2][1,1,1,1,1,1][1,1,1,1,1,1][1,1,2,2,3,3][1,1,2,2,3,3]
2158 [0,0,2,2,2,2][0,0,2,2,2,2][1,1,1,1,1,1][1,1,1,1,1,1][1,1,3,3,3,3][1,1,3,3,3,3]
2181 [0,0,2,2,2,2][0,0,2,2,3,3][0,0,2,3,2,3][0,0,2,3,3,2][1,1,0,0,0,0][1,1,0,0,0,0]
2182 [0,0,2,2,2,2][0,0,2,2,3,3][0,0,2,3,2,3][0,0,2,3,3,2][1,1,0,0,1,1][1,1,0,0,1,1]
2183 [0,0,2,2,2,2][0,0,2,2,3,3][0,0,2,3,2,3][0,0,2,3,3,2][1,1,1,0,0,1][1,1,1,0,0,1]
2184 [0,0,2,2,2,2][0,0,2,2,3,3][0,0,2,3,2,3][0,0,2,3,3,2][1,1,1,1,1,1][1,1,1,1,1,1]
2185 [0,0,2,2,2,2][0,0,2,2,3,3][0,0,3,3,2,2][0,0,3,3,3,3][1,1,0,0,0,0][1,1,0,0,0,0]
2186 [0,0,2,2,2,2][0,0,2,2,3,3][0,0,3,3,2,2][0,0,3,3,3,3][1,1,0,0,1,1][1,1,0,0,1,1]
2187 [0,0,2,2,2,2][0,0,2,2,3,3][0,0,3,3,2,2][0,0,3,3,3,3][1,1,0,1,0,1][1,1,0,1,0,1]
2188 [0,0,2,2,2,2][0,0,2,2,3,3][0,0,3,3,2,2][0,0,3,3,3,3][1,1,1,1,1,1][1,1,1,1,1,1]
2197 [0,0,2,2,2,2][0,0,2,2,3,3][1,1,0,0,0,0][1,1,0,0,0,0][1,1,2,2,2,2][1,1,2,2,3,3]
2198 [0,0,2,2,2,2][0,0,2,2,3,3][1,1,0,0,0,0][1,1,0,0,0,0][1,1,2,3,2,3][1,1,2,3,3,2]
2199 [0,0,2,2,2,2][0,0,2,2,3,3][1,1,0,0,0,0][1,1,0,0,0,0][1,1,3,3,2,2][1,1,3,3,3,3]
2200 [0,0,2,2,2,2][0,0,2,2,3,3][1,1,0,0,1,1][1,1,0,0,1,1][1,1,2,2,2,2][1,1,2,2,3,3]
2201 [0,0,2,2,2,2][0,0,2,2,3,3][1,1,0,0,1,1][1,1,0,0,1,1][1,1,2,3,2,3][1,1,2,3,3,2]
2202 [0,0,2,2,2,2][0,0,2,2,3,3][1,1,0,0,1,1][1,1,0,0,1,1][1,1,3,3,2,2][1,1,3,3,3,3]
2203 [0,0,2,2,2,2][0,0,2,2,3,3][1,1,0,1,0,1][1,1,0,1,0,1][1,1,2,2,2,2][1,1,2,2,3,3]
2204 [0,0,2,2,2,2][0,0,2,2,3,3][1,1,0,1,0,1][1,1,0,1,0,1][1,1,2,3,2,3][1,1,2,3,3,2]
2205 [0,0,2,2,2,2][0,0,2,2,3,3][1,1,0,1,0,1][1,1,0,1,0,1][1,1,3,2,2,3][1,1,3,2,3,2]
2206 [0,0,2,2,2,2][0,0,2,2,3,3][1,1,0,1,0,1][1,1,0,1,0,1][1,1,3,3,2,2][1,1,3,3,3,3]
2207 [0,0,2,2,2,2][0,0,2,2,3,3][1,1,1,1,0,0][1,1,1,1,0,0][1,1,2,2,2,2][1,1,2,2,3,3]
2208 [0,0,2,2,2,2][0,0,2,2,3,3][1,1,1,1,0,0][1,1,1,1,0,0][1,1,2,3,2,3][1,1,2,3,3,2]
2209 [0,0,2,2,2,2][0,0,2,2,3,3][1,1,1,1,0,0][1,1,1,1,0,0][1,1,3,3,2,2][1,1,3,3,3,3]
2210 [0,0,2,2,2,2][0,0,2,2,3,3][1,1,1,1,1,1][1,1,1,1,1,1][1,1,2,2,2,2][1,1,2,2,3,3]
2211 [0,0,2,2,2,2][0,0,2,2,3,3][1,1,1,1,1,1][1,1,1,1,1,1][1,1,2,3,2,3][1,1,2,3,3,2]
2212 [0,0,2,2,2,2][0,0,2,2,3,3][1,1,1,1,1,1][1,1,1,1,1,1][1,1,3,3,2,2][1,1,3,3,3,3]
2219 [0,0,2,2,2,2][0,0,3,3,3,3][1,1,0,0,0,0][1,1,0,0,0,0][1,1,2,2,2,2][1,1,3,3,3,3]
2220 [0,0,2,2,2,2][0,0,3,3,3,3][1,1,0,0,0,0][1,1,0,0,0,0][1,1,2,2,3,3][1,1,3,3,2,2]
2221 [0,0,2,2,2,2][0,0,3,3,3,3][1,1,0,0,1,1][1,1,0,0,1,1][1,1,2,2,2,2][1,1,3,3,3,3]
2222 [0,0,2,2,2,2][0,0,3,3,3,3][1,1,0,0,1,1][1,1,0,0,1,1][1,1,2,2,3,3][1,1,3,3,2,2]
2223 [0,0,2,2,2,2][0,0,3,3,3,3][1,1,0,0,1,1][1,1,0,0,1,1][1,1,2,3,2,3][1,1,3,2,3,2]
2224 [0,0,2,2,2,2][0,0,3,3,3,3][1,1,1,1,1,1][1,1,1,1,1,1][1,1,2,2,2,2][1,1,3,3,3,3]
2225 [0,0,2,2,2,2][0,0,3,3,3,3][1,1,1,1,1,1][1,1,1,1,1,1][1,1,2,2,3,3][1,1,3,3,2,2]
2237 [0,0,2,2,3,3][0,0,2,2,3,3][0,0,2,2,3,3][0,0,2,2,3,3][1,1,0,0,0,0][1,1,0,0,0,0]
2238 [0,0,2,2,3,3][0,0,2,2,3,3][0,0,2,2,3,3][0,0,2,2,3,3][1,1,0,0,1,1][1,1,0,0,1,1]
2239 [0,0,2,2,3,3][0,0,2,2,3,3][0,0,2,2,3,3][0,0,2,2,3,3][1,1,0,1,0,1][1,1,0,1,0,1]
2240 [0,0,2,2,3,3][0,0,2,2,3,3][0,0,2,2,3,3][0,0,2,2,3,3][1,1,1,1,0,0][1,1,1,1,0,0]
2241 [0,0,2,2,3,3][0,0,2,2,3,3][0,0,2,2,3,3][0,0,2,2,3,3][1,1,1,1,1,1][1,1,1,1,1,1]
2242 [0,0,2,2,3,3][0,0,2,2,3,3][0,0,2,3,2,3][0,0,2,3,2,3][1,1,0,0,0,0][1,1,0,0,0,0]
2243 [0,0,2,2,3,3][0,0,2,2,3,3][0,0,2,3,2,3][0,0,2,3,2,3][1,1,0,0,1,1][1,1,0,0,1,1]
2244 [0,0,2,2,3,3][0,0,2,2,3,3][0,0,2,3,2,3][0,0,2,3,2,3][1,1,0,1,1,0][1,1,0,1,1,0]
2245 [0,0,2,2,3,3][0,0,2,2,3,3][0,0,2,3,2,3][0,0,2,3,2,3][1,1,1,0,0,1][1,1,1,0,0,1]
2246 [0,0,2,2,3,3][0,0,2,2,3,3][0,0,2,3,2,3][0,0,2,3,2,3][1,1,1,0,1,0][1,1,1,0,1,0]
2247 [0,0,2,2,3,3][0,0,2,2,3,3][0,0,2,3,2,3][0,0,2,3,2,3][1,1,1,1,1,1][1,1,1,1,1,1]
2248 [0,0,2,2,3,3][0,0,2,2,3,3][0,0,3,3,2,2][0,0,3,3,2,2][1,1,0,0,0,0][1,1,0,0,0,0]
2249 [0,0,2,2,3,3][0,0,2,2,3,3][0,0,3,3,2,2][0,0,3,3,2,2][1,1,0,0,1,1][1,1,0,0,1,1]
2250 [0,0,2,2,3,3][0,0,2,2,3,3][0,0,3,3,2,2][0,0,3,3,2,2][1,1,0,1,0,1][1,1,0,1,0,1]
2251 [0,0,2,2,3,3][0,0,2,2,3,3][0,0,3,3,2,2][0,0,3,3,2,2][1,1,1,1,1,1][1,1,1,1,1,1]
2252 [0,0,2,2,3,3][0,0,2,2,3,3][0,0,3,3,3,3][0,0,3,3,3,3][1,1,0,0,0,0][1,1,0,0,0,0]
2253 [0,0,2,2,3,3][0,0,2,2,3,3][0,0,3,3,3,3][0,0,3,3,3,3][1,1,0,0,1,1][1,1,0,0,1,1]
2254 [0,0,2,2,3,3][0,0,2,2,3,3][0,0,3,3,3,3][0,0,3,3,3,3][1,1,0,1,0,1][1,1,0,1,0,1]
2255 [0,0,2,2,3,3][0,0,2,2,3,3][0,0,3,3,3,3][0,0,3,3,3,3][1,1,1,1,0,0][1,1,1,1,0,0]
2256 [0,0,2,2,3,3][0,0,2,2,3,3][0,0,3,3,3,3][0,0,3,3,3,3][1,1,1,1,1,1][1,1,1,1,1,1]
2305 [0,0,2,2,3,3][0,0,2,2,3,3][1,1,0,0,0,0][1,1,0,0,0,0][1,1,2,2,2,2][1,1,2,2,2,2]
2306 [0,0,2,2,3,3][0,0,2,2,3,3][1,1,0,0,0,0][1,1,0,0,0,0][1,1,2,2,3,3][1,1,2,2,3,3]
2307 [0,0,2,2,3,3][0,0,2,2,3,3][1,1,0,0,0,0][1,1,0,0,0,0][1,1,2,3,2,3][1,1,2,3,2,3]
2308 [0,0,2,2,3,3][0,0,2,2,3,3][1,1,0,0,0,0][1,1,0,0,0,0][1,1,3,3,2,2][1,1,3,3,2,2]
2309 [0,0,2,2,3,3][0,0,2,2,3,3][1,1,0,0,0,0][1,1,0,0,0,0][1,1,3,3,3,3][1,1,3,3,3,3]
2311 [0,0,2,2,3,3][0,0,2,2,3,3][1,1,0,0,1,1][1,1,0,0,1,1][1,1,2,2,2,2][1,1,2,2,2,2]
2312 [0,0,2,2,3,3][0,0,2,2,3,3][1,1,0,0,1,1][1,1,0,0,1,1][1,1,2,2,3,3][1,1,2,2,3,3]
2313 [0,0,2,2,3,3][0,0,2,2,3,3][1,1,0,0,1,1][1,1,0,0,1,1][1,1,2,3,2,3][1,1,2,3,2,3]
2314 [0,0,2,2,3,3][0,0,2,2,3,3][1,1,0,0,1,1][1,1,0,0,1,1][1,1,3,3,2,2][1,1,3,3,2,2]
2315 [0,0,2,2,3,3][0,0,2,2,3,3][1,1,0,0,1,1][1,1,0,0,1,1][1,1,3,3,3,3][1,1,3,3,3,3]
2317 [0,0,2,2,3,3][0,0,2,2,3,3][1,1,0,1,0,1][1,1,0,1,0,1][1,1,2,2,2,2][1,1,2,2,2,2]
2318 [0,0,2,2,3,3][0,0,2,2,3,3][1,1,0,1,0,1][1,1,0,1,0,1][1,1,2,2,3,3][1,1,2,2,3,3]
2319 [0,0,2,2,3,3][0,0,2,2,3,3][1,1,0,1,0,1][1,1,0,1,0,1][1,1,2,3,2,3][1,1,2,3,2,3]
2320 [0,0,2,2,3,3][0,0,2,2,3,3][1,1,0,1,0,1][1,1,0,1,0,1][1,1,2,3,3,2][1,1,2,3,3,2]
2321 [0,0,2,2,3,3][0,0,2,2,3,3][1,1,0,1,0,1][1,1,0,1,0,1][1,1,3,2,2,3][1,1,3,2,2,3]
2322 [0,0,2,2,3,3][0,0,2,2,3,3][1,1,0,1,0,1][1,1,0,1,0,1][1,1,3,2,3,2][1,1,3,2,3,2]
2323 [0,0,2,2,3,3][0,0,2,2,3,3][1,1,0,1,0,1][1,1,0,1,0,1][1,1,3,3,2,2][1,1,3,3,2,2]
2324 [0,0,2,2,3,3][0,0,2,2,3,3][1,1,0,1,0,1][1,1,0,1,0,1][1,1,3,3,3,3][1,1,3,3,3,3]
2333 [0,0,2,2,3,3][0,0,2,2,3,3][1,1,1,1,0,0][1,1,1,1,0,0][1,1,2,2,2,2][1,1,2,2,2,2]
2334 [0,0,2,2,3,3][0,0,2,2,3,3][1,1,1,1,0,0][1,1,1,1,0,0][1,1,2,2,3,3][1,1,2,2,3,3]
2335 [0,0,2,2,3,3][0,0,2,2,3,3][1,1,1,1,0,0][1,1,1,1,0,0][1,1,2,3,2,3][1,1,2,3,2,3]
2336 [0,0,2,2,3,3][0,0,2,2,3,3][1,1,1,1,0,0][1,1,1,1,0,0][1,1,3,3,2,2][1,1,3,3,2,2]
2337 [0,0,2,2,3,3][0,0,2,2,3,3][1,1,1,1,0,0][1,1,1,1,0,0][1,1,3,3,3,3][1,1,3,3,3,3]
2338 [0,0,2,2,3,3][0,0,2,2,3,3][1,1,1,1,1,1][1,1,1,1,1,1][1,1,2,2,2,2][1,1,2,2,2,2]
2339 [0,0,2,2,3,3][0,0,2,2,3,3][1,1,1,1,1,1][1,1,1,1,1,1][1,1,2,2,3,3][1,1,2,2,3,3]
2340 [0,0,2,2,3,3][0,0,2,2,3,3][1,1,1,1,1,1][1,1,1,1,1,1][1,1,2,3,2,3][1,1,2,3,2,3]
2341 [0,0,2,2,3,3][0,0,2,2,3,3][1,1,1,1,1,1][1,1,1,1,1,1][1,1,3,3,2,2][1,1,3,3,2,2]
2342 [0,0,2,2,3,3][0,0,2,2,3,3][1,1,1,1,1,1][1,1,1,1,1,1][1,1,3,3,3,3][1,1,3,3,3,3]
2402 [0,0,2,2,3,3][0,0,2,3,2,3][0,0,3,2,2,3][0,0,3,3,3,3][1,1,0,0,0,0][1,1,0,0,0,0]
2403 [0,0,2,2,3,3][0,0,2,3,2,3][0,0,3,2,2,3][0,0,3,3,3,3][1,1,0,0,1,1][1,1,0,0,1,1]
2404 [0,0,2,2,3,3][0,0,2,3,2,3][0,0,3,2,2,3][0,0,3,3,3,3][1,1,0,1,1,0][1,1,0,1,1,0]
2405 [0,0,2,2,3,3][0,0,2,3,2,3][0,0,3,2,2,3][0,0,3,3,3,3][1,1,1,1,1,1][1,1,1,1,1,1]
2406 [0,0,2,2,3,3][0,0,2,3,2,3][0,0,3,2,3,2][0,0,3,3,2,2][1,1,0,0,0,0][1,1,0,0,0,0]
2407 [0,0,2,2,3,3][0,0,2,3,2,3][0,0,3,2,3,2][0,0,3,3,2,2][1,1,0,0,1,1][1,1,0,0,1,1]
2408 [0,0,2,2,3,3][0,0,2,3,2,3][0,0,3,2,3,2][0,0,3,3,2,2][1,1,0,1,1,0][1,1,0,1,1,0]
2409 [0,0,2,2,3,3][0,0,2,3,2,3][0,0,3,2,3,2][0,0,3,3,2,2][1,1,1,1,1,1][1,1,1,1,1,1]
2410 [0,0,2,2,3,3][0,0,2,3,2,3][1,1,0,0,0,0][1,1,0,0,0,0][1,1,2,2,2,2][1,1,2,3,3,2]
2411 [0,0,2,2,3,3][0,0,2,3,2,3][1,1,0,0,0,0][1,1,0,0,0,0][1,1,2,2,3,3][1,1,2,3,2,3]
2412 [0,0,2,2,3,3][0,0,2,3,2,3][1,1,0,0,0,0][1,1,0,0,0,0][1,1,3,2,2,3][1,1,3,3,3,3]
2413 [0,0,2,2,3,3][0,0,2,3,2,3][1,1,0,0,0,0][1,1,0,0,0,0][1,1,3,2,3,2][1,1,3,3,2,2]
2414 [0,0,2,2,3,3][0,0,2,3,2,3][1,1,0,0,1,1][1,1,0,0,1,1][1,1,2,2,2,2][1,1,2,3,3,2]
2415 [0,0,2,2,3,3][0,0,2,3,2,3][1,1,0,0,1,1][1,1,0,0,1,1][1,1,2,2,3,3][1,1,2,3,2,3]
2416 [0,0,2,2,3,3][0,0,2,3,2,3][1,1,0,0,1,1][1,1,0,0,1,1][1,1,3,2,2,3][1,1,3,3,3,3]
2417 [0,0,2,2,3,3][0,0,2,3,2,3][1,1,0,0,1,1][1,1,0,0,1,1][1,1,3,2,3,2][1,1,3,3,2,2]
2418 [0,0,2,2,3,3][0,0,2,3,2,3][1,1,0,1,1,0][1,1,0,1,1,0][1,1,2,2,2,2][1,1,2,3,3,2]
2419 [0,0,2,2,3,3][0,0,2,3,2,3][1,1,0,1,1,0][1,1,0,1,1,0][1,1,2,2,3,3][1,1,2,3,2,3]
2420 [0,0,2,2,3,3][0,0,2,3,2,3][1,1,0,1,1,0][1,1,0,1,1,0][1,1,3,2,2,3][1,1,3,3,3,3]
2421 [0,0,2,2,3,3][0,0,2,3,2,3][1,1,0,1,1,0][1,1,0,1,1,0][1,1,3,2,3,2][1,1,3,3,2,2]
2426 [0,0,2,2,3,3][0,0,2,3,2,3][1,1,1,0,0,1][1,1,1,0,0,1][1,1,2,2,2,2][1,1,2,3,3,2]
2427 [0,0,2,2,3,3][0,0,2,3,2,3][1,1,1,0,0,1][1,1,1,0,0,1][1,1,2,2,3,3][1,1,2,3,2,3]
2428 [0,0,2,2,3,3][0,0,2,3,2,3][1,1,1,0,0,1][1,1,1,0,0,1][1,1,3,2,2,3][1,1,3,3,3,3]
2429 [0,0,2,2,3,3][0,0,2,3,2,3][1,1,1,0,0,1][1,1,1,0,0,1][1,1,3,2,3,2][1,1,3,3,2,2]
2430 [0,0,2,2,3,3][0,0,2,3,2,3][1,1,1,0,1,0][1,1,1,0,1,0][1,1,2,2,2,2][1,1,2,3,3,2]
2431 [0,0,2,2,3,3][0,0,2,3,2,3][1,1,1,0,1,0][1,1,1,0,1,0][1,1,2,2,3,3][1,1,2,3,2,3]
2432 [0,0,2,2,3,3][0,0,2,3,2,3][1,1,1,0,1,0][1,1,1,0,1,0][1,1,3,2,2,3][1,1,3,3,3,3]
2433 [0,0,2,2,3,3][0,0,2,3,2,3][1,1,1,0,1,0][1,1,1,0,1,0][1,1,3,2,3,2][1,1,3,3,2,2]
2434 [0,0,2,2,3,3][0,0,2,3,2,3][1,1,1,1,1,1][1,1,1,1,1,1][1,1,2,2,2,2][1,1,2,3,3,2]
2435 [0,0,2,2,3,3][0,0,2,3,2,3][1,1,1,1,1,1][1,1,1,1,1,1][1,1,2,2,3,3][1,1,2,3,2,3]
2436 [0,0,2,2,3,3][0,0,2,3,2,3][1,1,1,1,1,1][1,1,1,1,1,1][1,1,3,2,2,3][1,1,3,3,3,3]
2437 [0,0,2,2,3,3][0,0,2,3,2,3][1,1,1,1,1,1][1,1,1,1,1,1][1,1,3,2,3,2][1,1,3,3,2,2]
2444 [0,0,2,2,3,3][0,0,3,3,2,2][1,1,0,0,0,0][1,1,0,0,0,0][1,1,2,2,2,2][1,1,3,3,3,3]
2445 [0,0,2,2,3,3][0,0,3,3,2,2][1,1,0,0,0,0][1,1,0,0,0,0][1,1,2,2,3,3][1,1,3,3,2,2]
2446 [0,0,2,2,3,3][0,0,3,3,2,2][1,1,0,0,0,0][1,1,0,0,0,0][1,1,2,3,2,3][1,1,3,2,3,2]
2447 [0,0,2,2,3,3][0,0,3,3,2,2][1,1,0,0,1,1][1,1,0,0,1,1][1,1,2,2,2,2][1,1,3,3,3,3]
2448 [0,0,2,2,3,3][0,0,3,3,2,2][1,1,0,0,1,1][1,1,0,0,1,1][1,1,2,2,3,3][1,1,3,3,2,2]
2449 [0,0,2,2,3,3][0,0,3,3,2,2][1,1,0,0,1,1][1,1,0,0,1,1][1,1,2,3,2,3][1,1,3,2,3,2]
2450 [0,0,2,2,3,3][0,0,3,3,2,2][1,1,0,1,0,1][1,1,0,1,0,1][1,1,2,2,2,2][1,1,3,3,3,3]
2451 [0,0,2,2,3,3][0,0,3,3,2,2][1,1,0,1,0,1][1,1,0,1,0,1][1,1,2,2,3,3][1,1,3,3,2,2]
2452 [0,0,2,2,3,3][0,0,3,3,2,2][1,1,0,1,0,1][1,1,0,1,0,1][1,1,2,3,2,3][1,1,3,2,3,2]
2453 [0,0,2,2,3,3][0,0,3,3,2,2][1,1,0,1,0,1][1,1,0,1,0,1][1,1,2,3,3,2][1,1,3,2,2,3]
2456 [0,0,2,2,3,3][0,0,3,3,2,2][1,1,1,1,1,1][1,1,1,1,1,1][1,1,2,2,2,2][1,1,3,3,3,3]
2457 [0,0,2,2,3,3][0,0,3,3,2,2][1,1,1,1,1,1][1,1,1,1,1,1][1,1,2,2,3,3][1,1,3,3,2,2]
2458 [0,0,2,2,3,3][0,0,3,3,2,2][1,1,1,1,1,1][1,1,1,1,1,1][1,1,2,3,2,3][1,1,3,2,3,2]
2480 [0,0,2,2,3,3][0,0,3,3,3,3][1,1,0,0,0,0][1,1,0,0,0,0][1,1,2,2,2,2][1,1,3,3,2,2]
2481 [0,0,2,2,3,3][0,0,3,3,3,3][1,1,0,0,0,0][1,1,0,0,0,0][1,1,2,2,3,3][1,1,3,3,3,3]
2482 [0,0,2,2,3,3][0,0,3,3,3,3][1,1,0,0,0,0][1,1,0,0,0,0][1,1,2,3,2,3][1,1,3,2,2,3]
2483 [0,0,2,2,3,3][0,0,3,3,3,3][1,1,0,0,1,1][1,1,0,0,1,1][1,1,2,2,2,2][1,1,3,3,2,2]
2484 [0,0,2,2,3,3][0,0,3,3,3,3][1,1,0,0,1,1][1,1,0,0,1,1][1,1,2,2,3,3][1,1,3,3,3,3]
2485 [0,0,2,2,3,3][0,0,3,3,3,3][1,1,0,0,1,1][1,1,0,0,1,1][1,1,2,3,2,3][1,1,3,2,2,3]
2486 [0,0,2,2,3,3][0,0,3,3,3,3][1,1,0,1,0,1][1,1,0,1,0,1][1,1,2,2,2,2][1,1,3,3,2,2]
2487 [0,0,2,2,3,3][0,0,3,3,3,3][1,1,0,1,0,1][1,1,0,1,0,1][1,1,2,2,3,3][1,1,3,3,3,3]
2488 [0,0,2,2,3,3][0,0,3,3,3,3][1,1,0,1,0,1][1,1,0,1,0,1][1,1,2,3,2,3][1,1,3,2,2,3]
2489 [0,0,2,2,3,3][0,0,3,3,3,3][1,1,0,1,0,1][1,1,0,1,0,1][1,1,2,3,3,2][1,1,3,2,3,2]
2490 [0,0,2,2,3,3][0,0,3,3,3,3][1,1,1,1,0,0][1,1,1,1,0,0][1,1,2,2,2,2][1,1,3,3,2,2]
2491 [0,0,2,2,3,3][0,0,3,3,3,3][1,1,1,1,0,0][1,1,1,1,0,0][1,1,2,2,3,3][1,1,3,3,3,3]
2492 [0,0,2,2,3,3][0,0,3,3,3,3][1,1,1,1,0,0][1,1,1,1,0,0][1,1,2,3,2,3][1,1,3,2,2,3]
2493 [0,0,2,2,3,3][0,0,3,3,3,3][1,1,1,1,1,1][1,1,1,1,1,1][1,1,2,2,2,2][1,1,3,3,2,2]
2494 [0,0,2,2,3,3][0,0,3,3,3,3][1,1,1,1,1,1][1,1,1,1,1,1][1,1,2,2,3,3][1,1,3,3,3,3]
2495 [0,0,2,2,3,3][0,0,3,3,3,3][1,1,1,1,1,1][1,1,1,1,1,1][1,1,2,3,2,3][1,1,3,2,2,3]
2503 [0,0,3,3,3,3][0,0,3,3,3,3][0,0,3,3,3,3][0,0,3,3,3,3][1,1,0,0,0,0][1,1,0,0,0,0]
2504 [0,0,3,3,3,3][0,0,3,3,3,3][0,0,3,3,3,3][0,0,3,3,3,3][1,1,0,0,1,1][1,1,0,0,1,1]
2505 [0,0,3,3,3,3][0,0,3,3,3,3][0,0,3,3,3,3][0,0,3,3,3,3][1,1,1,1,1,1][1,1,1,1,1,1]
2534 [0,0,3,3,3,3][0,0,3,3,3,3][1,1,0,0,0,0][1,1,0,0,0,0][1,1,2,2,2,2][1,1,2,2,2,2]
2535 [0,0,3,3,3,3][0,0,3,3,3,3][1,1,0,0,0,0][1,1,0,0,0,0][1,1,2,2,3,3][1,1,2,2,3,3]
2536 [0,0,3,3,3,3][0,0,3,3,3,3][1,1,0,0,0,0][1,1,0,0,0,0][1,1,3,3,3,3][1,1,3,3,3,3]
2538 [0,0,3,3,3,3][0,0,3,3,3,3][1,1,0,0,1,1][1,1,0,0,1,1][1,1,2,2,2,2][1,1,2,2,2,2]
2539 [0,0,3,3,3,3][0,0,3,3,3,3][1,1,0,0,1,1][1,1,0,0,1,1][1,1,2,2,3,3][1,1,2,2,3,3]
2540 [0,0,3,3,3,3][0,0,3,3,3,3][1,1,0,0,1,1][1,1,0,0,1,1][1,1,2,3,2,3][1,1,2,3,2,3]
2541 [0,0,3,3,3,3][0,0,3,3,3,3][1,1,0,0,1,1][1,1,0,0,1,1][1,1,3,3,2,2][1,1,3,3,2,2]
2542 [0,0,3,3,3,3][0,0,3,3,3,3][1,1,0,0,1,1][1,1,0,0,1,1][1,1,3,3,3,3][1,1,3,3,3,3]
2544 [0,0,3,3,3,3][0,0,3,3,3,3][1,1,1,1,1,1][1,1,1,1,1,1][1,1,2,2,2,2][1,1,2,2,2,2]
2545 [0,0,3,3,3,3][0,0,3,3,3,3][1,1,1,1,1,1][1,1,1,1,1,1][1,1,2,2,3,3][1,1,2,2,3,3]
2546 [0,0,3,3,3,3][0,0,3,3,3,3][1,1,1,1,1,1][1,1,1,1,1,1][1,1,3,3,3,3][1,1,3,3,3,3]
2667 [1,1,1,1,1,1][1,1,1,1,1,1][1,1,2,2,2,2][1,1,2,2,2,2][1,1,2,2,2,2][1,1,2,2,2,2]
2668 [1,1,1,1,1,1][1,1,1,1,1,1][1,1,2,2,2,2][1,1,2,2,2,2][1,1,2,2,3,3][1,1,2,2,3,3]
2669 [1,1,1,1,1,1][1,1,1,1,1,1][1,1,2,2,2,2][1,1,2,2,2,2][1,1,3,3,3,3][1,1,3,3,3,3]
2670 [1,1,1,1,1,1][1,1,1,1,1,1][1,1,2,2,2,2][1,1,2,2,3,3][1,1,2,3,2,3][1,1,2,3,3,2]
2671 [1,1,1,1,1,1][1,1,1,1,1,1][1,1,2,2,2,2][1,1,2,2,3,3][1,1,3,3,2,2][1,1,3,3,3,3]
2672 [1,1,1,1,1,1][1,1,1,1,1,1][1,1,2,2,3,3][1,1,2,2,3,3][1,1,2,2,3,3][1,1,2,2,3,3]
2673 [1,1,1,1,1,1][1,1,1,1,1,1][1,1,2,2,3,3][1,1,2,2,3,3][1,1,2,3,2,3][1,1,2,3,2,3]
2674 [1,1,1,1,1,1][1,1,1,1,1,1][1,1,2,2,3,3][1,1,2,2,3,3][1,1,3,3,2,2][1,1,3,3,2,2]
2675 [1,1,1,1,1,1][1,1,1,1,1,1][1,1,2,2,3,3][1,1,2,2,3,3][1,1,3,3,3,3][1,1,3,3,3,3]
2676 [1,1,1,1,1,1][1,1,1,1,1,1][1,1,2,2,3,3][1,1,2,3,2,3][1,1,3,2,2,3][1,1,3,3,3,3]
2677 [1,1,1,1,1,1][1,1,1,1,1,1][1,1,2,2,3,3][1,1,2,3,2,3][1,1,3,2,3,2][1,1,3,3,2,2]
2678 [1,1,1,1,1,1][1,1,1,1,1,1][1,1,3,3,3,3][1,1,3,3,3,3][1,1,3,3,3,3][1,1,3,3,3,3]
