51 [0,0,0,0,0,0][0,0,0,0,0,0][0,0,2,2,2,2][0,0,2,2,2,2][0,0,2,2,2,2][0,0,2,2,2,2]
52 [0,0,0,0,0,0][0,0,0,0,0,0][0,0,2,2,2,2][0,0,2,2,2,2][0,0,2,2,3,3][0,0,2,2,3,3]
53 [0,0,0,0,0,0][0,0,0,0,0,0][0,0,2,2,2,2][0,0,2,2,2,2][0,0,3,3,3,3][0,0,3,3,3,3]
56 [0,0,0,0,0,0][0,0,0,0,0,0][0,0,2,2,2,2][0,0,2,2,2,2][1,1,2,2,2,2][1,1,2,2,2,2]
57 [0,0,0,0,0,0][0,0,0,0,0,0][0,0,2,2,2,2][0,0,2,2,2,2][1,1,2,2,3,3][1,1,2,2,3,3]
58 [0,0,0,0,0,0][0,0,0,0,0,0][0,0,2,2,2,2][0,0,2,2,2,2][1,1,3,3,3,3][1,1,3,3,3,3]
59 [0,0,0,0,0,0][0,0,0,0,0,0][0,0,2,2,2,2][0,0,2,2,3,3][0,0,2,3,2,3][0,0,2,3,3,2]
60 [0,0,0,0,0,0][0,0,0,0,0,0][0,0,2,2,2,2][0,0,2,2,3,3][0,0,3,3,2,2][0,0,3,3,3,3]
63 [0,0,0,0,0,0][0,0,0,0,0,0][0,0,2,2,2,2][0,0,2,2,3,3][1,1,2,3,2,3][1,1,2,3,3,2]
64 [0,0,0,0,0,0][0,0,0,0,0,0][0,0,2,2,2,2][0,0,3,3,3,3][1,1,2,2,2,2][1,1,3,3,3,3]
65 [0,0,0,0,0,0][0,0,0,0,0,0][0,0,2,2,2,2][0,0,3,3,3,3][1,1,2,2,3,3][1,1,3,3,2,2]
68 [0,0,0,0,0,0][0,0,0,0,0,0][0,0,2,2,3,3][0,0,2,2,3,3][0,0,3,3,2,2][0,0,3,3,2,2]
72 [0,0,0,0,0,0][0,0,0,0,0,0][0,0,2,2,3,3][0,0,2,2,3,3][1,1,2,2,2,2][1,1,2,2,2,2]
73 [0,0,0,0,0,0][0,0,0,0,0,0][0,0,2,2,3,3][0,0,2,2,3,3][1,1,2,2,3,3][1,1,2,2,3,3]
74 [0,0,0,0,0,0][0,0,0,0,0,0][0,0,2,2,3,3][0,0,2,2,3,3][1,1,2,3,2,3][1,1,2,3,2,3]
75 [0,0,0,0,0,0][0,0,0,0,0,0][0,0,2,2,3,3][0,0,2,2,3,3][1,1,3,3,2,2][1,1,3,3,2,2]
76 [0,0,0,0,0,0][0,0,0,0,0,0][0,0,2,2,3,3][0,0,2,3,2,3][0,0,3,2,3,2][0,0,3,3,2,2]
79 [0,0,0,0,0,0][0,0,0,0,0,0][0,0,2,2,3,3][0,0,2,3,2,3][1,1,2,2,2,2][1,1,2,3,3,2]
80 [0,0,0,0,0,0][0,0,0,0,0,0][0,0,2,2,3,3][0,0,2,3,2,3][1,1,3,2,3,2][1,1,3,3,2,2]
81 [0,0,0,0,0,0][0,0,0,0,0,0][0,0,2,2,3,3][0,0,3,3,2,2][1,1,2,2,2,2][1,1,3,3,3,3]
82 [0,0,0,0,0,0][0,0,0,0,0,0][0,0,2,2,3,3][0,0,3,3,2,2][1,1,2,2,3,3][1,1,3,3,2,2]
83 [0,0,0,0,0,0][0,0,0,0,0,0][0,0,2,2,3,3][0,0,3,3,2,2][1,1,2,3,2,3][1,1,3,2,3,2]
100 [0,0,0,0,0,0][0,0,0,0,0,0][1,1,2,2,2,2][1,1,2,2,2,2][1,1,2,2,2,2][1,1,2,2,2,2]
101 [0,0,0,0,0,0][0,0,0,0,0,0][1,1,2,2,2,2][1,1,2,2,2,2][1,1,2,2,3,3][1,1,2,2,3,3]
102 [0,0,0,0,0,0][0,0,0,0,0,0][1,1,2,2,2,2][1,1,2,2,2,2][1,1,3,3,3,3][1,1,3,3,3,3]
103 [0,0,0,0,0,0][0,0,0,0,0,0][1,1,2,2,2,2][1,1,2,2,3,3][1,1,2,3,2,3][1,1,2,3,3,2]
104 [0,0,0,0,0,0][0,0,0,0,0,0][1,1,2,2,2,2][1,1,2,2,3,3][1,1,3,3,2,2][1,1,3,3,3,3]
105 [0,0,0,0,0,0][0,0,0,0,0,0][1,1,2,2,3,3][1,1,2,2,3,3][1,1,2,2,3,3][1,1,2,2,3,3]
106 [0,0,0,0,0,0][0,0,0,0,0,0][1,1,2,2,3,3][1,1,2,2,3,3][1,1,2,3,2,3][1,1,2,3,2,3]
107 [0,0,0,0,0,0][0,0,0,0,0,0][1,1,2,2,3,3][1,1,2,2,3,3][1,1,3,3,2,2][1,1,3,3,2,2]
108 [0,0,0,0,0,0][0,0,0,0,0,0][1,1,2,2,3,3][1,1,2,3,2,3][1,1,3,2,3,2][1,1,3,3,2,2]
273 [0,0,0,0,1,1][0,0,0,0,1,1][0,0,2,2,2,2][0,0,2,2,2,2][1,1,2,2,3,3][1,1,2,2,3,3]
274 [0,0,0,0,1,1][0,0,0,0,1,1][0,0,2,2,2,2][0,0,2,2,2,2][1,1,3,3,2,2][1,1,3,3,2,2]
275 [0,0,0,0,1,1][0,0,0,0,1,1][0,0,2,2,2,2][0,0,3,3,3,3][1,1,2,2,3,3][1,1,3,3,2,2]
283 [0,0,0,0,1,1][0,0,0,0,1,1][0,0,2,2,3,3][0,0,2,2,3,3][1,1,3,3,3,3][1,1,3,3,3,3]
284 [0,0,0,0,1,1][0,0,0,0,1,1][0,0,2,2,3,3][0,0,3,3,2,2][1,1,2,2,2,2][1,1,3,3,3,3]
293 [0,0,0,0,1,1][0,0,0,0,1,1][0,0,2,3,2,3][0,0,3,2,3,2][1,1,2,3,3,2][1,1,3,2,2,3]
349 [0,0,0,0,1,1][0,0,0,0,1,1][1,1,2,2,2,2][1,1,2,2,2,2][1,1,2,2,2,2][1,1,2,2,2,2]
350 [0,0,0,0,1,1][0,0,0,0,1,1][1,1,2,2,2,2][1,1,2,2,2,2][1,1,2,2,3,3][1,1,2,2,3,3]
351 [0,0,0,0,1,1][0,0,0,0,1,1][1,1,2,2,2,2][1,1,2,2,2,2][1,1,3,3,2,2][1,1,3,3,2,2]
352 [0,0,0,0,1,1][0,0,0,0,1,1][1,1,2,2,2,2][1,1,2,2,2,2][1,1,3,3,3,3][1,1,3,3,3,3]
353 [0,0,0,0,1,1][0,0,0,0,1,1][1,1,2,2,2,2][1,1,2,2,3,3][1,1,2,3,2,3][1,1,2,3,3,2]
354 [0,0,0,0,1,1][0,0,0,0,1,1][1,1,2,2,2,2][1,1,2,2,3,3][1,1,3,3,2,2][1,1,3,3,3,3]
355 [0,0,0,0,1,1][0,0,0,0,1,1][1,1,2,2,2,2][1,1,2,3,2,3][1,1,3,2,2,3][1,1,3,3,2,2]
356 [0,0,0,0,1,1][0,0,0,0,1,1][1,1,2,2,3,3][1,1,2,2,3,3][1,1,2,2,3,3][1,1,2,2,3,3]
357 [0,0,0,0,1,1][0,0,0,0,1,1][1,1,2,2,3,3][1,1,2,2,3,3][1,1,3,3,2,2][1,1,3,3,2,2]
358 [0,0,0,0,1,1][0,0,0,0,1,1][1,1,2,2,3,3][1,1,2,3,2,3][1,1,3,2,3,2][1,1,3,3,2,2]
359 [0,0,0,0,1,1][0,0,0,0,1,1][1,1,2,3,2,3][1,1,2,3,2,3][1,1,2,3,2,3][1,1,2,3,2,3]
360 [0,0,0,0,1,1][0,0,0,0,1,1][1,1,2,3,2,3][1,1,2,3,2,3][1,1,2,3,3,2][1,1,2,3,3,2]
361 [0,0,0,0,1,1][0,0,0,0,1,1][1,1,2,3,2,3][1,1,2,3,2,3][1,1,3,2,2,3][1,1,3,2,2,3]
362 [0,0,0,0,1,1][0,0,0,0,1,1][1,1,2,3,2,3][1,1,2,3,2,3][1,1,3,2,3,2][1,1,3,2,3,2]
363 [0,0,0,0,1,1][0,0,0,0,1,1][1,1,2,3,2,3][1,1,2,3,3,2][1,1,3,2,2,3][1,1,3,2,3,2]
364 [0,0,0,0,1,1][0,0,0,0,1,1][2,2,2,2,1,1][2,2,2,2,1,1][2,2,2,2,1,1][2,2,2,2,1,1]
365 [0,0,0,0,1,1][0,0,0,0,1,1][2,2,2,2,1,1][2,2,2,2,1,1][2,2,3,3,1,1][2,2,3,3,1,1]
366 [0,0,0,0,1,1][0,0,0,0,1,1][2,2,2,2,1,1][2,2,2,2,1,1][3,3,3,3,1,1][3,3,3,3,1,1]
367 [0,0,0,0,1,1][0,0,0,0,1,1][2,2,2,2,1,1][2,2,3,3,1,1][2,3,2,3,1,1][2,3,3,2,1,1]
368 [0,0,0,0,1,1][0,0,0,0,1,1][2,2,2,2,1,1][2,2,3,3,1,1][3,3,2,2,1,1][3,3,3,3,1,1]
369 [0,0,0,0,1,1][0,0,0,0,1,1][2,2,3,3,1,1][2,2,3,3,1,1][2,2,3,3,1,1][2,2,3,3,1,1]
370 [0,0,0,0,1,1][0,0,0,0,1,1][2,2,3,3,1,1][2,2,3,3,1,1][2,3,2,3,1,1][2,3,2,3,1,1]
371 [0,0,0,0,1,1][0,0,0,0,1,1][2,2,3,3,1,1][2,2,3,3,1,1][3,3,2,2,1,1][3,3,2,2,1,1]
372 [0,0,0,0,1,1][0,0,0,0,1,1][2,2,3,3,1,1][2,3,2,3,1,1][3,2,3,2,1,1][3,3,2,2,1,1]
595 [0,0,1,1,1,1][0,0,1,1,1,1][1,1,2,2,2,2][1,1,2,2,2,2][1,1,2,2,2,2][1,1,2,2,2,2]
596 [0,0,1,1,1,1][0,0,1,1,1,1][1,1,2,2,2,2][1,1,2,2,2,2][1,1,2,2,3,3][1,1,2,2,3,3]
597 [0,0,1,1,1,1][0,0,1,1,1,1][1,1,2,2,2,2][1,1,2,2,2,2][1,1,3,3,3,3][1,1,3,3,3,3]
598 [0,0,1,1,1,1][0,0,1,1,1,1][1,1,2,2,2,2][1,1,2,2,3,3][1,1,2,3,2,3][1,1,2,3,3,2]
599 [0,0,1,1,1,1][0,0,1,1,1,1][1,1,2,2,2,2][1,1,2,2,3,3][1,1,3,3,2,2][1,1,3,3,3,3]
600 [0,0,1,1,1,1][0,0,1,1,1,1][1,1,2,2,3,3][1,1,2,2,3,3][1,1,3,3,2,2][1,1,3,3,2,2]
601 [0,0,1,1,1,1][0,0,1,1,1,1][1,1,2,2,3,3][1,1,2,3,2,3][1,1,3,2,3,2][1,1,3,3,2,2]
610 [0,0,1,1,1,1][0,0,1,1,1,1][2,2,1,1,2,2][2,2,1,1,2,2][2,2,1,1,2,2][2,2,1,1,2,2]
611 [0,0,1,1,1,1][0,0,1,1,1,1][2,2,1,1,2,2][2,2,1,1,2,2][2,2,1,1,3,3][2,2,1,1,3,3]
612 [0,0,1,1,1,1][0,0,1,1,1,1][2,2,1,1,2,2][2,2,1,1,2,2][2,3,1,1,2,3][2,3,1,1,2,3]
613 [0,0,1,1,1,1][0,0,1,1,1,1][2,2,1,1,2,2][2,2,1,1,2,2][3,3,1,1,2,2][3,3,1,1,2,2]
614 [0,0,1,1,1,1][0,0,1,1,1,1][2,2,1,1,2,2][2,2,1,1,2,2][3,3,1,1,3,3][3,3,1,1,3,3]
615 [0,0,1,1,1,1][0,0,1,1,1,1][2,2,1,1,2,2][2,2,1,1,3,3][2,3,1,1,2,3][2,3,1,1,3,2]
616 [0,0,1,1,1,1][0,0,1,1,1,1][2,2,1,1,2,2][2,2,1,1,3,3][3,3,1,1,2,2][3,3,1,1,3,3]
617 [0,0,1,1,1,1][0,0,1,1,1,1][2,2,1,1,2,2][2,3,1,1,2,3][3,2,1,1,2,3][3,3,1,1,2,2]
618 [0,0,1,1,1,1][0,0,1,1,1,1][2,2,1,1,2,2][2,3,1,1,2,3][3,2,1,1,3,2][3,3,1,1,3,3]
619 [0,0,1,1,1,1][0,0,1,1,1,1][2,2,1,1,3,3][2,2,1,1,3,3][2,2,1,1,3,3][2,2,1,1,3,3]
620 [0,0,1,1,1,1][0,0,1,1,1,1][2,2,1,1,3,3][2,2,1,1,3,3][2,3,1,1,2,3][2,3,1,1,2,3]
621 [0,0,1,1,1,1][0,0,1,1,1,1][2,2,1,1,3,3][2,2,1,1,3,3][3,3,1,1,2,2][3,3,1,1,2,2]
622 [0,0,1,1,1,1][0,0,1,1,1,1][2,2,1,1,3,3][2,3,1,1,2,3][3,2,1,1,3,2][3,3,1,1,2,2]
625 [0,0,1,1,1,1][0,0,1,1,1,1][2,3,1,1,2,3][2,3,1,1,2,3][2,3,1,1,2,3][2,3,1,1,2,3]
626 [0,0,1,1,1,1][0,0,1,1,1,1][2,3,1,1,2,3][2,3,1,1,2,3][2,3,1,1,3,2][2,3,1,1,3,2]
627 [0,0,1,1,1,1][0,0,1,1,1,1][2,3,1,1,2,3][2,3,1,1,2,3][3,2,1,1,2,3][3,2,1,1,2,3]
628 [0,0,1,1,1,1][0,0,1,1,1,1][2,3,1,1,2,3][2,3,1,1,2,3][3,2,1,1,3,2][3,2,1,1,3,2]
629 [0,0,1,1,1,1][0,0,1,1,1,1][2,3,1,1,2,3][2,3,1,1,3,2][3,2,1,1,2,3][3,2,1,1,3,2]
641 [0,0,2,2,2,2][0,0,2,2,2,2][0,0,2,2,2,2][0,0,2,2,2,2][1,1,0,0,0,0][1,1,0,0,0,0]
642 [0,0,2,2,2,2][0,0,2,2,2,2][0,0,2,2,2,2][0,0,2,2,2,2][1,1,0,0,1,1][1,1,0,0,1,1]
643 [0,0,2,2,2,2][0,0,2,2,2,2][0,0,2,2,3,3][0,0,2,2,3,3][1,1,0,0,0,0][1,1,0,0,0,0]
644 [0,0,2,2,2,2][0,0,2,2,2,2][0,0,2,2,3,3][0,0,2,2,3,3][1,1,0,0,1,1][1,1,0,0,1,1]
645 [0,0,2,2,2,2][0,0,2,2,2,2][0,0,2,2,3,3][0,0,2,2,3,3][1,1,0,1,0,1][1,1,0,1,0,1]
646 [0,0,2,2,2,2][0,0,2,2,2,2][0,0,2,2,3,3][0,0,2,2,3,3][1,1,1,1,0,0][1,1,1,1,0,0]
647 [0,0,2,2,2,2][0,0,2,2,2,2][0,0,3,3,3,3][0,0,3,3,3,3][1,1,0,0,0,0][1,1,0,0,0,0]
648 [0,0,2,2,2,2][0,0,2,2,2,2][0,0,3,3,3,3][0,0,3,3,3,3][1,1,0,0,1,1][1,1,0,0,1,1]
653 [0,0,2,2,2,2][0,0,2,2,2,2][1,1,0,0,0,0][1,1,0,0,0,0][1,1,3,3,3,3][1,1,3,3,3,3]
655 [0,0,2,2,2,2][0,0,2,2,2,2][1,1,0,0,1,1][1,1,0,0,1,1][1,1,2,2,3,3][1,1,2,2,3,3]
656 [0,0,2,2,2,2][0,0,2,2,2,2][1,1,0,0,1,1][1,1,0,0,1,1][1,1,3,3,2,2][1,1,3,3,2,2]
678 [0,0,2,2,2,2][0,0,2,2,3,3][0,0,2,3,2,3][0,0,2,3,3,2][1,1,0,0,0,0][1,1,0,0,0,0]
679 [0,0,2,2,2,2][0,0,2,2,3,3][0,0,2,3,2,3][0,0,2,3,3,2][1,1,0,0,1,1][1,1,0,0,1,1]
680 [0,0,2,2,2,2][0,0,2,2,3,3][0,0,2,3,2,3][0,0,2,3,3,2][1,1,1,0,0,1][1,1,1,0,0,1]
681 [0,0,2,2,2,2][0,0,2,2,3,3][0,0,3,3,2,2][0,0,3,3,3,3][1,1,0,0,0,0][1,1,0,0,0,0]
682 [0,0,2,2,2,2][0,0,2,2,3,3][0,0,3,3,2,2][0,0,3,3,3,3][1,1,0,0,1,1][1,1,0,0,1,1]
683 [0,0,2,2,2,2][0,0,2,2,3,3][0,0,3,3,2,2][0,0,3,3,3,3][1,1,0,1,0,1][1,1,0,1,0,1]
684 [0,0,2,2,2,2][0,0,2,2,3,3][1,1,0,0,0,0][1,1,0,0,0,0][1,1,3,3,2,2][1,1,3,3,3,3]
685 [0,0,2,2,2,2][0,0,3,3,3,3][1,1,0,0,0,0][1,1,0,0,0,0][1,1,2,2,2,2][1,1,3,3,3,3]
686 [0,0,2,2,2,2][0,0,3,3,3,3][1,1,0,0,0,0][1,1,0,0,0,0][1,1,2,2,3,3][1,1,3,3,2,2]
687 [0,0,2,2,2,2][0,0,3,3,3,3][1,1,0,0,1,1][1,1,0,0,1,1][1,1,2,2,3,3][1,1,3,3,2,2]
699 [0,0,2,2,3,3][0,0,2,2,3,3][0,0,2,3,2,3][0,0,2,3,2,3][1,1,1,0,0,1][1,1,1,0,0,1]
700 [0,0,2,2,3,3][0,0,2,2,3,3][0,0,3,3,2,2][0,0,3,3,2,2][1,1,0,0,0,0][1,1,0,0,0,0]
701 [0,0,2,2,3,3][0,0,2,2,3,3][0,0,3,3,2,2][0,0,3,3,2,2][1,1,0,0,1,1][1,1,0,0,1,1]
702 [0,0,2,2,3,3][0,0,2,2,3,3][0,0,3,3,2,2][0,0,3,3,2,2][1,1,0,1,0,1][1,1,0,1,0,1]
707 [0,0,2,2,3,3][0,0,2,2,3,3][1,1,0,0,1,1][1,1,0,0,1,1][1,1,3,3,3,3][1,1,3,3,3,3]
709 [0,0,2,2,3,3][0,0,2,2,3,3][1,1,0,1,0,1][1,1,0,1,0,1][1,1,3,2,2,3][1,1,3,2,2,3]
732 [0,0,2,2,3,3][0,0,2,3,2,3][0,0,3,2,3,2][0,0,3,3,2,2][1,1,0,0,0,0][1,1,0,0,0,0]
733 [0,0,2,2,3,3][0,0,2,3,2,3][0,0,3,2,3,2][0,0,3,3,2,2][1,1,0,0,1,1][1,1,0,0,1,1]
734 [0,0,2,2,3,3][0,0,2,3,2,3][0,0,3,2,3,2][0,0,3,3,2,2][1,1,0,1,1,0][1,1,0,1,1,0]
737 [0,0,2,2,3,3][0,0,3,3,2,2][1,1,0,1,0,1][1,1,0,1,0,1][1,1,2,3,3,2][1,1,3,2,2,3]
765 [1,1,1,1,1,1][1,1,1,1,1,1][1,1,2,2,2,2][1,1,2,2,2,2][1,1,2,2,2,2][1,1,2,2,2,2]
766 [1,1,1,1,1,1][1,1,1,1,1,1][1,1,2,2,2,2][1,1,2,2,2,2][1,1,2,2,3,3][1,1,2,2,3,3]
767 [1,1,1,1,1,1][1,1,1,1,1,1][1,1,2,2,2,2][1,1,2,2,2,2][1,1,3,3,3,3][1,1,3,3,3,3]
768 [1,1,1,1,1,1][1,1,1,1,1,1][1,1,2,2,2,2][1,1,2,2,3,3][1,1,2,3,2,3][1,1,2,3,3,2]
769 [1,1,1,1,1,1][1,1,1,1,1,1][1,1,2,2,2,2][1,1,2,2,3,3][1,1,3,3,2,2][1,1,3,3,3,3]
770 [1,1,1,1,1,1][1,1,1,1,1,1][1,1,2,2,3,3][1,1,2,2,3,3][1,1,3,3,2,2][1,1,3,3,2,2]
771 [1,1,1,1,1,1][1,1,1,1,1,1][1,1,2,2,3,3][1,1,2,3,2,3][1,1,3,2,3,2][1,1,3,3,2,2]
