1 [0,0,0,0,0,0][0,0,0,0,0,0][0,0,0,0,0,0][0,0,0,0,1,1][0,0,0,1,2,2][0,0,0,1,2,2]
2 [0,0,0,0,0,0][0,0,0,0,0,0][0,0,0,0,0,0][0,0,0,0,1,1][0,0,0,1,3,3][0,0,0,1,3,3]
3 [0,0,0,0,0,0][0,0,0,0,0,0][0,0,0,0,0,0][0,0,0,0,1,1][0,1,1,1,2,2][0,1,1,1,2,2]
4 [0,0,0,0,0,0][0,0,0,0,0,0][0,0,0,0,0,0][0,0,0,0,1,1][0,1,1,1,3,3][0,1,1,1,3,3]
19 [0,0,0,0,0,0][0,0,0,0,0,0][0,0,0,0,1,1][0,0,1,1,1,1][0,1,2,2,1,1][0,1,2,2,1,1]
20 [0,0,0,0,0,0][0,0,0,0,0,0][0,0,0,0,1,1][0,0,1,1,1,1][0,1,3,3,1,1][0,1,3,3,1,1]
21 [0,0,0,0,0,0][0,0,0,0,0,0][0,0,0,0,1,1][0,0,1,1,1,1][1,1,2,2,0,1][1,1,2,2,0,1]
22 [0,0,0,0,0,0][0,0,0,0,0,0][0,0,0,0,1,1][0,0,1,1,1,1][1,1,3,3,0,1][1,1,3,3,0,1]
30 [0,0,0,0,0,0][0,0,0,0,0,0][0,0,0,1,2,2][0,0,0,1,2,2][0,0,1,1,0,0][0,0,1,1,1,1]
31 [0,0,0,0,0,0][0,0,0,0,0,0][0,0,0,1,2,2][0,0,0,1,2,2][0,1,1,0,0,0][0,1,1,0,1,1]
36 [0,0,0,0,0,0][0,0,0,0,0,0][0,0,0,1,2,2][0,0,0,1,2,2][1,1,1,1,0,0][1,1,1,1,1,1]
60 [0,0,0,0,0,0][0,0,0,0,0,0][0,0,0,1,3,3][0,0,0,1,3,3][0,0,1,1,0,0][0,0,1,1,1,1]
61 [0,0,0,0,0,0][0,0,0,0,0,0][0,0,0,1,3,3][0,0,0,1,3,3][0,1,1,0,0,0][0,1,1,0,1,1]
66 [0,0,0,0,0,0][0,0,0,0,0,0][0,0,0,1,3,3][0,0,0,1,3,3][1,1,1,1,0,0][1,1,1,1,1,1]
155 [0,0,0,0,0,0][0,0,0,0,0,0][0,1,1,1,2,2][0,1,1,1,2,2][1,1,1,1,0,0][1,1,1,1,1,1]
161 [0,0,0,0,0,0][0,0,0,0,0,0][0,1,1,1,3,3][0,1,1,1,3,3][1,1,1,1,0,0][1,1,1,1,1,1]
177 [0,0,0,0,0,0][0,0,0,0,1,1][0,0,0,0,1,1][0,0,0,0,1,1][0,0,0,1,2,2][0,0,0,1,2,2]
178 [0,0,0,0,0,0][0,0,0,0,1,1][0,0,0,0,1,1][0,0,0,0,1,1][0,0,0,1,3,3][0,0,0,1,3,3]
179 [0,0,0,0,0,0][0,0,0,0,1,1][0,0,0,0,1,1][0,0,0,0,1,1][0,1,1,1,2,2][0,1,1,1,2,2]
180 [0,0,0,0,0,0][0,0,0,0,1,1][0,0,0,0,1,1][0,0,0,0,1,1][0,1,1,1,3,3][0,1,1,1,3,3]
181 [0,0,0,0,0,0][0,0,0,0,1,1][0,0,0,0,1,1][0,0,1,1,0,0][0,1,2,2,1,1][0,1,2,2,1,1]
182 [0,0,0,0,0,0][0,0,0,0,1,1][0,0,0,0,1,1][0,0,1,1,0,0][0,1,3,3,1,1][0,1,3,3,1,1]
183 [0,0,0,0,0,0][0,0,0,0,1,1][0,0,0,0,1,1][0,0,1,1,0,0][1,1,2,2,0,1][1,1,2,2,0,1]
184 [0,0,0,0,0,0][0,0,0,0,1,1][0,0,0,0,1,1][0,0,1,1,0,0][1,1,3,3,0,1][1,1,3,3,0,1]
206 [0,0,0,0,0,0][0,0,0,0,1,1][0,0,0,1,0,1][0,1,1,1,1,0][0,2,2,1,1,1][0,2,2,1,1,1]
207 [0,0,0,0,0,0][0,0,0,0,1,1][0,0,0,1,0,1][0,1,1,1,1,0][0,3,3,1,1,1][0,3,3,1,1,1]
208 [0,0,0,0,0,0][0,0,0,0,1,1][0,0,0,1,0,1][0,1,1,1,1,0][1,2,2,0,1,1][1,2,2,0,1,1]
209 [0,0,0,0,0,0][0,0,0,0,1,1][0,0,0,1,0,1][0,1,1,1,1,0][1,2,2,1,1,0][1,2,2,1,1,0]
210 [0,0,0,0,0,0][0,0,0,0,1,1][0,0,0,1,0,1][0,1,1,1,1,0][1,3,3,0,1,1][1,3,3,0,1,1]
211 [0,0,0,0,0,0][0,0,0,0,1,1][0,0,0,1,0,1][0,1,1,1,1,0][1,3,3,1,1,0][1,3,3,1,1,0]
212 [0,0,0,0,0,0][0,0,0,0,1,1][0,0,0,1,2,2][0,0,0,1,2,2][0,0,1,1,0,0][0,0,1,1,0,0]
213 [0,0,0,0,0,0][0,0,0,0,1,1][0,0,0,1,2,2][0,0,0,1,2,2][0,0,1,1,1,1][0,0,1,1,1,1]
214 [0,0,0,0,0,0][0,0,0,0,1,1][0,0,0,1,2,2][0,0,0,1,2,2][0,1,1,0,0,0][0,1,1,0,0,0]
215 [0,0,0,0,0,0][0,0,0,0,1,1][0,0,0,1,2,2][0,0,0,1,2,2][0,1,1,0,1,1][0,1,1,0,1,1]
216 [0,0,0,0,0,0][0,0,0,0,1,1][0,0,0,1,2,2][0,0,0,1,2,2][1,1,1,1,0,0][1,1,1,1,0,0]
217 [0,0,0,0,0,0][0,0,0,0,1,1][0,0,0,1,2,2][0,0,0,1,2,2][1,1,1,1,1,1][1,1,1,1,1,1]
218 [0,0,0,0,0,0][0,0,0,0,1,1][0,0,0,1,3,3][0,0,0,1,3,3][0,0,1,1,0,0][0,0,1,1,0,0]
219 [0,0,0,0,0,0][0,0,0,0,1,1][0,0,0,1,3,3][0,0,0,1,3,3][0,0,1,1,1,1][0,0,1,1,1,1]
220 [0,0,0,0,0,0][0,0,0,0,1,1][0,0,0,1,3,3][0,0,0,1,3,3][0,1,1,0,0,0][0,1,1,0,0,0]
221 [0,0,0,0,0,0][0,0,0,0,1,1][0,0,0,1,3,3][0,0,0,1,3,3][0,1,1,0,1,1][0,1,1,0,1,1]
222 [0,0,0,0,0,0][0,0,0,0,1,1][0,0,0,1,3,3][0,0,0,1,3,3][1,1,1,1,0,0][1,1,1,1,0,0]
223 [0,0,0,0,0,0][0,0,0,0,1,1][0,0,0,1,3,3][0,0,0,1,3,3][1,1,1,1,1,1][1,1,1,1,1,1]
228 [0,0,0,0,0,0][0,0,0,0,1,1][0,0,1,1,1,1][0,0,1,1,1,1][0,1,1,1,2,2][0,1,1,1,2,2]
229 [0,0,0,0,0,0][0,0,0,0,1,1][0,0,1,1,1,1][0,0,1,1,1,1][0,1,1,1,3,3][0,1,1,1,3,3]
230 [0,0,0,0,0,0][0,0,0,0,1,1][0,0,1,1,1,1][0,0,1,1,1,1][1,1,0,1,2,2][1,1,0,1,2,2]
231 [0,0,0,0,0,0][0,0,0,0,1,1][0,0,1,1,1,1][0,0,1,1,1,1][1,1,0,1,3,3][1,1,0,1,3,3]
278 [0,0,0,0,0,0][0,0,0,0,1,1][0,1,1,1,2,2][0,1,1,1,2,2][1,1,1,1,0,0][1,1,1,1,0,0]
279 [0,0,0,0,0,0][0,0,0,0,1,1][0,1,1,1,2,2][0,1,1,1,2,2][1,1,1,1,1,1][1,1,1,1,1,1]
280 [0,0,0,0,0,0][0,0,0,0,1,1][0,1,1,1,3,3][0,1,1,1,3,3][1,1,1,1,0,0][1,1,1,1,0,0]
281 [0,0,0,0,0,0][0,0,0,0,1,1][0,1,1,1,3,3][0,1,1,1,3,3][1,1,1,1,1,1][1,1,1,1,1,1]
282 [0,0,0,0,0,0][0,0,0,0,1,1][0,1,2,2,1,1][0,1,2,2,1,1][1,1,0,0,0,0][1,1,1,1,1,1]
283 [0,0,0,0,0,0][0,0,0,0,1,1][0,1,2,2,1,1][0,1,2,2,1,1][1,1,0,0,1,1][1,1,1,1,0,0]
288 [0,0,0,0,0,0][0,0,0,0,1,1][0,1,3,3,1,1][0,1,3,3,1,1][1,1,0,0,0,0][1,1,1,1,1,1]
289 [0,0,0,0,0,0][0,0,0,0,1,1][0,1,3,3,1,1][0,1,3,3,1,1][1,1,0,0,1,1][1,1,1,1,0,0]
296 [0,0,0,0,0,0][0,0,0,1,2,2][0,0,0,1,2,2][0,0,1,1,0,0][0,1,0,1,0,0][0,1,1,0,1,1]
297 [0,0,0,0,0,0][0,0,0,1,2,2][0,0,0,1,2,2][0,0,1,1,0,0][0,1,0,1,1,1][0,1,1,0,0,0]
298 [0,0,0,0,0,0][0,0,0,1,2,2][0,0,0,1,2,2][0,0,1,1,0,0][1,1,0,0,0,0][1,1,1,1,1,1]
299 [0,0,0,0,0,0][0,0,0,1,2,2][0,0,0,1,2,2][0,0,1,1,0,0][1,1,0,0,1,1][1,1,1,1,0,0]
303 [0,0,0,0,0,0][0,0,0,1,2,2][0,0,0,1,2,2][0,0,1,1,1,1][0,1,0,1,1,1][0,1,1,0,1,1]
304 [0,0,0,0,0,0][0,0,0,1,2,2][0,0,0,1,2,2][0,0,1,1,1,1][1,1,0,0,0,0][1,1,1,1,0,0]
305 [0,0,0,0,0,0][0,0,0,1,2,2][0,0,0,1,2,2][0,0,1,1,1,1][1,1,0,0,1,1][1,1,1,1,1,1]
308 [0,0,0,0,0,0][0,0,0,1,2,2][0,0,0,1,2,2][0,1,1,0,0,0][1,0,1,0,0,0][1,1,0,0,1,1]
316 [0,0,0,0,0,0][0,0,0,1,2,2][0,0,0,1,2,2][0,1,1,0,1,1][1,0,1,0,1,1][1,1,0,0,1,1]
322 [0,0,0,0,0,0][0,0,0,1,3,3][0,0,0,1,3,3][0,0,1,1,0,0][0,1,0,1,0,0][0,1,1,0,1,1]
323 [0,0,0,0,0,0][0,0,0,1,3,3][0,0,0,1,3,3][0,0,1,1,0,0][0,1,0,1,1,1][0,1,1,0,0,0]
324 [0,0,0,0,0,0][0,0,0,1,3,3][0,0,0,1,3,3][0,0,1,1,0,0][1,1,0,0,0,0][1,1,1,1,1,1]
325 [0,0,0,0,0,0][0,0,0,1,3,3][0,0,0,1,3,3][0,0,1,1,0,0][1,1,0,0,1,1][1,1,1,1,0,0]
330 [0,0,0,0,0,0][0,0,0,1,3,3][0,0,0,1,3,3][0,0,1,1,1,1][0,1,0,1,1,1][0,1,1,0,1,1]
331 [0,0,0,0,0,0][0,0,0,1,3,3][0,0,0,1,3,3][0,0,1,1,1,1][1,1,0,0,0,0][1,1,1,1,0,0]
332 [0,0,0,0,0,0][0,0,0,1,3,3][0,0,0,1,3,3][0,0,1,1,1,1][1,1,0,0,1,1][1,1,1,1,1,1]
335 [0,0,0,0,0,0][0,0,0,1,3,3][0,0,0,1,3,3][0,1,1,0,0,0][1,0,1,0,0,0][1,1,0,0,1,1]
344 [0,0,0,0,0,0][0,0,0,1,3,3][0,0,0,1,3,3][0,1,1,0,1,1][1,0,1,0,1,1][1,1,0,0,1,1]
372 [0,0,0,0,0,0][0,0,1,1,1,1][0,1,0,1,1,1][0,1,1,0,1,1][0,1,1,1,2,2][0,1,1,1,2,2]
373 [0,0,0,0,0,0][0,0,1,1,1,1][0,1,0,1,1,1][0,1,1,0,1,1][0,1,1,1,3,3][0,1,1,1,3,3]
374 [0,0,0,0,0,0][0,0,1,1,1,1][0,1,0,1,1,1][0,1,1,0,1,1][1,0,1,1,2,2][1,0,1,1,2,2]
375 [0,0,0,0,0,0][0,0,1,1,1,1][0,1,0,1,1,1][0,1,1,0,1,1][1,0,1,1,3,3][1,0,1,1,3,3]
379 [0,0,0,0,0,0][0,0,1,1,1,1][0,1,1,1,2,2][0,1,1,1,2,2][1,1,0,0,0,0][1,1,1,1,0,0]
380 [0,0,0,0,0,0][0,0,1,1,1,1][0,1,1,1,2,2][0,1,1,1,2,2][1,1,0,0,1,1][1,1,1,1,1,1]
385 [0,0,0,0,0,0][0,0,1,1,1,1][0,1,1,1,3,3][0,1,1,1,3,3][1,1,0,0,0,0][1,1,1,1,0,0]
386 [0,0,0,0,0,0][0,0,1,1,1,1][0,1,1,1,3,3][0,1,1,1,3,3][1,1,0,0,1,1][1,1,1,1,1,1]
450 [0,0,0,0,1,1][0,0,0,0,1,1][0,0,0,0,1,1][0,0,1,1,1,1][0,0,2,2,0,1][0,0,2,2,0,1]
451 [0,0,0,0,1,1][0,0,0,0,1,1][0,0,0,0,1,1][0,0,1,1,1,1][0,0,3,3,0,1][0,0,3,3,0,1]
452 [0,0,0,0,1,1][0,0,0,0,1,1][0,0,0,0,1,1][0,0,1,1,1,1][0,1,2,2,0,0][0,1,2,2,0,0]
453 [0,0,0,0,1,1][0,0,0,0,1,1][0,0,0,0,1,1][0,0,1,1,1,1][0,1,2,2,1,1][0,1,2,2,1,1]
454 [0,0,0,0,1,1][0,0,0,0,1,1][0,0,0,0,1,1][0,0,1,1,1,1][0,1,3,3,0,0][0,1,3,3,0,0]
455 [0,0,0,0,1,1][0,0,0,0,1,1][0,0,0,0,1,1][0,0,1,1,1,1][0,1,3,3,1,1][0,1,3,3,1,1]
456 [0,0,0,0,1,1][0,0,0,0,1,1][0,0,0,0,1,1][0,0,1,1,1,1][1,1,2,2,0,1][1,1,2,2,0,1]
457 [0,0,0,0,1,1][0,0,0,0,1,1][0,0,0,0,1,1][0,0,1,1,1,1][1,1,3,3,0,1][1,1,3,3,0,1]
476 [0,0,0,0,1,1][0,0,0,0,1,1][0,0,0,1,0,1][0,1,1,1,0,1][0,2,2,1,1,1][0,2,2,1,1,1]
477 [0,0,0,0,1,1][0,0,0,0,1,1][0,0,0,1,0,1][0,1,1,1,0,1][0,3,3,1,1,1][0,3,3,1,1,1]
478 [0,0,0,0,1,1][0,0,0,0,1,1][0,0,0,1,0,1][0,1,1,1,0,1][1,2,2,0,0,0][1,2,2,0,0,0]
479 [0,0,0,0,1,1][0,0,0,0,1,1][0,0,0,1,0,1][0,1,1,1,0,1][1,2,2,0,1,1][1,2,2,0,1,1]
480 [0,0,0,0,1,1][0,0,0,0,1,1][0,0,0,1,0,1][0,1,1,1,0,1][1,2,2,1,0,1][1,2,2,1,0,1]
481 [0,0,0,0,1,1][0,0,0,0,1,1][0,0,0,1,0,1][0,1,1,1,0,1][1,2,2,1,1,0][1,2,2,1,1,0]
482 [0,0,0,0,1,1][0,0,0,0,1,1][0,0,0,1,0,1][0,1,1,1,0,1][1,3,3,0,0,0][1,3,3,0,0,0]
483 [0,0,0,0,1,1][0,0,0,0,1,1][0,0,0,1,0,1][0,1,1,1,0,1][1,3,3,0,1,1][1,3,3,0,1,1]
484 [0,0,0,0,1,1][0,0,0,0,1,1][0,0,0,1,0,1][0,1,1,1,0,1][1,3,3,1,0,1][1,3,3,1,0,1]
485 [0,0,0,0,1,1][0,0,0,0,1,1][0,0,0,1,0,1][0,1,1,1,0,1][1,3,3,1,1,0][1,3,3,1,1,0]
490 [0,0,0,0,1,1][0,0,0,0,1,1][0,0,0,1,2,2][0,0,0,1,2,2][0,0,1,1,0,0][0,0,1,1,1,1]
491 [0,0,0,0,1,1][0,0,0,0,1,1][0,0,0,1,2,2][0,0,0,1,2,2][0,1,1,0,0,0][0,1,1,0,1,1]
496 [0,0,0,0,1,1][0,0,0,0,1,1][0,0,0,1,2,2][0,0,0,1,2,2][1,1,1,1,0,0][1,1,1,1,1,1]
523 [0,0,0,0,1,1][0,0,0,0,1,1][0,0,0,1,3,3][0,0,0,1,3,3][0,0,1,1,0,0][0,0,1,1,1,1]
524 [0,0,0,0,1,1][0,0,0,0,1,1][0,0,0,1,3,3][0,0,0,1,3,3][0,1,1,0,0,0][0,1,1,0,1,1]
529 [0,0,0,0,1,1][0,0,0,0,1,1][0,0,0,1,3,3][0,0,0,1,3,3][1,1,1,1,0,0][1,1,1,1,1,1]
547 [0,0,0,0,1,1][0,0,0,0,1,1][0,0,1,1,0,0][0,0,1,1,1,1][0,1,1,1,2,2][0,1,1,1,2,2]
548 [0,0,0,0,1,1][0,0,0,0,1,1][0,0,1,1,0,0][0,0,1,1,1,1][0,1,1,1,3,3][0,1,1,1,3,3]
549 [0,0,0,0,1,1][0,0,0,0,1,1][0,0,1,1,0,0][0,0,1,1,1,1][1,1,0,1,2,2][1,1,0,1,2,2]
550 [0,0,0,0,1,1][0,0,0,0,1,1][0,0,1,1,0,0][0,0,1,1,1,1][1,1,0,1,3,3][1,1,0,1,3,3]
573 [0,0,0,0,1,1][0,0,0,0,1,1][0,0,1,1,1,1][1,1,1,1,1,1][2,2,1,1,0,1][2,2,1,1,0,1]
574 [0,0,0,0,1,1][0,0,0,0,1,1][0,0,1,1,1,1][1,1,1,1,1,1][3,3,1,1,0,1][3,3,1,1,0,1]
790 [0,0,0,0,1,1][0,0,0,0,1,1][0,1,1,1,2,2][0,1,1,1,2,2][1,1,1,1,0,0][1,1,1,1,1,1]
797 [0,0,0,0,1,1][0,0,0,0,1,1][0,1,1,1,3,3][0,1,1,1,3,3][1,1,1,1,0,0][1,1,1,1,1,1]
820 [0,0,0,0,1,1][0,0,0,0,1,1][0,1,2,2,1,1][0,1,2,2,1,1][1,1,0,0,0,0][1,1,1,1,0,0]
821 [0,0,0,0,1,1][0,0,0,0,1,1][0,1,2,2,1,1][0,1,2,2,1,1][1,1,0,0,1,1][1,1,1,1,1,1]
842 [0,0,0,0,1,1][0,0,0,0,1,1][0,1,3,3,1,1][0,1,3,3,1,1][1,1,0,0,0,0][1,1,1,1,0,0]
843 [0,0,0,0,1,1][0,0,0,0,1,1][0,1,3,3,1,1][0,1,3,3,1,1][1,1,0,0,1,1][1,1,1,1,1,1]
903 [0,0,0,0,1,1][0,0,0,1,0,1][0,0,0,1,1,0][0,1,1,0,0,0][0,2,2,1,1,1][0,2,2,1,1,1]
904 [0,0,0,0,1,1][0,0,0,1,0,1][0,0,0,1,1,0][0,1,1,0,0,0][0,3,3,1,1,1][0,3,3,1,1,1]
905 [0,0,0,0,1,1][0,0,0,1,0,1][0,0,0,1,1,0][0,1,1,0,0,0][1,2,2,0,1,1][1,2,2,0,1,1]
906 [0,0,0,0,1,1][0,0,0,1,0,1][0,0,0,1,1,0][0,1,1,0,0,0][1,3,3,0,1,1][1,3,3,0,1,1]
907 [0,0,0,0,1,1][0,0,0,1,0,1][0,0,1,0,0,1][1,1,1,1,1,1][2,2,1,1,1,0][2,2,1,1,1,0]
908 [0,0,0,0,1,1][0,0,0,1,0,1][0,0,1,0,0,1][1,1,1,1,1,1][3,3,1,1,1,0][3,3,1,1,1,0]
909 [0,0,0,0,1,1][0,0,0,1,0,1][0,0,1,1,1,1][1,1,1,0,0,1][2,2,1,1,1,0][2,2,1,1,1,0]
910 [0,0,0,0,1,1][0,0,0,1,0,1][0,0,1,1,1,1][1,1,1,0,0,1][3,3,1,1,1,0][3,3,1,1,1,0]
937 [0,0,0,0,1,1][0,0,0,1,0,1][0,2,2,1,1,1][0,2,2,1,1,1][1,0,0,0,0,1][1,1,1,1,1,1]
938 [0,0,0,0,1,1][0,0,0,1,0,1][0,2,2,1,1,1][0,2,2,1,1,1][1,0,0,0,1,0][1,1,1,1,0,0]
939 [0,0,0,0,1,1][0,0,0,1,0,1][0,2,2,1,1,1][0,2,2,1,1,1][1,0,0,1,1,1][1,1,1,0,0,1]
940 [0,0,0,0,1,1][0,0,0,1,0,1][0,3,3,1,1,1][0,3,3,1,1,1][1,0,0,0,0,1][1,1,1,1,1,1]
941 [0,0,0,0,1,1][0,0,0,1,0,1][0,3,3,1,1,1][0,3,3,1,1,1][1,0,0,0,1,0][1,1,1,1,0,0]
942 [0,0,0,0,1,1][0,0,0,1,0,1][0,3,3,1,1,1][0,3,3,1,1,1][1,0,0,1,1,1][1,1,1,0,0,1]
944 [0,0,0,0,1,1][0,0,0,1,2,2][0,0,0,1,2,2][0,0,1,1,0,0][0,1,0,1,0,0][0,1,1,0,0,0]
945 [0,0,0,0,1,1][0,0,0,1,2,2][0,0,0,1,2,2][0,0,1,1,0,0][0,1,0,1,1,1][0,1,1,0,1,1]
946 [0,0,0,0,1,1][0,0,0,1,2,2][0,0,0,1,2,2][0,0,1,1,0,0][1,1,0,0,0,0][1,1,1,1,0,0]
947 [0,0,0,0,1,1][0,0,0,1,2,2][0,0,0,1,2,2][0,0,1,1,0,0][1,1,0,0,1,1][1,1,1,1,1,1]
952 [0,0,0,0,1,1][0,0,0,1,2,2][0,0,0,1,2,2][0,0,1,1,1,1][0,1,0,1,1,1][0,1,1,0,0,0]
953 [0,0,0,0,1,1][0,0,0,1,2,2][0,0,0,1,2,2][0,0,1,1,1,1][1,1,0,0,0,0][1,1,1,1,1,1]
954 [0,0,0,0,1,1][0,0,0,1,2,2][0,0,0,1,2,2][0,0,1,1,1,1][1,1,0,0,1,1][1,1,1,1,0,0]
960 [0,0,0,0,1,1][0,0,0,1,2,2][0,0,0,1,2,2][0,1,1,0,0,0][1,0,1,0,0,0][1,1,0,0,0,0]
961 [0,0,0,0,1,1][0,0,0,1,2,2][0,0,0,1,2,2][0,1,1,0,0,0][1,0,1,0,1,1][1,1,0,0,1,1]
971 [0,0,0,0,1,1][0,0,0,1,3,3][0,0,0,1,3,3][0,0,1,1,0,0][0,1,0,1,0,0][0,1,1,0,0,0]
972 [0,0,0,0,1,1][0,0,0,1,3,3][0,0,0,1,3,3][0,0,1,1,0,0][0,1,0,1,1,1][0,1,1,0,1,1]
973 [0,0,0,0,1,1][0,0,0,1,3,3][0,0,0,1,3,3][0,0,1,1,0,0][1,1,0,0,0,0][1,1,1,1,0,0]
974 [0,0,0,0,1,1][0,0,0,1,3,3][0,0,0,1,3,3][0,0,1,1,0,0][1,1,0,0,1,1][1,1,1,1,1,1]
979 [0,0,0,0,1,1][0,0,0,1,3,3][0,0,0,1,3,3][0,0,1,1,1,1][0,1,0,1,1,1][0,1,1,0,0,0]
980 [0,0,0,0,1,1][0,0,0,1,3,3][0,0,0,1,3,3][0,0,1,1,1,1][1,1,0,0,0,0][1,1,1,1,1,1]
981 [0,0,0,0,1,1][0,0,0,1,3,3][0,0,0,1,3,3][0,0,1,1,1,1][1,1,0,0,1,1][1,1,1,1,0,0]
988 [0,0,0,0,1,1][0,0,0,1,3,3][0,0,0,1,3,3][0,1,1,0,0,0][1,0,1,0,0,0][1,1,0,0,0,0]
989 [0,0,0,0,1,1][0,0,0,1,3,3][0,0,0,1,3,3][0,1,1,0,0,0][1,0,1,0,1,1][1,1,0,0,1,1]
1034 [0,0,0,0,1,1][0,0,1,1,0,0][0,1,0,1,1,1][0,1,1,0,1,1][0,1,1,1,2,2][0,1,1,1,2,2]
1035 [0,0,0,0,1,1][0,0,1,1,0,0][0,1,0,1,1,1][0,1,1,0,1,1][0,1,1,1,3,3][0,1,1,1,3,3]
1036 [0,0,0,0,1,1][0,0,1,1,0,0][0,1,0,1,1,1][0,1,1,0,1,1][1,0,1,1,2,2][1,0,1,1,2,2]
1037 [0,0,0,0,1,1][0,0,1,1,0,0][0,1,0,1,1,1][0,1,1,0,1,1][1,0,1,1,3,3][1,0,1,1,3,3]
1041 [0,0,0,0,1,1][0,0,1,1,0,0][0,1,1,1,2,2][0,1,1,1,2,2][1,1,0,0,0,0][1,1,1,1,0,0]
1042 [0,0,0,0,1,1][0,0,1,1,0,0][0,1,1,1,2,2][0,1,1,1,2,2][1,1,0,0,1,1][1,1,1,1,1,1]
1047 [0,0,0,0,1,1][0,0,1,1,0,0][0,1,1,1,3,3][0,1,1,1,3,3][1,1,0,0,0,0][1,1,1,1,0,0]
1048 [0,0,0,0,1,1][0,0,1,1,0,0][0,1,1,1,3,3][0,1,1,1,3,3][1,1,0,0,1,1][1,1,1,1,1,1]
1065 [0,0,0,0,1,1][0,0,1,1,1,1][0,0,1,1,1,1][0,0,1,1,1,1][0,1,2,2,0,0][0,1,2,2,0,0]
1066 [0,0,0,0,1,1][0,0,1,1,1,1][0,0,1,1,1,1][0,0,1,1,1,1][0,1,2,2,1,1][0,1,2,2,1,1]
1067 [0,0,0,0,1,1][0,0,1,1,1,1][0,0,1,1,1,1][0,0,1,1,1,1][0,1,3,3,0,0][0,1,3,3,0,0]
1068 [0,0,0,0,1,1][0,0,1,1,1,1][0,0,1,1,1,1][0,0,1,1,1,1][0,1,3,3,1,1][0,1,3,3,1,1]
1069 [0,0,0,0,1,1][0,0,1,1,1,1][0,0,1,1,1,1][0,0,1,1,1,1][1,1,2,2,0,1][1,1,2,2,0,1]
1070 [0,0,0,0,1,1][0,0,1,1,1,1][0,0,1,1,1,1][0,0,1,1,1,1][1,1,3,3,0,1][1,1,3,3,0,1]
1076 [0,0,0,0,1,1][0,0,1,1,1,1][0,0,1,1,1,1][1,1,0,0,1,1][2,2,1,1,0,1][2,2,1,1,0,1]
1077 [0,0,0,0,1,1][0,0,1,1,1,1][0,0,1,1,1,1][1,1,0,0,1,1][3,3,1,1,0,1][3,3,1,1,0,1]
1130 [0,0,0,0,1,1][0,0,1,1,1,1][0,1,0,1,0,0][0,1,1,0,1,1][1,0,1,1,2,2][1,0,1,1,2,2]
1131 [0,0,0,0,1,1][0,0,1,1,1,1][0,1,0,1,0,0][0,1,1,0,1,1][1,0,1,1,3,3][1,0,1,1,3,3]
1141 [0,0,0,0,1,1][0,0,1,1,1,1][0,1,1,1,0,1][0,1,1,1,0,1][0,1,2,2,1,1][0,1,2,2,1,1]
1142 [0,0,0,0,1,1][0,0,1,1,1,1][0,1,1,1,0,1][0,1,1,1,0,1][0,1,3,3,1,1][0,1,3,3,1,1]
1143 [0,0,0,0,1,1][0,0,1,1,1,1][0,1,1,1,0,1][0,1,1,1,0,1][1,0,2,2,1,1][1,0,2,2,1,1]
1144 [0,0,0,0,1,1][0,0,1,1,1,1][0,1,1,1,0,1][0,1,1,1,0,1][1,0,3,3,1,1][1,0,3,3,1,1]
1145 [0,0,0,0,1,1][0,0,1,1,1,1][0,1,1,1,0,1][0,1,1,1,0,1][1,1,2,2,1,0][1,1,2,2,1,0]
1146 [0,0,0,0,1,1][0,0,1,1,1,1][0,1,1,1,0,1][0,1,1,1,0,1][1,1,3,3,1,0][1,1,3,3,1,0]
1149 [0,0,0,0,1,1][0,0,1,1,1,1][0,1,1,1,2,2][0,1,1,1,2,2][1,1,0,0,0,0][1,1,1,1,1,1]
1150 [0,0,0,0,1,1][0,0,1,1,1,1][0,1,1,1,2,2][0,1,1,1,2,2][1,1,0,0,1,1][1,1,1,1,0,0]
1155 [0,0,0,0,1,1][0,0,1,1,1,1][0,1,1,1,3,3][0,1,1,1,3,3][1,1,0,0,0,0][1,1,1,1,1,1]
1156 [0,0,0,0,1,1][0,0,1,1,1,1][0,1,1,1,3,3][0,1,1,1,3,3][1,1,0,0,1,1][1,1,1,1,0,0]
1161 [0,0,0,0,1,1][0,0,1,1,1,1][0,1,2,2,1,1][0,1,2,2,1,1][1,1,0,0,0,0][1,1,0,0,0,0]
1162 [0,0,0,0,1,1][0,0,1,1,1,1][0,1,2,2,1,1][0,1,2,2,1,1][1,1,0,0,1,1][1,1,0,0,1,1]
1163 [0,0,0,0,1,1][0,0,1,1,1,1][0,1,2,2,1,1][0,1,2,2,1,1][1,1,1,1,0,0][1,1,1,1,0,0]
1164 [0,0,0,0,1,1][0,0,1,1,1,1][0,1,2,2,1,1][0,1,2,2,1,1][1,1,1,1,1,1][1,1,1,1,1,1]
1165 [0,0,0,0,1,1][0,0,1,1,1,1][0,1,3,3,1,1][0,1,3,3,1,1][1,1,0,0,0,0][1,1,0,0,0,0]
1166 [0,0,0,0,1,1][0,0,1,1,1,1][0,1,3,3,1,1][0,1,3,3,1,1][1,1,0,0,1,1][1,1,0,0,1,1]
1167 [0,0,0,0,1,1][0,0,1,1,1,1][0,1,3,3,1,1][0,1,3,3,1,1][1,1,1,1,0,0][1,1,1,1,0,0]
1168 [0,0,0,0,1,1][0,0,1,1,1,1][0,1,3,3,1,1][0,1,3,3,1,1][1,1,1,1,1,1][1,1,1,1,1,1]
1174 [0,0,0,0,1,1][0,0,1,1,1,1][1,1,1,1,1,1][1,1,1,1,1,1][1,1,2,2,0,1][1,1,2,2,0,1]
1175 [0,0,0,0,1,1][0,0,1,1,1,1][1,1,1,1,1,1][1,1,1,1,1,1][1,1,3,3,0,1][1,1,3,3,0,1]
1242 [0,0,0,0,1,1][0,1,1,1,0,1][0,1,2,2,1,1][0,1,2,2,1,1][1,0,0,0,0,1][1,1,0,0,1,1]
1243 [0,0,0,0,1,1][0,1,1,1,0,1][0,1,2,2,1,1][0,1,2,2,1,1][1,0,0,0,1,0][1,1,0,0,0,0]
1244 [0,0,0,0,1,1][0,1,1,1,0,1][0,1,2,2,1,1][0,1,2,2,1,1][1,0,1,1,0,1][1,1,1,1,1,1]
1245 [0,0,0,0,1,1][0,1,1,1,0,1][0,1,2,2,1,1][0,1,2,2,1,1][1,0,1,1,1,0][1,1,1,1,0,0]
1246 [0,0,0,0,1,1][0,1,1,1,0,1][0,1,3,3,1,1][0,1,3,3,1,1][1,0,0,0,0,1][1,1,0,0,1,1]
1247 [0,0,0,0,1,1][0,1,1,1,0,1][0,1,3,3,1,1][0,1,3,3,1,1][1,0,0,0,1,0][1,1,0,0,0,0]
1248 [0,0,0,0,1,1][0,1,1,1,0,1][0,1,3,3,1,1][0,1,3,3,1,1][1,0,1,1,0,1][1,1,1,1,1,1]
1249 [0,0,0,0,1,1][0,1,1,1,0,1][0,1,3,3,1,1][0,1,3,3,1,1][1,0,1,1,1,0][1,1,1,1,0,0]
1250 [0,0,0,0,1,1][0,1,1,1,0,1][1,0,1,1,0,1][1,1,1,1,1,1][1,1,2,2,1,0][1,1,2,2,1,0]
1251 [0,0,0,0,1,1][0,1,1,1,0,1][1,0,1,1,0,1][1,1,1,1,1,1][1,1,3,3,1,0][1,1,3,3,1,0]
1286 [0,0,0,0,2,2][0,0,0,0,2,2][0,0,0,1,0,0][0,0,1,0,0,0][0,1,0,0,0,0][1,0,0,0,0,0]
1317 [0,0,0,1,2,2][0,0,0,1,2,2][0,0,1,1,0,0][0,0,1,1,0,0][0,1,0,1,0,0][0,1,0,1,1,1]
1318 [0,0,0,1,2,2][0,0,0,1,2,2][0,0,1,1,0,0][0,0,1,1,0,0][0,1,1,0,0,0][0,1,1,0,1,1]
1321 [0,0,0,1,2,2][0,0,0,1,2,2][0,0,1,1,0,0][0,0,1,1,0,0][1,1,0,0,0,0][1,1,0,0,1,1]
1326 [0,0,0,1,2,2][0,0,0,1,2,2][0,0,1,1,0,0][0,0,1,1,0,0][1,1,1,1,0,0][1,1,1,1,1,1]
1327 [0,0,0,1,2,2][0,0,0,1,2,2][0,0,1,1,0,0][0,0,1,1,1,1][0,0,1,1,1,1][0,0,1,1,1,1]
1328 [0,0,0,1,2,2][0,0,0,1,2,2][0,0,1,1,0,0][0,0,1,1,1,1][0,1,0,1,1,1][0,1,0,1,1,1]
1329 [0,0,0,1,2,2][0,0,0,1,2,2][0,0,1,1,0,0][0,0,1,1,1,1][0,1,1,0,0,0][0,1,1,0,0,0]
1330 [0,0,0,1,2,2][0,0,0,1,2,2][0,0,1,1,0,0][0,0,1,1,1,1][0,1,1,0,1,1][0,1,1,0,1,1]
1331 [0,0,0,1,2,2][0,0,0,1,2,2][0,0,1,1,0,0][0,0,1,1,1,1][1,1,0,0,0,0][1,1,0,0,0,0]
1332 [0,0,0,1,2,2][0,0,0,1,2,2][0,0,1,1,0,0][0,0,1,1,1,1][1,1,0,0,1,1][1,1,0,0,1,1]
1333 [0,0,0,1,2,2][0,0,0,1,2,2][0,0,1,1,0,0][0,0,1,1,1,1][1,1,1,1,0,0][1,1,1,1,0,0]
1334 [0,0,0,1,2,2][0,0,0,1,2,2][0,0,1,1,0,0][0,0,1,1,1,1][1,1,1,1,1,1][1,1,1,1,1,1]
1335 [0,0,0,1,2,2][0,0,0,1,2,2][0,0,1,1,0,0][0,1,0,1,0,0][1,0,0,1,0,0][1,1,1,1,1,1]
1336 [0,0,0,1,2,2][0,0,0,1,2,2][0,0,1,1,0,0][0,1,0,1,0,0][1,0,0,1,1,1][1,1,1,1,0,0]
1337 [0,0,0,1,2,2][0,0,0,1,2,2][0,0,1,1,0,0][0,1,0,1,0,0][1,0,1,0,0,0][1,1,0,0,1,1]
1338 [0,0,0,1,2,2][0,0,0,1,2,2][0,0,1,1,0,0][0,1,0,1,1,1][1,0,0,1,1,1][1,1,1,1,1,1]
1339 [0,0,0,1,2,2][0,0,0,1,2,2][0,0,1,1,0,0][0,1,0,1,1,1][1,0,1,0,0,0][1,1,0,0,0,0]
1340 [0,0,0,1,2,2][0,0,0,1,2,2][0,0,1,1,0,0][0,1,0,1,1,1][1,0,1,0,1,1][1,1,0,0,1,1]
1341 [0,0,0,1,2,2][0,0,0,1,2,2][0,0,1,1,0,0][0,1,1,0,0,0][1,0,1,0,0,0][1,1,1,1,1,1]
1342 [0,0,0,1,2,2][0,0,0,1,2,2][0,0,1,1,0,0][0,1,1,0,0,0][1,0,1,0,1,1][1,1,1,1,0,0]
1343 [0,0,0,1,2,2][0,0,0,1,2,2][0,0,1,1,0,0][0,1,1,0,1,1][1,0,1,0,1,1][1,1,1,1,1,1]
1351 [0,0,0,1,2,2][0,0,0,1,2,2][0,0,1,1,1,1][0,0,1,1,1,1][0,1,1,0,0,0][0,1,1,0,1,1]
1354 [0,0,0,1,2,2][0,0,0,1,2,2][0,0,1,1,1,1][0,0,1,1,1,1][1,1,0,0,0,0][1,1,0,0,1,1]
1359 [0,0,0,1,2,2][0,0,0,1,2,2][0,0,1,1,1,1][0,0,1,1,1,1][1,1,1,1,0,0][1,1,1,1,1,1]
1360 [0,0,0,1,2,2][0,0,0,1,2,2][0,0,1,1,1,1][0,1,0,1,1,1][1,0,0,1,1,1][1,1,1,1,0,0]
1361 [0,0,0,1,2,2][0,0,0,1,2,2][0,0,1,1,1,1][0,1,0,1,1,1][1,0,1,0,0,0][1,1,0,0,1,1]
1362 [0,0,0,1,2,2][0,0,0,1,2,2][0,0,1,1,1,1][0,1,1,0,0,0][1,0,1,0,0,0][1,1,1,1,0,0]
1363 [0,0,0,1,2,2][0,0,0,1,2,2][0,0,1,1,1,1][0,1,1,0,0,0][1,0,1,0,1,1][1,1,1,1,1,1]
1364 [0,0,0,1,2,2][0,0,0,1,2,2][0,0,1,1,1,1][0,1,1,0,1,1][1,0,1,0,1,1][1,1,1,1,0,0]
1396 [0,0,0,1,2,2][0,0,0,1,2,2][0,1,1,0,0,0][0,1,1,0,0,0][1,1,1,1,0,0][1,1,1,1,1,1]
1397 [0,0,0,1,2,2][0,0,0,1,2,2][0,1,1,0,0,0][0,1,1,0,1,1][1,0,1,0,1,1][1,0,1,0,1,1]
1398 [0,0,0,1,2,2][0,0,0,1,2,2][0,1,1,0,0,0][0,1,1,0,1,1][1,1,1,1,0,0][1,1,1,1,0,0]
1399 [0,0,0,1,2,2][0,0,0,1,2,2][0,1,1,0,0,0][0,1,1,0,1,1][1,1,1,1,1,1][1,1,1,1,1,1]
1407 [0,0,0,1,2,2][0,0,0,1,2,2][0,1,1,0,1,1][0,1,1,0,1,1][1,1,1,1,0,0][1,1,1,1,1,1]
1436 [0,0,0,1,2,2][0,0,0,1,2,2][1,1,1,1,0,0][1,1,1,1,1,1][1,1,1,1,1,1][1,1,1,1,1,1]
1574 [0,0,0,1,3,3][0,0,0,1,3,3][0,0,1,1,0,0][0,0,1,1,0,0][0,1,0,1,0,0][0,1,0,1,1,1]
1575 [0,0,0,1,3,3][0,0,0,1,3,3][0,0,1,1,0,0][0,0,1,1,0,0][0,1,1,0,0,0][0,1,1,0,1,1]
1578 [0,0,0,1,3,3][0,0,0,1,3,3][0,0,1,1,0,0][0,0,1,1,0,0][1,1,0,0,0,0][1,1,0,0,1,1]
1583 [0,0,0,1,3,3][0,0,0,1,3,3][0,0,1,1,0,0][0,0,1,1,0,0][1,1,1,1,0,0][1,1,1,1,1,1]
1584 [0,0,0,1,3,3][0,0,0,1,3,3][0,0,1,1,0,0][0,0,1,1,1,1][0,0,1,1,1,1][0,0,1,1,1,1]
1585 [0,0,0,1,3,3][0,0,0,1,3,3][0,0,1,1,0,0][0,0,1,1,1,1][0,1,0,1,1,1][0,1,0,1,1,1]
1586 [0,0,0,1,3,3][0,0,0,1,3,3][0,0,1,1,0,0][0,0,1,1,1,1][0,1,1,0,0,0][0,1,1,0,0,0]
1587 [0,0,0,1,3,3][0,0,0,1,3,3][0,0,1,1,0,0][0,0,1,1,1,1][0,1,1,0,1,1][0,1,1,0,1,1]
1588 [0,0,0,1,3,3][0,0,0,1,3,3][0,0,1,1,0,0][0,0,1,1,1,1][1,1,0,0,0,0][1,1,0,0,0,0]
1589 [0,0,0,1,3,3][0,0,0,1,3,3][0,0,1,1,0,0][0,0,1,1,1,1][1,1,0,0,1,1][1,1,0,0,1,1]
1590 [0,0,0,1,3,3][0,0,0,1,3,3][0,0,1,1,0,0][0,0,1,1,1,1][1,1,1,1,0,0][1,1,1,1,0,0]
1591 [0,0,0,1,3,3][0,0,0,1,3,3][0,0,1,1,0,0][0,0,1,1,1,1][1,1,1,1,1,1][1,1,1,1,1,1]
1592 [0,0,0,1,3,3][0,0,0,1,3,3][0,0,1,1,0,0][0,1,0,1,0,0][1,0,0,1,0,0][1,1,1,1,1,1]
1593 [0,0,0,1,3,3][0,0,0,1,3,3][0,0,1,1,0,0][0,1,0,1,0,0][1,0,0,1,1,1][1,1,1,1,0,0]
1594 [0,0,0,1,3,3][0,0,0,1,3,3][0,0,1,1,0,0][0,1,0,1,0,0][1,0,1,0,0,0][1,1,0,0,1,1]
1595 [0,0,0,1,3,3][0,0,0,1,3,3][0,0,1,1,0,0][0,1,0,1,1,1][1,0,0,1,1,1][1,1,1,1,1,1]
1596 [0,0,0,1,3,3][0,0,0,1,3,3][0,0,1,1,0,0][0,1,0,1,1,1][1,0,1,0,0,0][1,1,0,0,0,0]
1597 [0,0,0,1,3,3][0,0,0,1,3,3][0,0,1,1,0,0][0,1,0,1,1,1][1,0,1,0,1,1][1,1,0,0,1,1]
1598 [0,0,0,1,3,3][0,0,0,1,3,3][0,0,1,1,0,0][0,1,1,0,0,0][1,0,1,0,0,0][1,1,1,1,1,1]
1599 [0,0,0,1,3,3][0,0,0,1,3,3][0,0,1,1,0,0][0,1,1,0,0,0][1,0,1,0,1,1][1,1,1,1,0,0]
1600 [0,0,0,1,3,3][0,0,0,1,3,3][0,0,1,1,0,0][0,1,1,0,1,1][1,0,1,0,1,1][1,1,1,1,1,1]
1609 [0,0,0,1,3,3][0,0,0,1,3,3][0,0,1,1,1,1][0,0,1,1,1,1][0,1,1,0,0,0][0,1,1,0,1,1]
1612 [0,0,0,1,3,3][0,0,0,1,3,3][0,0,1,1,1,1][0,0,1,1,1,1][1,1,0,0,0,0][1,1,0,0,1,1]
1617 [0,0,0,1,3,3][0,0,0,1,3,3][0,0,1,1,1,1][0,0,1,1,1,1][1,1,1,1,0,0][1,1,1,1,1,1]
1618 [0,0,0,1,3,3][0,0,0,1,3,3][0,0,1,1,1,1][0,1,0,1,1,1][1,0,0,1,1,1][1,1,1,1,0,0]
1619 [0,0,0,1,3,3][0,0,0,1,3,3][0,0,1,1,1,1][0,1,0,1,1,1][1,0,1,0,0,0][1,1,0,0,1,1]
1620 [0,0,0,1,3,3][0,0,0,1,3,3][0,0,1,1,1,1][0,1,1,0,0,0][1,0,1,0,0,0][1,1,1,1,0,0]
1621 [0,0,0,1,3,3][0,0,0,1,3,3][0,0,1,1,1,1][0,1,1,0,0,0][1,0,1,0,1,1][1,1,1,1,1,1]
1622 [0,0,0,1,3,3][0,0,0,1,3,3][0,0,1,1,1,1][0,1,1,0,1,1][1,0,1,0,1,1][1,1,1,1,0,0]
1665 [0,0,0,1,3,3][0,0,0,1,3,3][0,1,1,0,0,0][0,1,1,0,0,0][1,1,1,1,0,0][1,1,1,1,1,1]
1666 [0,0,0,1,3,3][0,0,0,1,3,3][0,1,1,0,0,0][0,1,1,0,1,1][1,0,1,0,1,1][1,0,1,0,1,1]
1667 [0,0,0,1,3,3][0,0,0,1,3,3][0,1,1,0,0,0][0,1,1,0,1,1][1,1,1,1,0,0][1,1,1,1,0,0]
1668 [0,0,0,1,3,3][0,0,0,1,3,3][0,1,1,0,0,0][0,1,1,0,1,1][1,1,1,1,1,1][1,1,1,1,1,1]
1677 [0,0,0,1,3,3][0,0,0,1,3,3][0,1,1,0,1,1][0,1,1,0,1,1][1,1,1,1,0,0][1,1,1,1,1,1]
1713 [0,0,0,1,3,3][0,0,0,1,3,3][1,1,1,1,0,0][1,1,1,1,1,1][1,1,1,1,1,1][1,1,1,1,1,1]
1809 [0,0,1,1,1,1][0,0,1,1,1,1][0,0,1,1,1,1][1,1,1,1,1,1][2,2,0,0,0,1][2,2,0,0,0,1]
1810 [0,0,1,1,1,1][0,0,1,1,1,1][0,0,1,1,1,1][1,1,1,1,1,1][2,2,0,1,1,1][2,2,0,1,1,1]
1811 [0,0,1,1,1,1][0,0,1,1,1,1][0,0,1,1,1,1][1,1,1,1,1,1][3,3,0,0,0,1][3,3,0,0,0,1]
1812 [0,0,1,1,1,1][0,0,1,1,1,1][0,0,1,1,1,1][1,1,1,1,1,1][3,3,0,1,1,1][3,3,0,1,1,1]
1882 [0,0,1,1,1,1][0,0,1,1,1,1][0,1,0,0,0,1][0,1,0,1,1,1][1,0,1,2,2,1][1,0,1,2,2,1]
1883 [0,0,1,1,1,1][0,0,1,1,1,1][0,1,0,0,0,1][0,1,0,1,1,1][1,0,1,3,3,1][1,0,1,3,3,1]
1939 [0,0,1,1,1,1][0,0,1,1,1,1][0,1,1,1,2,2][0,1,1,1,2,2][1,1,0,0,0,0][1,1,0,0,1,1]
1942 [0,0,1,1,1,1][0,0,1,1,1,1][0,1,1,1,2,2][0,1,1,1,2,2][1,1,1,1,0,0][1,1,1,1,1,1]
1953 [0,0,1,1,1,1][0,0,1,1,1,1][0,1,1,1,3,3][0,1,1,1,3,3][1,1,0,0,0,0][1,1,0,0,1,1]
1956 [0,0,1,1,1,1][0,0,1,1,1,1][0,1,1,1,3,3][0,1,1,1,3,3][1,1,1,1,0,0][1,1,1,1,1,1]
1972 [0,0,1,1,1,1][0,0,1,1,1,1][1,1,0,1,2,2][1,1,0,1,2,2][1,1,1,1,0,0][1,1,1,1,1,1]
1977 [0,0,1,1,1,1][0,0,1,1,1,1][1,1,0,1,3,3][1,1,0,1,3,3][1,1,1,1,0,0][1,1,1,1,1,1]
2071 [0,0,1,1,1,1][0,1,0,1,1,1][0,1,1,1,2,2][0,1,1,1,2,2][1,0,0,1,0,0][1,1,1,1,1,1]
2072 [0,0,1,1,1,1][0,1,0,1,1,1][0,1,1,1,2,2][0,1,1,1,2,2][1,0,0,1,1,1][1,1,1,1,0,0]
2073 [0,0,1,1,1,1][0,1,0,1,1,1][0,1,1,1,2,2][0,1,1,1,2,2][1,0,1,0,0,0][1,1,0,0,1,1]
2074 [0,0,1,1,1,1][0,1,0,1,1,1][0,1,1,1,3,3][0,1,1,1,3,3][1,0,0,1,0,0][1,1,1,1,1,1]
2075 [0,0,1,1,1,1][0,1,0,1,1,1][0,1,1,1,3,3][0,1,1,1,3,3][1,0,0,1,1,1][1,1,1,1,0,0]
2076 [0,0,1,1,1,1][0,1,0,1,1,1][0,1,1,1,3,3][0,1,1,1,3,3][1,0,1,0,0,0][1,1,0,0,1,1]
2077 [0,0,1,1,1,1][0,1,0,1,1,1][1,0,0,1,1,1][1,1,1,0,2,2][1,1,1,0,2,2][1,1,1,1,0,0]
2078 [0,0,1,1,1,1][0,1,0,1,1,1][1,0,0,1,1,1][1,1,1,0,3,3][1,1,1,0,3,3][1,1,1,1,0,0]
2606 [0,1,1,1,2,2][0,1,1,1,2,2][1,1,1,1,0,0][1,1,1,1,1,1][1,1,1,1,1,1][1,1,1,1,1,1]
2656 [0,1,1,1,3,3][0,1,1,1,3,3][1,1,1,1,0,0][1,1,1,1,1,1][1,1,1,1,1,1][1,1,1,1,1,1]
