# Using the new encoding: 2y + x
779
[1,1,1,1,0,0]
[1,1,1,1,0,0]
[1,1,0,0,1,1]
[1,1,0,0,1,1]
[0,0,1,1,1,1]
[0,0,1,1,1,1]

780
[1,1,1,1,2,2]
[1,1,1,1,2,2]
[1,1,0,0,1,1]
[1,1,0,0,1,1]
[0,0,1,1,1,1]
[0,0,1,1,1,1]

781
[1,1,3,3,2,2]
[1,1,3,3,2,2]
[1,1,0,0,1,1]
[1,1,0,0,1,1]
[0,0,1,1,1,1]
[0,0,1,1,1,1]

782
[3,3,3,3,2,2]
[3,3,3,3,2,2]
[1,1,0,0,1,1]
[1,1,0,0,1,1]
[0,0,1,1,1,1]
[0,0,1,1,1,1]

783
[1,1,1,1,0,0]
[1,1,1,1,0,0]
[1,1,0,0,3,3]
[1,1,0,0,3,3]
[0,0,1,1,1,1]
[0,0,1,1,1,1]

784
[1,1,3,3,0,0]
[1,1,3,3,0,0]
[1,1,0,0,3,3]
[1,1,0,0,3,3]
[0,0,1,1,1,1]
[0,0,1,1,1,1]

785
[1,1,3,3,2,2]
[1,1,3,3,2,2]
[1,1,0,0,3,3]
[1,1,0,0,3,3]
[0,0,1,1,1,1]
[0,0,1,1,1,1]

786
[3,3,3,3,0,0]
[3,3,3,3,0,0]
[1,1,0,0,3,3]
[1,1,0,0,3,3]
[0,0,1,1,1,1]
[0,0,1,1,1,1]

787
[3,3,3,3,2,2]
[3,3,3,3,2,2]
[1,1,0,0,3,3]
[1,1,0,0,3,3]
[0,0,1,1,1,1]
[0,0,1,1,1,1]

788
[1,1,1,1,2,2]
[1,1,1,1,2,2]
[1,1,2,2,1,1]
[1,1,2,2,1,1]
[0,0,1,1,1,1]
[0,0,1,1,1,1]

789
[3,3,1,1,2,2]
[3,3,1,1,2,2]
[1,1,2,2,1,1]
[1,1,2,2,1,1]
[0,0,1,1,1,1]
[0,0,1,1,1,1]

790
[3,3,3,3,2,2]
[3,3,3,3,2,2]
[1,1,2,2,1,1]
[1,1,2,2,1,1]
[0,0,1,1,1,1]
[0,0,1,1,1,1]

791
[1,1,1,1,2,2]
[1,1,1,1,2,2]
[1,1,2,2,3,3]
[1,1,2,2,3,3]
[0,0,1,1,1,1]
[0,0,1,1,1,1]

792
[1,1,3,3,2,2]
[1,1,3,3,2,2]
[1,1,2,2,3,3]
[1,1,2,2,3,3]
[0,0,1,1,1,1]
[0,0,1,1,1,1]

793
[3,3,1,1,0,0]
[3,3,1,1,0,0]
[1,1,2,2,3,3]
[1,1,2,2,3,3]
[0,0,1,1,1,1]
[0,0,1,1,1,1]

794
[3,3,1,1,2,2]
[3,3,1,1,2,2]
[1,1,2,2,3,3]
[1,1,2,2,3,3]
[0,0,1,1,1,1]
[0,0,1,1,1,1]

795
[3,3,3,3,0,0]
[3,3,3,3,0,0]
[1,1,2,2,3,3]
[1,1,2,2,3,3]
[0,0,1,1,1,1]
[0,0,1,1,1,1]

796
[3,3,3,3,2,2]
[3,3,3,3,2,2]
[1,1,2,2,3,3]
[1,1,2,2,3,3]
[0,0,1,1,1,1]
[0,0,1,1,1,1]

797
[3,3,1,1,2,2]
[3,3,1,1,2,2]
[3,3,2,2,1,1]
[3,3,2,2,1,1]
[0,0,1,1,1,1]
[0,0,1,1,1,1]

798
[3,3,1,1,2,2]
[3,3,1,1,2,2]
[3,3,2,2,3,3]
[3,3,2,2,3,3]
[0,0,1,1,1,1]
[0,0,1,1,1,1]

820
[1,1,1,1,0,0]
[3,3,3,3,0,0]
[1,1,0,0,1,1]
[3,3,0,0,3,3]
[0,0,1,1,1,1]
[0,0,3,3,3,3]

821
[1,1,1,1,2,2]
[3,3,3,3,2,2]
[1,1,0,0,1,1]
[3,3,0,0,3,3]
[0,0,1,1,1,1]
[0,0,3,3,3,3]

822
[1,1,3,3,2,2]
[3,3,1,1,2,2]
[1,1,0,0,1,1]
[3,3,0,0,3,3]
[0,0,1,1,1,1]
[0,0,3,3,3,3]

823
[1,1,1,1,0,0]
[3,3,3,3,0,0]
[1,1,0,0,3,3]
[3,3,0,0,1,1]
[0,0,1,1,1,1]
[0,0,3,3,3,3]

824
[1,1,1,1,2,2]
[3,3,3,3,2,2]
[1,1,0,0,3,3]
[3,3,0,0,1,1]
[0,0,1,1,1,1]
[0,0,3,3,3,3]

825
[1,1,3,3,2,2]
[3,3,1,1,2,2]
[1,1,0,0,3,3]
[3,3,0,0,1,1]
[0,0,1,1,1,1]
[0,0,3,3,3,3]

826
[1,1,1,1,2,2]
[3,3,3,3,2,2]
[1,1,2,2,1,1]
[3,3,2,2,3,3]
[0,0,1,1,1,1]
[0,0,3,3,3,3]

827
[1,1,1,1,2,2]
[3,3,3,3,2,2]
[1,1,2,2,3,3]
[3,3,2,2,1,1]
[0,0,1,1,1,1]
[0,0,3,3,3,3]

828
[1,1,3,3,2,2]
[3,3,1,1,2,2]
[1,1,2,2,3,3]
[3,3,2,2,1,1]
[0,0,1,1,1,1]
[0,0,3,3,3,3]

846
[1,1,3,3,0,0]
[1,1,3,3,0,0]
[1,1,0,0,1,1]
[1,1,0,0,1,1]
[0,0,1,1,3,3]
[0,0,1,1,3,3]

847
[1,1,3,3,2,2]
[1,1,3,3,2,2]
[1,1,0,0,1,1]
[1,1,0,0,1,1]
[0,0,1,1,3,3]
[0,0,1,1,3,3]

848
[1,1,1,1,0,0]
[1,1,1,1,0,0]
[1,1,0,0,3,3]
[1,1,0,0,3,3]
[0,0,1,1,3,3]
[0,0,1,1,3,3]

849
[3,3,3,3,2,2]
[3,3,3,3,2,2]
[1,1,0,0,3,3]
[1,1,0,0,3,3]
[0,0,1,1,3,3]
[0,0,1,1,3,3]

850
[1,1,1,1,0,0]
[1,1,1,1,0,0]
[1,1,2,2,1,1]
[1,1,2,2,1,1]
[0,0,1,1,3,3]
[0,0,1,1,3,3]

851
[3,3,1,1,2,2]
[3,3,1,1,2,2]
[1,1,2,2,1,1]
[1,1,2,2,1,1]
[0,0,1,1,3,3]
[0,0,1,1,3,3]

852
[3,3,3,3,2,2]
[3,3,3,3,2,2]
[1,1,2,2,1,1]
[1,1,2,2,1,1]
[0,0,1,1,3,3]
[0,0,1,1,3,3]

853
[1,1,1,1,0,0]
[1,1,1,1,0,0]
[1,1,2,2,3,3]
[1,1,2,2,3,3]
[0,0,1,1,3,3]
[0,0,1,1,3,3]

854
[1,1,1,1,0,0]
[1,1,1,1,0,0]
[3,3,2,2,3,3]
[3,3,2,2,3,3]
[0,0,1,1,3,3]
[0,0,1,1,3,3]

855
[1,1,1,1,2,2]
[1,1,1,1,2,2]
[3,3,2,2,1,1]
[3,3,2,2,1,1]
[0,0,1,1,3,3]
[0,0,1,1,3,3]

856
[1,1,1,1,2,2]
[1,1,1,1,2,2]
[3,3,2,2,3,3]
[3,3,2,2,3,3]
[0,0,1,1,3,3]
[0,0,1,1,3,3]

857
[1,1,3,3,0,0]
[1,1,3,3,0,0]
[3,3,0,0,1,1]
[3,3,0,0,1,1]
[0,0,1,1,3,3]
[0,0,1,1,3,3]

858
[1,1,3,3,2,2]
[1,1,3,3,2,2]
[3,3,0,0,1,1]
[3,3,0,0,1,1]
[0,0,1,1,3,3]
[0,0,1,1,3,3]

859
[1,1,3,3,2,2]
[1,1,3,3,2,2]
[3,3,2,2,1,1]
[3,3,2,2,1,1]
[0,0,1,1,3,3]
[0,0,1,1,3,3]

860
[3,1,3,1,2,2]
[3,1,3,1,2,2]
[1,3,0,0,1,3]
[1,3,0,0,1,3]
[0,0,1,3,1,3]
[0,0,1,3,1,3]

861
[1,3,3,1,0,0]
[1,3,3,1,0,0]
[1,3,0,0,3,1]
[1,3,0,0,3,1]
[0,0,1,3,1,3]
[0,0,1,3,1,3]

862
[3,1,3,1,0,0]
[3,1,3,1,0,0]
[1,3,0,0,3,1]
[1,3,0,0,3,1]
[0,0,1,3,1,3]
[0,0,1,3,1,3]

863
[3,1,3,1,2,2]
[3,1,3,1,2,2]
[1,3,0,0,3,1]
[1,3,0,0,3,1]
[0,0,1,3,1,3]
[0,0,1,3,1,3]

864
[3,1,1,3,2,2]
[3,1,1,3,2,2]
[1,3,2,2,1,3]
[1,3,2,2,1,3]
[0,0,1,3,1,3]
[0,0,1,3,1,3]

865
[3,1,1,3,2,2]
[3,1,1,3,2,2]
[1,3,2,2,3,1]
[1,3,2,2,3,1]
[0,0,1,3,1,3]
[0,0,1,3,1,3]

866
[3,1,3,1,2,2]
[3,1,3,1,2,2]
[1,3,2,2,3,1]
[1,3,2,2,3,1]
[0,0,1,3,1,3]
[0,0,1,3,1,3]

880
[1,3,1,3,0,0]
[3,1,3,1,0,0]
[1,3,0,0,1,3]
[3,1,0,0,3,1]
[0,0,1,3,1,3]
[0,0,3,1,3,1]

881
[1,3,1,3,2,2]
[3,1,3,1,2,2]
[1,3,0,0,1,3]
[3,1,0,0,3,1]
[0,0,1,3,1,3]
[0,0,3,1,3,1]

882
[1,3,1,3,0,0]
[3,1,3,1,0,0]
[1,3,0,0,3,1]
[3,1,0,0,1,3]
[0,0,1,3,1,3]
[0,0,3,1,3,1]

883
[1,3,1,3,2,2]
[3,1,3,1,2,2]
[1,3,0,0,3,1]
[3,1,0,0,1,3]
[0,0,1,3,1,3]
[0,0,3,1,3,1]

884
[1,3,1,3,2,2]
[3,1,3,1,2,2]
[1,3,2,2,1,3]
[3,1,2,2,3,1]
[0,0,1,3,1,3]
[0,0,3,1,3,1]

885
[1,3,1,3,2,2]
[3,1,3,1,2,2]
[1,3,2,2,3,1]
[3,1,2,2,1,3]
[0,0,1,3,1,3]
[0,0,3,1,3,1]

891
[1,1,3,3,2,2]
[1,1,3,3,2,2]
[1,1,0,0,1,1]
[1,1,0,0,1,1]
[0,0,3,3,3,3]
[0,0,3,3,3,3]

892
[1,1,1,1,0,0]
[1,1,1,1,0,0]
[1,1,0,0,3,3]
[1,1,0,0,3,3]
[0,0,3,3,3,3]
[0,0,3,3,3,3]

915
[1,1,1,1,2,2]
[1,1,1,1,2,2]
[1,1,2,2,1,1]
[1,1,2,2,1,1]
[2,2,1,1,1,1]
[2,2,1,1,1,1]

916
[1,1,1,1,2,2]
[1,1,1,1,2,2]
[1,1,2,2,3,3]
[1,1,2,2,3,3]
[2,2,1,1,1,1]
[2,2,1,1,1,1]

917
[1,1,3,3,2,2]
[1,1,3,3,2,2]
[1,1,2,2,3,3]
[1,1,2,2,3,3]
[2,2,1,1,1,1]
[2,2,1,1,1,1]

918
[3,3,3,3,2,2]
[3,3,3,3,2,2]
[1,1,2,2,3,3]
[1,1,2,2,3,3]
[2,2,1,1,1,1]
[2,2,1,1,1,1]

919
[1,1,1,1,2,2]
[3,3,3,3,2,2]
[1,1,2,2,1,1]
[3,3,2,2,3,3]
[2,2,1,1,1,1]
[2,2,3,3,3,3]

920
[1,1,1,1,2,2]
[3,3,3,3,2,2]
[1,1,2,2,3,3]
[3,3,2,2,1,1]
[2,2,1,1,1,1]
[2,2,3,3,3,3]

921
[1,1,3,3,2,2]
[1,1,3,3,2,2]
[1,1,2,2,1,1]
[1,1,2,2,1,1]
[2,2,1,1,3,3]
[2,2,1,1,3,3]

922
[1,1,1,1,2,2]
[1,1,1,1,2,2]
[1,1,2,2,3,3]
[1,1,2,2,3,3]
[2,2,1,1,3,3]
[2,2,1,1,3,3]

923
[1,1,3,3,2,2]
[1,1,3,3,2,2]
[3,3,2,2,1,1]
[3,3,2,2,1,1]
[2,2,1,1,3,3]
[2,2,1,1,3,3]

924
[1,3,3,1,2,2]
[1,3,3,1,2,2]
[1,3,2,2,3,1]
[1,3,2,2,3,1]
[2,2,1,3,1,3]
[2,2,1,3,1,3]

925
[3,1,3,1,2,2]
[3,1,3,1,2,2]
[1,3,2,2,3,1]
[1,3,2,2,3,1]
[2,2,1,3,1,3]
[2,2,1,3,1,3]

926
[1,3,1,3,2,2]
[3,1,3,1,2,2]
[1,3,2,2,1,3]
[3,1,2,2,3,1]
[2,2,1,3,1,3]
[2,2,3,1,3,1]

927
[1,3,1,3,2,2]
[3,1,3,1,2,2]
[1,3,2,2,3,1]
[3,1,2,2,1,3]
[2,2,1,3,1,3]
[2,2,3,1,3,1]

928
[1,1,1,1,2,2]
[1,1,1,1,2,2]
[1,1,2,2,3,3]
[1,1,2,2,3,3]
[2,2,3,3,3,3]
[2,2,3,3,3,3]

