68 [2,2,2,2,0,0][3,3,2,2,1,1][2,2,0,0,2,2][3,3,1,1,2,2][0,0,0,0,0,0][0,0,0,0,0,0]
69 [2,2,2,2,0,0][3,3,2,2,1,1][3,3,0,0,2,2][2,2,1,1,2,2][0,0,0,0,0,0][0,0,0,0,0,0]
87 [3,3,2,2,0,0][2,2,2,2,1,1][3,3,0,0,2,2][2,2,1,1,2,2][0,0,0,0,0,0][0,0,0,0,0,0]
88 [2,3,2,3,0,0][3,2,2,3,1,1][2,3,0,0,3,2][3,2,1,1,3,2][0,0,0,0,0,0][0,0,0,0,0,0]
89 [2,3,2,3,0,0][3,2,2,3,1,1][3,2,0,0,3,2][2,3,1,1,3,2][0,0,0,0,0,0][0,0,0,0,0,0]
90 [2,2,2,2,0,0][3,3,2,2,1,1][2,2,0,0,3,3][3,3,1,1,3,3][0,0,0,0,0,0][0,0,0,0,0,0]
91 [2,2,2,2,1,1][3,3,2,2,0,0][2,2,0,0,3,3][3,3,1,1,3,3][0,0,0,0,0,0][0,0,0,0,0,0]
92 [2,2,2,2,0,0][3,3,2,2,1,1][3,3,0,0,3,3][2,2,1,1,3,3][0,0,0,0,0,0][0,0,0,0,0,0]
210 [2,2,2,2,1,1][2,2,2,2,1,1][2,2,1,1,2,2][2,2,1,1,2,2][0,0,0,0,0,0][0,0,1,1,1,1]
211 [3,3,2,2,1,1][3,3,2,2,1,1][2,2,1,1,2,2][2,2,1,1,2,2][0,0,0,0,0,0][0,0,1,1,1,1]
212 [3,3,3,3,1,1][3,3,3,3,1,1][2,2,1,1,2,2][2,2,1,1,2,2][0,0,0,0,0,0][0,0,1,1,1,1]
213 [2,2,2,2,1,1][2,2,2,2,1,1][2,2,1,1,3,3][2,2,1,1,3,3][0,0,0,0,0,0][0,0,1,1,1,1]
214 [2,2,3,3,1,1][2,2,3,3,1,1][2,2,1,1,3,3][2,2,1,1,3,3][0,0,0,0,0,0][0,0,1,1,1,1]
215 [3,3,2,2,1,1][3,3,2,2,1,1][2,2,1,1,3,3][2,2,1,1,3,3][0,0,0,0,0,0][0,0,1,1,1,1]
216 [2,3,2,3,1,1][2,3,2,3,1,1][2,3,1,1,2,3][2,3,1,1,2,3][0,0,0,0,0,0][0,0,1,1,1,1]
217 [3,2,2,3,1,1][3,2,2,3,1,1][2,3,1,1,2,3][2,3,1,1,2,3][0,0,0,0,0,0][0,0,1,1,1,1]
218 [2,2,2,2,0,0][2,2,2,2,0,0][2,2,0,0,2,2][2,2,0,0,2,2][0,0,0,0,0,0][0,0,1,1,1,1]
219 [2,2,2,2,1,1][2,2,2,2,1,1][2,2,0,0,2,2][2,2,0,0,2,2][0,0,0,0,0,0][0,0,1,1,1,1]
220 [3,3,2,2,0,0][3,3,2,2,0,0][2,2,0,0,2,2][2,2,0,0,2,2][0,0,0,0,0,0][0,0,1,1,1,1]
221 [3,3,2,2,1,1][3,3,2,2,1,1][2,2,0,0,2,2][2,2,0,0,2,2][0,0,0,0,0,0][0,0,1,1,1,1]
222 [2,2,3,3,1,1][2,2,3,3,1,1][2,2,0,0,2,2][2,2,0,0,2,2][0,0,0,0,0,0][0,0,1,1,1,1]
223 [3,3,3,3,1,1][3,3,3,3,1,1][2,2,0,0,2,2][2,2,0,0,2,2][0,0,0,0,0,0][0,0,1,1,1,1]
224 [2,2,2,2,0,0][2,2,2,2,0,0][2,2,0,0,3,3][2,2,0,0,3,3][0,0,0,0,0,0][0,0,1,1,1,1]
225 [2,2,2,2,1,1][2,2,2,2,1,1][2,2,0,0,3,3][2,2,0,0,3,3][0,0,0,0,0,0][0,0,1,1,1,1]
226 [3,3,2,2,0,0][3,3,2,2,0,0][2,2,0,0,3,3][2,2,0,0,3,3][0,0,0,0,0,0][0,0,1,1,1,1]
227 [3,3,2,2,1,1][3,3,2,2,1,1][2,2,0,0,3,3][2,2,0,0,3,3][0,0,0,0,0,0][0,0,1,1,1,1]
228 [2,2,3,3,0,0][2,2,3,3,0,0][2,2,0,0,3,3][2,2,0,0,3,3][0,0,0,0,0,0][0,0,1,1,1,1]
229 [2,2,3,3,1,1][2,2,3,3,1,1][2,2,0,0,3,3][2,2,0,0,3,3][0,0,0,0,0,0][0,0,1,1,1,1]
230 [3,3,3,3,1,1][3,3,3,3,1,1][2,2,0,0,3,3][2,2,0,0,3,3][0,0,0,0,0,0][0,0,1,1,1,1]
231 [2,3,2,3,0,0][2,3,2,3,0,0][2,3,0,0,2,3][2,3,0,0,2,3][0,0,0,0,0,0][0,0,1,1,1,1]
232 [2,3,2,3,1,1][2,3,2,3,1,1][2,3,0,0,2,3][2,3,0,0,2,3][0,0,0,0,0,0][0,0,1,1,1,1]
233 [3,2,2,3,0,0][3,2,2,3,0,0][2,3,0,0,2,3][2,3,0,0,2,3][0,0,0,0,0,0][0,0,1,1,1,1]
234 [3,2,2,3,1,1][3,2,2,3,1,1][2,3,0,0,2,3][2,3,0,0,2,3][0,0,0,0,0,0][0,0,1,1,1,1]
235 [2,2,2,2,0,0][2,2,2,2,0,0][3,3,0,0,3,3][3,3,0,0,3,3][0,0,0,0,0,0][0,0,1,1,1,1]
324 [2,2,2,2,0,0][3,3,2,2,1,1][2,2,0,0,2,2][3,3,1,1,2,2][1,1,0,0,0,0][1,1,0,0,0,0]
325 [2,2,2,2,0,0][3,3,2,2,1,1][3,3,0,0,2,2][2,2,1,1,2,2][1,1,0,0,0,0][1,1,0,0,0,0]
326 [2,2,2,2,0,0][3,3,2,2,1,1][2,2,0,0,2,2][3,3,1,1,2,2][0,0,0,0,1,1][0,0,0,0,1,1]
327 [2,2,2,2,1,1][3,3,2,2,0,0][2,2,0,0,2,2][3,3,1,1,2,2][0,0,0,0,1,1][0,0,0,0,1,1]
328 [2,2,3,3,0,0][3,3,3,3,1,1][2,2,0,0,2,2][3,3,1,1,2,2][0,0,0,0,1,1][0,0,0,0,1,1]
329 [2,2,3,3,1,1][3,3,3,3,0,0][2,2,0,0,2,2][3,3,1,1,2,2][0,0,0,0,1,1][0,0,0,0,1,1]
339 [3,3,2,2,0,0][2,2,2,2,1,1][3,3,0,0,2,2][2,2,1,1,2,2][1,1,0,0,0,0][1,1,0,0,0,0]
340 [2,2,2,2,0,0][3,3,2,2,1,1][2,2,0,0,3,3][3,3,1,1,3,3][0,0,0,0,1,1][0,0,0,0,1,1]
341 [2,2,2,2,1,1][3,3,2,2,0,0][2,2,0,0,3,3][3,3,1,1,3,3][0,0,0,0,1,1][0,0,0,0,1,1]
342 [2,2,3,3,0,0][3,3,3,3,1,1][2,2,0,0,3,3][3,3,1,1,3,3][0,0,0,0,1,1][0,0,0,0,1,1]
343 [2,2,3,3,1,1][3,3,3,3,0,0][2,2,0,0,3,3][3,3,1,1,3,3][0,0,0,0,1,1][0,0,0,0,1,1]
353 [2,3,2,3,0,0][3,2,2,3,1,1][2,3,0,0,2,3][3,2,1,1,2,3][1,1,0,0,0,0][1,1,0,0,0,0]
354 [2,3,2,3,0,0][3,2,2,3,1,1][3,2,0,0,2,3][2,3,1,1,2,3][1,1,0,0,0,0][1,1,0,0,0,0]
355 [2,3,2,3,0,0][3,2,2,3,1,1][2,3,0,0,2,3][3,2,1,1,2,3][0,0,0,0,1,1][0,0,0,0,1,1]
356 [2,3,2,3,1,1][3,2,2,3,0,0][2,3,0,0,2,3][3,2,1,1,2,3][0,0,0,0,1,1][0,0,0,0,1,1]
358 [2,2,3,3,0,0][3,3,3,3,1,1][2,2,0,0,2,2][3,3,1,1,2,2][1,1,0,0,0,0][1,1,0,0,0,0]
359 [2,2,3,3,0,0][3,3,3,3,1,1][3,3,0,0,2,2][2,2,1,1,2,2][1,1,0,0,0,0][1,1,0,0,0,0]
360 [3,3,3,3,0,0][2,2,3,3,1,1][2,2,0,0,2,2][3,3,1,1,2,2][1,1,0,0,0,0][1,1,0,0,0,0]
469 [2,2,2,2,1,1][2,2,2,2,1,1][2,2,1,1,2,2][2,2,1,1,2,2][0,0,0,0,1,1][0,0,1,1,0,0]
470 [3,3,2,2,1,1][3,3,2,2,1,1][2,2,1,1,2,2][2,2,1,1,2,2][0,0,0,0,1,1][0,0,1,1,0,0]
471 [3,3,3,3,1,1][3,3,3,3,1,1][2,2,1,1,2,2][2,2,1,1,2,2][0,0,0,0,1,1][0,0,1,1,0,0]
472 [2,2,2,2,1,1][2,2,2,2,1,1][2,2,1,1,3,3][2,2,1,1,3,3][0,0,0,0,1,1][0,0,1,1,0,0]
473 [2,2,3,3,1,1][2,2,3,3,1,1][2,2,1,1,3,3][2,2,1,1,3,3][0,0,0,0,1,1][0,0,1,1,0,0]
474 [3,3,2,2,1,1][3,3,2,2,1,1][2,2,1,1,3,3][2,2,1,1,3,3][0,0,0,0,1,1][0,0,1,1,0,0]
475 [2,3,2,3,1,1][2,3,2,3,1,1][2,3,1,1,2,3][2,3,1,1,2,3][0,0,0,0,1,1][0,0,1,1,0,0]
476 [3,2,2,3,1,1][3,2,2,3,1,1][2,3,1,1,2,3][2,3,1,1,2,3][0,0,0,0,1,1][0,0,1,1,0,0]
512 [2,2,2,2,0,0][2,2,2,2,0,0][2,2,0,0,2,2][2,2,0,0,2,2][0,0,0,0,1,1][0,0,1,1,0,0]
513 [2,2,2,2,1,1][2,2,2,2,1,1][2,2,0,0,2,2][2,2,0,0,2,2][0,0,0,0,1,1][0,0,1,1,0,0]
514 [3,3,2,2,0,0][3,3,2,2,0,0][2,2,0,0,2,2][2,2,0,0,2,2][0,0,0,0,1,1][0,0,1,1,0,0]
515 [3,3,2,2,1,1][3,3,2,2,1,1][2,2,0,0,2,2][2,2,0,0,2,2][0,0,0,0,1,1][0,0,1,1,0,0]
516 [2,2,3,3,1,1][2,2,3,3,1,1][2,2,0,0,2,2][2,2,0,0,2,2][0,0,0,0,1,1][0,0,1,1,0,0]
517 [3,3,3,3,1,1][3,3,3,3,1,1][2,2,0,0,2,2][2,2,0,0,2,2][0,0,0,0,1,1][0,0,1,1,0,0]
518 [2,2,2,2,0,0][2,2,2,2,0,0][2,2,0,0,2,2][2,2,0,0,2,2][1,1,0,0,0,0][1,1,1,1,1,1]
519 [2,2,2,2,0,0][2,2,2,2,0,0][3,3,0,0,2,2][3,3,0,0,2,2][1,1,0,0,0,0][1,1,1,1,1,1]
520 [2,2,2,2,0,0][2,2,2,2,0,0][2,2,1,1,2,2][2,2,1,1,2,2][1,1,0,0,0,0][1,1,1,1,1,1]
521 [2,2,2,2,0,0][2,2,2,2,0,0][3,3,1,1,2,2][3,3,1,1,2,2][1,1,0,0,0,0][1,1,1,1,1,1]
522 [2,2,2,2,0,0][2,2,2,2,0,0][2,2,1,1,3,3][2,2,1,1,3,3][1,1,0,0,0,0][1,1,1,1,1,1]
523 [2,2,2,2,0,0][2,2,2,2,0,0][3,3,1,1,3,3][3,3,1,1,3,3][1,1,0,0,0,0][1,1,1,1,1,1]
524 [2,2,2,2,0,0][2,2,2,2,0,0][2,2,0,0,3,3][2,2,0,0,3,3][0,0,0,0,1,1][0,0,1,1,0,0]
525 [2,2,2,2,1,1][2,2,2,2,1,1][2,2,0,0,3,3][2,2,0,0,3,3][0,0,0,0,1,1][0,0,1,1,0,0]
526 [3,3,2,2,0,0][3,3,2,2,0,0][2,2,0,0,3,3][2,2,0,0,3,3][0,0,0,0,1,1][0,0,1,1,0,0]
527 [3,3,2,2,1,1][3,3,2,2,1,1][2,2,0,0,3,3][2,2,0,0,3,3][0,0,0,0,1,1][0,0,1,1,0,0]
528 [2,2,3,3,0,0][2,2,3,3,0,0][2,2,0,0,3,3][2,2,0,0,3,3][0,0,0,0,1,1][0,0,1,1,0,0]
529 [2,2,3,3,1,1][2,2,3,3,1,1][2,2,0,0,3,3][2,2,0,0,3,3][0,0,0,0,1,1][0,0,1,1,0,0]
530 [3,3,3,3,1,1][3,3,3,3,1,1][2,2,0,0,3,3][2,2,0,0,3,3][0,0,0,0,1,1][0,0,1,1,0,0]
531 [3,3,2,2,0,0][3,3,2,2,0,0][3,3,0,0,2,2][3,3,0,0,2,2][1,1,0,0,0,0][1,1,1,1,1,1]
532 [3,3,2,2,0,0][3,3,2,2,0,0][2,2,1,1,2,2][2,2,1,1,2,2][1,1,0,0,0,0][1,1,1,1,1,1]
533 [3,3,2,2,0,0][3,3,2,2,0,0][3,3,1,1,2,2][3,3,1,1,2,2][1,1,0,0,0,0][1,1,1,1,1,1]
534 [3,3,2,2,0,0][3,3,2,2,0,0][2,2,1,1,3,3][2,2,1,1,3,3][1,1,0,0,0,0][1,1,1,1,1,1]
535 [3,3,2,2,0,0][3,3,2,2,0,0][3,3,1,1,3,3][3,3,1,1,3,3][1,1,0,0,0,0][1,1,1,1,1,1]
536 [2,3,2,3,0,0][2,3,2,3,0,0][2,3,0,0,2,3][2,3,0,0,2,3][0,0,0,0,1,1][0,0,1,1,0,0]
537 [2,3,2,3,1,1][2,3,2,3,1,1][2,3,0,0,2,3][2,3,0,0,2,3][0,0,0,0,1,1][0,0,1,1,0,0]
538 [3,2,2,3,0,0][3,2,2,3,0,0][2,3,0,0,2,3][2,3,0,0,2,3][0,0,0,0,1,1][0,0,1,1,0,0]
539 [3,2,2,3,1,1][3,2,2,3,1,1][2,3,0,0,2,3][2,3,0,0,2,3][0,0,0,0,1,1][0,0,1,1,0,0]
540 [2,3,2,3,0,0][2,3,2,3,0,0][2,3,0,0,2,3][2,3,0,0,2,3][1,1,0,0,0,0][1,1,1,1,1,1]
541 [2,3,2,3,0,0][2,3,2,3,0,0][3,2,0,0,2,3][3,2,0,0,2,3][1,1,0,0,0,0][1,1,1,1,1,1]
542 [2,3,2,3,0,0][2,3,2,3,0,0][2,3,1,1,2,3][2,3,1,1,2,3][1,1,0,0,0,0][1,1,1,1,1,1]
543 [2,3,2,3,0,0][2,3,2,3,0,0][3,2,1,1,2,3][3,2,1,1,2,3][1,1,0,0,0,0][1,1,1,1,1,1]
544 [2,2,3,3,0,0][2,2,3,3,0,0][2,2,0,0,2,2][2,2,0,0,2,2][1,1,0,0,0,0][1,1,1,1,1,1]
545 [2,2,3,3,0,0][2,2,3,3,0,0][3,3,0,0,2,2][3,3,0,0,2,2][1,1,0,0,0,0][1,1,1,1,1,1]
546 [2,2,2,2,0,0][2,2,2,2,0,0][3,3,0,0,3,3][3,3,0,0,3,3][0,0,0,0,1,1][0,0,1,1,0,0]
547 [3,3,3,3,0,0][3,3,3,3,0,0][2,2,0,0,2,2][2,2,0,0,2,2][1,1,0,0,0,0][1,1,1,1,1,1]
569 [2,2,2,2,1,1][2,2,2,2,1,1][2,2,1,1,2,2][2,2,1,1,2,2][1,1,0,0,0,0][1,1,1,1,1,1]
570 [2,2,2,2,1,1][2,2,2,2,1,1][3,3,1,1,2,2][3,3,1,1,2,2][1,1,0,0,0,0][1,1,1,1,1,1]
571 [3,3,2,2,1,1][3,3,2,2,1,1][3,3,1,1,2,2][3,3,1,1,2,2][1,1,0,0,0,0][1,1,1,1,1,1]
572 [2,3,2,3,1,1][2,3,2,3,1,1][2,3,1,1,2,3][2,3,1,1,2,3][1,1,0,0,0,0][1,1,1,1,1,1]
573 [2,3,2,3,1,1][2,3,2,3,1,1][3,2,1,1,2,3][3,2,1,1,2,3][1,1,0,0,0,0][1,1,1,1,1,1]
574 [2,2,3,3,1,1][2,2,3,3,1,1][2,2,1,1,2,2][2,2,1,1,2,2][1,1,0,0,0,0][1,1,1,1,1,1]
575 [2,2,3,3,1,1][2,2,3,3,1,1][3,3,1,1,2,2][3,3,1,1,2,2][1,1,0,0,0,0][1,1,1,1,1,1]
576 [3,3,3,3,1,1][3,3,3,3,1,1][2,2,1,1,2,2][2,2,1,1,2,2][1,1,0,0,0,0][1,1,1,1,1,1]
621 [2,2,2,2,0,0][3,3,2,2,1,1][2,2,0,0,2,2][3,3,1,1,2,2][1,1,1,1,0,0][1,1,1,1,0,0]
622 [2,2,2,2,0,0][3,3,2,2,1,1][3,3,0,0,2,2][2,2,1,1,2,2][1,1,1,1,0,0][1,1,1,1,0,0]
623 [3,3,2,2,0,0][2,2,2,2,1,1][2,2,0,0,2,2][3,3,1,1,2,2][1,1,1,1,0,0][1,1,1,1,0,0]
624 [3,3,2,2,0,0][2,2,2,2,1,1][3,3,0,0,2,2][2,2,1,1,2,2][1,1,1,1,0,0][1,1,1,1,0,0]
625 [2,2,2,2,0,0][3,3,2,2,1,1][2,2,0,0,3,3][3,3,1,1,3,3][1,1,0,0,1,1][1,1,0,0,1,1]
626 [2,2,2,2,1,1][3,3,2,2,0,0][2,2,0,0,3,3][3,3,1,1,3,3][1,1,0,0,1,1][1,1,0,0,1,1]
627 [2,2,2,2,0,0][3,3,2,2,1,1][3,3,0,0,3,3][2,2,1,1,3,3][1,1,0,0,1,1][1,1,0,0,1,1]
628 [2,2,2,2,1,1][3,3,2,2,0,0][3,3,0,0,3,3][2,2,1,1,3,3][1,1,0,0,1,1][1,1,0,0,1,1]
629 [2,2,2,2,0,0][2,2,2,2,0,0][2,2,0,0,2,2][2,2,0,0,2,2][1,1,1,1,0,0][1,1,0,0,1,1]
630 [2,2,2,2,0,0][2,2,2,2,0,0][3,3,0,0,2,2][3,3,0,0,2,2][1,1,1,1,0,0][1,1,0,0,1,1]
631 [3,3,2,2,0,0][3,3,2,2,0,0][3,3,0,0,2,2][3,3,0,0,2,2][1,1,1,1,0,0][1,1,0,0,1,1]
632 [2,2,2,2,0,0][2,2,2,2,0,0][2,2,1,1,2,2][2,2,1,1,2,2][1,1,1,1,0,0][1,1,0,0,1,1]
633 [2,2,2,2,0,0][2,2,2,2,0,0][3,3,1,1,2,2][3,3,1,1,2,2][1,1,1,1,0,0][1,1,0,0,1,1]
634 [3,3,2,2,0,0][3,3,2,2,0,0][2,2,1,1,2,2][2,2,1,1,2,2][1,1,1,1,0,0][1,1,0,0,1,1]
635 [3,3,2,2,0,0][3,3,2,2,0,0][3,3,1,1,2,2][3,3,1,1,2,2][1,1,1,1,0,0][1,1,0,0,1,1]
636 [2,2,2,2,1,1][2,2,2,2,1,1][2,2,0,0,3,3][2,2,0,0,3,3][1,1,0,0,1,1][1,1,1,1,0,0]
637 [3,3,2,2,1,1][3,3,2,2,1,1][2,2,0,0,3,3][2,2,0,0,3,3][1,1,0,0,1,1][1,1,1,1,0,0]
638 [3,3,3,3,0,0][3,3,3,3,0,0][2,2,1,1,2,2][2,2,1,1,2,2][1,1,1,1,0,0][1,1,0,0,1,1]
639 [3,3,3,3,0,0][3,3,3,3,0,0][3,3,1,1,2,2][3,3,1,1,2,2][1,1,1,1,0,0][1,1,0,0,1,1]
642 [2,3,2,3,0,0][3,2,2,3,1,1][2,3,0,0,3,2][3,2,1,1,3,2][1,1,1,1,0,0][1,1,1,1,0,0]
643 [2,3,2,3,0,0][3,2,2,3,1,1][3,2,0,0,3,2][2,3,1,1,3,2][1,1,1,1,0,0][1,1,1,1,0,0]
644 [2,3,2,3,0,0][2,3,2,3,0,0][2,3,0,0,2,3][2,3,0,0,2,3][1,1,1,1,0,0][1,1,0,0,1,1]
645 [2,3,2,3,0,0][2,3,2,3,0,0][3,2,0,0,2,3][3,2,0,0,2,3][1,1,1,1,0,0][1,1,0,0,1,1]
646 [2,3,2,3,0,0][2,3,2,3,0,0][2,3,1,1,2,3][2,3,1,1,2,3][1,1,1,1,0,0][1,1,0,0,1,1]
647 [2,3,2,3,0,0][2,3,2,3,0,0][3,2,1,1,2,3][3,2,1,1,2,3][1,1,1,1,0,0][1,1,0,0,1,1]
676 [2,2,2,2,0,0][2,2,2,2,0,0][2,2,0,0,3,3][2,2,0,0,3,3][1,1,1,1,0,0][1,1,0,0,1,1]
677 [2,2,2,2,0,0][2,2,2,2,0,0][3,3,0,0,3,3][3,3,0,0,3,3][1,1,1,1,0,0][1,1,0,0,1,1]
678 [3,3,2,2,0,0][3,3,2,2,0,0][2,2,0,0,3,3][2,2,0,0,3,3][1,1,1,1,0,0][1,1,0,0,1,1]
715 [2,2,2,2,0,0][3,3,2,2,1,1][2,2,0,0,2,2][3,3,1,1,2,2][0,0,1,1,1,1][0,0,1,1,1,1]
716 [2,2,2,2,1,1][3,3,2,2,0,0][2,2,0,0,2,2][3,3,1,1,2,2][0,0,1,1,1,1][0,0,1,1,1,1]
717 [2,2,3,3,1,1][3,3,3,3,0,0][2,2,0,0,2,2][3,3,1,1,2,2][0,0,1,1,1,1][0,0,1,1,1,1]
718 [2,2,2,2,0,0][3,3,2,2,1,1][2,2,0,0,3,3][3,3,1,1,3,3][0,0,1,1,1,1][0,0,1,1,1,1]
719 [2,2,2,2,1,1][3,3,2,2,0,0][2,2,0,0,3,3][3,3,1,1,3,3][0,0,1,1,1,1][0,0,1,1,1,1]
720 [2,2,3,3,0,0][3,3,3,3,1,1][2,2,0,0,3,3][3,3,1,1,3,3][0,0,1,1,1,1][0,0,1,1,1,1]
736 [2,3,2,3,0,0][3,2,2,3,1,1][2,3,0,0,2,3][3,2,1,1,2,3][0,0,1,1,1,1][0,0,1,1,1,1]
737 [2,3,2,3,1,1][3,2,2,3,0,0][2,3,0,0,2,3][3,2,1,1,2,3][0,0,1,1,1,1][0,0,1,1,1,1]
749 [2,2,2,2,1,1][2,2,2,2,1,1][2,2,1,1,2,2][2,2,1,1,2,2][1,1,1,1,0,0][1,1,0,0,1,1]
750 [2,2,2,2,1,1][2,2,2,2,1,1][3,3,1,1,2,2][3,3,1,1,2,2][1,1,1,1,0,0][1,1,0,0,1,1]
751 [3,3,2,2,1,1][3,3,2,2,1,1][3,3,1,1,2,2][3,3,1,1,2,2][1,1,1,1,0,0][1,1,0,0,1,1]
752 [2,3,2,3,1,1][2,3,2,3,1,1][2,3,1,1,2,3][2,3,1,1,2,3][1,1,1,1,0,0][1,1,0,0,1,1]
753 [2,3,2,3,1,1][2,3,2,3,1,1][3,2,1,1,2,3][3,2,1,1,2,3][1,1,1,1,0,0][1,1,0,0,1,1]
754 [2,2,3,3,1,1][2,2,3,3,1,1][2,2,1,1,2,2][2,2,1,1,2,2][1,1,1,1,0,0][1,1,0,0,1,1]
755 [2,2,3,3,1,1][2,2,3,3,1,1][3,3,1,1,2,2][3,3,1,1,2,2][1,1,1,1,0,0][1,1,0,0,1,1]
756 [3,3,3,3,1,1][3,3,3,3,1,1][2,2,1,1,2,2][2,2,1,1,2,2][1,1,1,1,0,0][1,1,0,0,1,1]
829 [2,2,2,2,0,0][3,3,2,2,1,1][2,2,0,0,2,2][3,3,1,1,2,2][1,1,1,1,1,1][1,1,1,1,1,1]
830 [2,2,2,2,0,0][3,3,2,2,1,1][3,3,0,0,2,2][2,2,1,1,2,2][1,1,1,1,1,1][1,1,1,1,1,1]
886 [3,3,2,2,0,0][2,2,2,2,1,1][3,3,0,0,2,2][2,2,1,1,2,2][1,1,1,1,1,1][1,1,1,1,1,1]
887 [2,3,2,3,0,0][3,2,2,3,1,1][2,3,0,0,3,2][3,2,1,1,3,2][1,1,1,1,1,1][1,1,1,1,1,1]
888 [2,3,2,3,0,0][3,2,2,3,1,1][3,2,0,0,3,2][2,3,1,1,3,2][1,1,1,1,1,1][1,1,1,1,1,1]
889 [2,2,2,2,0,0][3,3,2,2,1,1][3,3,1,1,3,3][2,2,0,0,3,3][1,1,1,1,1,1][1,1,1,1,1,1]
890 [2,2,2,2,1,1][3,3,2,2,0,0][3,3,1,1,3,3][2,2,0,0,3,3][1,1,1,1,1,1][1,1,1,1,1,1]
893 [2,2,2,2,0,0][3,3,2,2,1,1][2,2,1,1,3,3][3,3,0,0,3,3][1,1,1,1,1,1][1,1,1,1,1,1]
