# Using the new encoding: 2y + x
33 [1,3,1,3,0,0][3,1,1,3,0,0][1,1,0,2,0,0][3,3,2,0,0,0][0,0,0,0,0,0][0,0,0,0,0,0]
36 [1,3,1,3,2,2][3,1,1,3,2,2][1,1,0,2,0,0][3,3,2,0,0,0][0,0,0,0,0,0][0,0,0,0,0,0]
41 [1,1,1,1,2,2][3,3,1,1,2,2][1,1,0,0,0,2][3,3,2,2,0,2][0,0,0,0,0,0][0,0,0,0,0,0]
42 [1,1,3,3,2,2][3,3,3,3,2,2][1,1,0,0,0,2][3,3,2,2,0,2][0,0,0,0,0,0][0,0,0,0,0,0]
43 [1,3,1,3,0,0][3,1,1,3,0,0][3,3,0,2,0,0][1,1,2,0,0,0][0,0,0,0,0,0][0,0,0,0,0,0]
44 [1,3,1,3,2,2][3,1,1,3,2,2][3,3,0,2,0,0][1,1,2,0,0,0][0,0,0,0,0,0][0,0,0,0,0,0]
61 [1,1,1,1,0,0][3,3,1,1,0,0][1,1,0,0,0,2][3,3,2,2,0,2][0,0,0,0,0,0][0,0,0,0,0,0]
62 [1,1,1,1,0,0][3,3,1,1,0,0][3,3,0,0,0,2][1,1,2,2,0,2][0,0,0,0,0,0][0,0,0,0,0,0]
79 [1,3,1,3,0,0][3,1,1,3,0,0][1,1,0,2,2,2][3,3,2,0,2,2][0,0,0,0,0,0][0,0,0,0,0,0]
80 [1,3,1,3,0,0][3,1,1,3,0,0][3,3,0,2,2,2][1,1,2,0,2,2][0,0,0,0,0,0][0,0,0,0,0,0]
100 [1,3,1,3,2,2][3,1,1,3,2,2][1,1,0,2,2,2][3,3,2,0,2,2][0,0,0,0,0,0][0,0,0,0,0,0]
101 [1,3,1,3,2,2][3,1,1,3,2,2][3,3,0,2,2,2][1,1,2,0,2,2][0,0,0,0,0,0][0,0,0,0,0,0]
136 [1,1,1,1,0,0][1,1,1,1,0,0][1,1,0,0,0,2][1,1,0,0,0,2][0,0,0,0,0,0][0,0,2,2,0,0]
137 [1,1,1,1,0,0][1,1,1,1,0,0][1,1,2,2,0,2][1,1,2,2,0,2][0,0,0,0,0,0][0,0,2,2,0,0]
138 [1,1,1,1,0,0][1,1,1,1,0,0][3,3,0,0,0,2][3,3,0,0,0,2][0,0,0,0,0,0][0,0,2,2,0,0]
139 [1,1,1,1,0,0][1,1,1,1,0,0][3,3,2,2,0,2][3,3,2,2,0,2][0,0,0,0,0,0][0,0,2,2,0,0]
143 [1,1,3,3,0,0][1,1,3,3,0,0][3,3,0,0,0,2][3,3,0,0,0,2][0,0,0,0,0,0][0,0,2,2,0,0]
144 [1,1,3,3,0,0][1,1,3,3,0,0][3,3,2,2,0,2][3,3,2,2,0,2][0,0,0,0,0,0][0,0,2,2,0,0]
151 [1,3,1,3,0,0][1,3,1,3,0,0][1,1,0,2,2,2][1,1,0,2,2,2][0,0,0,0,0,0][0,0,2,2,0,0]
152 [1,3,1,3,0,0][1,3,1,3,0,0][1,1,2,0,2,2][1,1,2,0,2,2][0,0,0,0,0,0][0,0,2,2,0,0]
160 [1,1,1,1,2,2][1,1,1,1,2,2][1,1,2,2,0,2][1,1,2,2,0,2][0,0,0,0,0,0][0,0,2,2,0,0]
161 [1,1,3,3,2,2][1,1,3,3,2,2][1,1,2,2,0,2][1,1,2,2,0,2][0,0,0,0,0,0][0,0,2,2,0,0]
162 [3,3,1,1,2,2][3,3,1,1,2,2][1,1,2,2,0,2][1,1,2,2,0,2][0,0,0,0,0,0][0,0,2,2,0,0]
163 [3,3,3,3,2,2][3,3,3,3,2,2][1,1,2,2,0,2][1,1,2,2,0,2][0,0,0,0,0,0][0,0,2,2,0,0]
168 [1,3,1,3,2,2][1,3,1,3,2,2][1,1,0,2,0,0][1,1,0,2,0,0][0,0,0,0,0,0][0,0,2,2,0,0]
169 [1,3,3,1,2,2][1,3,3,1,2,2][1,1,0,2,0,0][1,1,0,2,0,0][0,0,0,0,0,0][0,0,2,2,0,0]
175 [1,1,1,1,2,2][1,1,1,1,2,2][1,1,0,0,0,2][1,1,0,0,0,2][0,0,0,0,0,0][0,0,2,2,0,0]
176 [3,3,1,1,2,2][3,3,1,1,2,2][1,1,0,0,0,2][1,1,0,0,0,2][0,0,0,0,0,0][0,0,2,2,0,0]
177 [1,1,3,3,2,2][1,1,3,3,2,2][1,1,0,0,0,2][1,1,0,0,0,2][0,0,0,0,0,0][0,0,2,2,0,0]
178 [3,3,3,3,2,2][3,3,3,3,2,2][1,1,0,0,0,2][1,1,0,0,0,2][0,0,0,0,0,0][0,0,2,2,0,0]
236 [1,3,3,1,2,2][1,3,3,1,2,2][1,1,2,0,2,2][1,1,2,0,2,2][0,0,0,0,0,0][0,0,2,2,0,0]
237 [1,3,1,3,2,2][1,3,1,3,2,2][1,1,2,0,2,2][1,1,2,0,2,2][0,0,0,0,0,0][0,0,2,2,0,0]
259 [1,3,1,3,2,2][3,1,1,3,2,2][1,1,0,2,0,0][3,3,2,0,0,0][2,2,0,0,0,0][2,2,0,0,0,0]
264 [1,1,1,1,2,2][3,3,1,1,2,2][1,1,0,0,0,2][3,3,2,2,0,2][2,2,0,0,0,0][2,2,0,0,0,0]
265 [1,1,3,3,2,2][3,3,3,3,2,2][1,1,0,0,0,2][3,3,2,2,0,2][2,2,0,0,0,0][2,2,0,0,0,0]
266 [1,3,1,3,2,2][3,1,1,3,2,2][3,3,0,2,0,0][1,1,2,0,0,0][2,2,0,0,0,0][2,2,0,0,0,0]
290 [1,3,1,3,2,2][3,1,1,3,2,2][1,1,0,2,0,0][3,3,2,0,0,0][0,0,2,2,0,0][0,0,2,2,0,0]
291 [1,3,3,1,2,2][3,1,3,1,2,2][1,1,0,2,0,0][3,3,2,0,0,0][0,0,2,2,0,0][0,0,2,2,0,0]
303 [1,1,1,1,2,2][3,3,1,1,2,2][1,1,0,0,0,2][3,3,2,2,0,2][0,0,0,0,2,2][0,0,0,0,2,2]
304 [1,1,3,3,2,2][3,3,3,3,2,2][1,1,0,0,0,2][3,3,2,2,0,2][0,0,0,0,2,2][0,0,0,0,2,2]
346 [1,3,1,3,0,0][3,1,1,3,0,0][1,1,0,2,2,2][3,3,2,0,2,2][0,0,2,2,0,0][0,0,2,2,0,0]
347 [1,3,1,3,0,0][3,1,1,3,0,0][1,1,2,0,2,2][3,3,0,2,2,2][0,0,2,2,0,0][0,0,2,2,0,0]
371 [1,3,1,3,2,2][3,1,1,3,2,2][1,1,0,2,2,2][3,3,2,0,2,2][2,2,0,0,0,0][2,2,0,0,0,0]
372 [1,3,1,3,2,2][3,1,1,3,2,2][3,3,0,2,2,2][1,1,2,0,2,2][2,2,0,0,0,0][2,2,0,0,0,0]
383 [1,1,1,1,2,2][3,3,1,1,2,2][1,1,0,0,0,2][3,3,2,2,0,2][0,0,2,2,0,0][0,0,2,2,0,0]
384 [1,1,3,3,2,2][3,3,3,3,2,2][1,1,0,0,0,2][3,3,2,2,0,2][0,0,2,2,0,0][0,0,2,2,0,0]
386 [1,3,1,3,2,2][3,1,1,3,2,2][1,1,0,2,0,0][3,3,2,0,0,0][0,0,0,0,2,2][0,0,0,0,2,2]
396 [1,3,1,3,0,0][3,1,1,3,0,0][1,1,0,2,2,2][3,3,2,0,2,2][0,0,0,0,2,2][0,0,0,0,2,2]
397 [1,3,1,3,2,2][3,1,1,3,2,2][1,1,0,2,2,2][3,3,2,0,2,2][0,0,0,0,2,2][0,0,0,0,2,2]
398 [1,3,1,3,2,2][3,1,1,3,2,2][3,3,0,2,0,0][1,1,2,0,0,0][0,0,0,0,2,2][0,0,0,0,2,2]
400 [1,3,1,3,0,0][3,1,1,3,0,0][3,3,0,2,2,2][1,1,2,0,2,2][0,0,0,0,2,2][0,0,0,0,2,2]
401 [1,3,1,3,2,2][3,1,1,3,2,2][3,3,0,2,2,2][1,1,2,0,2,2][0,0,0,0,2,2][0,0,0,0,2,2]
406 [1,3,1,3,2,2][3,1,1,3,2,2][1,1,0,2,2,2][3,3,2,0,2,2][0,0,2,2,0,0][0,0,2,2,0,0]
407 [1,3,3,1,2,2][3,1,3,1,2,2][1,1,0,2,2,2][3,3,2,0,2,2][0,0,2,2,0,0][0,0,2,2,0,0]
448 [1,1,1,1,2,2][1,1,1,1,2,2][1,1,0,0,0,2][1,1,0,0,0,2][2,2,0,0,0,0][2,2,2,2,0,0]
449 [3,3,1,1,2,2][3,3,1,1,2,2][1,1,0,0,0,2][1,1,0,0,0,2][2,2,0,0,0,0][2,2,2,2,0,0]
450 [1,1,3,3,2,2][1,1,3,3,2,2][1,1,0,0,0,2][1,1,0,0,0,2][2,2,0,0,0,0][2,2,2,2,0,0]
501 [1,1,1,1,2,2][1,1,1,1,2,2][1,1,2,2,0,2][1,1,2,2,0,2][2,2,0,0,0,0][2,2,2,2,0,0]
502 [3,3,1,1,2,2][3,3,1,1,2,2][1,1,2,2,0,2][1,1,2,2,0,2][2,2,0,0,0,0][2,2,2,2,0,0]
503 [1,1,3,3,2,2][1,1,3,3,2,2][1,1,2,2,0,2][1,1,2,2,0,2][2,2,0,0,0,0][2,2,2,2,0,0]
557 [1,3,3,1,2,2][1,3,3,1,2,2][1,1,2,0,2,2][1,1,2,0,2,2][2,2,0,0,0,0][2,2,2,2,0,0]
558 [1,3,1,3,2,2][1,3,1,3,2,2][1,1,2,0,2,2][1,1,2,0,2,2][2,2,0,0,0,0][2,2,2,2,0,0]
560 [1,3,1,3,0,0][1,3,1,3,0,0][1,1,0,2,2,2][1,1,0,2,2,2][0,0,0,0,2,2][0,0,2,2,2,2]
561 [1,3,1,3,2,2][1,3,1,3,2,2][1,1,0,2,2,2][1,1,0,2,2,2][0,0,0,0,2,2][0,0,2,2,2,2]
562 [1,3,3,1,0,0][1,3,3,1,0,0][1,1,0,2,2,2][1,1,0,2,2,2][0,0,0,0,2,2][0,0,2,2,2,2]
563 [1,3,3,1,2,2][1,3,3,1,2,2][1,1,0,2,2,2][1,1,0,2,2,2][0,0,0,0,2,2][0,0,2,2,2,2]
589 [1,1,1,1,2,2][1,1,1,1,2,2][1,1,0,0,0,2][1,1,0,0,0,2][0,0,0,0,2,2][0,0,2,2,2,2]
590 [3,3,1,1,2,2][3,3,1,1,2,2][1,1,0,0,0,2][1,1,0,0,0,2][0,0,0,0,2,2][0,0,2,2,2,2]
591 [1,1,3,3,2,2][1,1,3,3,2,2][1,1,0,0,0,2][1,1,0,0,0,2][0,0,0,0,2,2][0,0,2,2,2,2]
592 [3,3,3,3,2,2][3,3,3,3,2,2][1,1,0,0,0,2][1,1,0,0,0,2][0,0,0,0,2,2][0,0,2,2,2,2]
600 [1,1,1,1,2,2][1,1,1,1,2,2][1,1,0,0,0,2][1,1,0,0,0,2][2,2,0,0,2,2][2,2,2,2,2,2]
601 [3,3,1,1,2,2][3,3,1,1,2,2][1,1,0,0,0,2][1,1,0,0,0,2][2,2,0,0,2,2][2,2,2,2,2,2]
602 [1,1,3,3,2,2][1,1,3,3,2,2][1,1,0,0,0,2][1,1,0,0,0,2][2,2,0,0,2,2][2,2,2,2,2,2]
604 [1,3,1,3,0,0][1,3,1,3,0,0][1,1,0,2,0,0][1,1,0,2,0,0][0,0,0,0,2,2][0,0,2,2,2,2]
605 [1,3,3,1,0,0][1,3,3,1,0,0][1,1,0,2,0,0][1,1,0,2,0,0][0,0,0,0,2,2][0,0,2,2,2,2]
607 [1,3,3,1,2,2][1,3,3,1,2,2][1,1,2,0,0,0][1,1,2,0,0,0][0,0,0,0,2,2][0,0,2,2,2,2]
608 [1,3,1,3,2,2][1,3,1,3,2,2][1,1,2,0,0,0][1,1,2,0,0,0][0,0,0,0,2,2][0,0,2,2,2,2]
611 [1,3,3,1,2,2][1,3,3,1,2,2][1,1,2,0,0,0][1,1,2,0,0,0][2,2,0,0,2,2][2,2,2,2,2,2]
612 [1,3,1,3,2,2][1,3,1,3,2,2][1,1,2,0,0,0][1,1,2,0,0,0][2,2,0,0,2,2][2,2,2,2,2,2]
655 [1,3,1,3,0,0][3,1,1,3,0,0][1,1,0,2,0,0][3,3,2,0,0,0][0,0,0,0,2,2][0,0,0,0,2,2]
660 [1,3,1,3,2,2][3,1,1,3,2,2][1,1,0,2,0,0][3,3,2,0,0,0][0,0,2,2,2,2][0,0,2,2,2,2]
661 [1,3,1,3,2,2][3,1,1,3,2,2][1,1,0,2,0,0][3,3,2,0,0,0][2,2,2,2,2,2][2,2,2,2,2,2]
668 [1,1,1,1,2,2][3,3,1,1,2,2][1,1,0,0,0,2][3,3,2,2,0,2][0,0,2,2,2,2][0,0,2,2,2,2]
669 [1,1,3,3,2,2][3,3,3,3,2,2][1,1,0,0,0,2][3,3,2,2,0,2][0,0,2,2,2,2][0,0,2,2,2,2]
670 [1,1,1,1,2,2][3,3,1,1,2,2][1,1,0,0,0,2][3,3,2,2,0,2][2,2,2,2,2,2][2,2,2,2,2,2]
671 [1,1,3,3,2,2][3,3,3,3,2,2][1,1,0,0,0,2][3,3,2,2,0,2][2,2,2,2,2,2][2,2,2,2,2,2]
679 [1,3,1,3,0,0][3,1,1,3,0,0][3,3,0,2,0,0][1,1,2,0,0,0][0,0,0,0,2,2][0,0,0,0,2,2]
680 [1,3,1,3,2,2][3,1,1,3,2,2][3,3,0,2,0,0][1,1,2,0,0,0][0,0,2,2,2,2][0,0,2,2,2,2]
681 [1,3,1,3,2,2][3,1,1,3,2,2][3,3,0,2,0,0][1,1,2,0,0,0][2,2,2,2,2,2][2,2,2,2,2,2]
693 [1,3,1,3,2,2][3,1,1,3,2,2][1,1,0,2,0,0][3,3,2,0,0,0][2,2,0,0,2,2][2,2,0,0,2,2]
694 [1,3,1,3,2,2][3,1,1,3,2,2][3,3,0,2,0,0][1,1,2,0,0,0][2,2,0,0,2,2][2,2,0,0,2,2]
705 [1,3,1,3,2,2][3,1,1,3,2,2][1,1,0,2,2,2][3,3,2,0,2,2][2,2,2,2,0,0][2,2,2,2,0,0]
706 [1,3,1,3,2,2][3,1,1,3,2,2][3,3,0,2,2,2][1,1,2,0,2,2][2,2,2,2,0,0][2,2,2,2,0,0]
721 [1,3,1,3,2,2][3,1,1,3,2,2][1,1,0,2,2,2][3,3,2,0,2,2][0,0,2,2,2,2][0,0,2,2,2,2]
722 [1,3,3,1,2,2][3,1,3,1,2,2][1,1,0,2,2,2][3,3,2,0,2,2][0,0,2,2,2,2][0,0,2,2,2,2]
765 [1,1,1,1,0,0][1,1,1,1,0,0][1,1,0,0,0,2][1,1,0,0,0,2][0,0,0,0,2,2][0,0,2,2,2,2]
766 [1,1,1,1,0,0][1,1,1,1,0,0][3,3,0,0,0,2][3,3,0,0,0,2][0,0,0,0,2,2][0,0,2,2,2,2]
767 [1,1,1,1,0,0][1,1,1,1,0,0][1,1,2,2,0,2][1,1,2,2,0,2][0,0,0,0,2,2][0,0,2,2,2,2]
768 [1,1,1,1,0,0][1,1,1,1,0,0][1,1,2,2,0,2][1,1,2,2,0,2][2,2,0,0,2,2][2,2,2,2,2,2]
769 [1,1,1,1,0,0][1,1,1,1,0,0][3,3,2,2,0,2][3,3,2,2,0,2][0,0,0,0,2,2][0,0,2,2,2,2]
770 [1,1,1,1,0,0][1,1,1,1,0,0][3,3,2,2,0,2][3,3,2,2,0,2][2,2,0,0,2,2][2,2,2,2,2,2]
835 [3,3,1,1,0,0][3,3,1,1,0,0][1,1,0,0,0,2][1,1,0,0,0,2][0,0,0,0,2,2][0,0,2,2,2,2]
836 [3,3,1,1,0,0][3,3,1,1,0,0][1,1,2,2,0,2][1,1,2,2,0,2][0,0,0,0,2,2][0,0,2,2,2,2]
837 [3,3,1,1,0,0][3,3,1,1,0,0][1,1,2,2,0,2][1,1,2,2,0,2][2,2,0,0,2,2][2,2,2,2,2,2]
838 [3,3,1,1,0,0][3,3,1,1,0,0][3,3,2,2,0,2][3,3,2,2,0,2][2,2,0,0,2,2][2,2,2,2,2,2]
873 [1,3,1,3,0,0][3,1,1,3,0,0][1,1,0,2,2,2][3,3,2,0,2,2][0,0,2,2,2,2][0,0,2,2,2,2]
874 [1,3,1,3,0,0][3,1,1,3,0,0][3,3,0,2,2,2][1,1,2,0,2,2][0,0,2,2,2,2][0,0,2,2,2,2]
896 [1,1,1,1,2,2][1,1,1,1,2,2][1,1,2,2,0,2][1,1,2,2,0,2][2,2,0,0,2,2][2,2,2,2,2,2]
897 [3,3,1,1,2,2][3,3,1,1,2,2][1,1,2,2,0,2][1,1,2,2,0,2][2,2,0,0,2,2][2,2,2,2,2,2]
898 [1,1,3,3,2,2][1,1,3,3,2,2][1,1,2,2,0,2][1,1,2,2,0,2][2,2,0,0,2,2][2,2,2,2,2,2]
902 [1,3,1,3,2,2][3,1,1,3,2,2][1,1,0,2,2,2][3,3,2,0,2,2][2,2,2,2,2,2][2,2,2,2,2,2]
906 [1,3,1,3,2,2][3,1,1,3,2,2][3,3,0,2,2,2][1,1,2,0,2,2][2,2,2,2,2,2][2,2,2,2,2,2]
