33 [0,0,0,0,0,0][0,0,0,0,0,0][0,0,0,1,2,2][0,0,1,0,3,3][0,0,2,3,2,3][0,0,2,3,3,2]
36 [0,0,0,0,0,0][0,0,0,0,0,0][0,0,0,1,2,2][0,0,1,0,3,3][1,1,2,3,2,3][1,1,2,3,3,2]
41 [0,0,0,0,0,0][0,0,0,0,0,0][0,0,0,1,2,2][0,1,1,1,3,3][1,2,2,1,2,2][1,2,2,1,3,3]
42 [0,0,0,0,0,0][0,0,0,0,0,0][0,0,0,1,2,2][0,1,1,1,3,3][1,3,3,1,2,2][1,3,3,1,3,3]
43 [0,0,0,0,0,0][0,0,0,0,0,0][0,0,0,1,3,3][0,0,1,0,2,2][0,0,2,3,2,3][0,0,2,3,3,2]
44 [0,0,0,0,0,0][0,0,0,0,0,0][0,0,0,1,3,3][0,0,1,0,2,2][1,1,2,3,2,3][1,1,2,3,3,2]
61 [0,0,0,0,0,0][0,0,0,0,0,0][0,0,2,2,2,2][0,0,2,2,3,3][0,1,0,0,2,2][0,1,1,1,3,3]
62 [0,0,0,0,0,0][0,0,0,0,0,0][0,0,2,2,2,2][0,0,2,2,3,3][0,1,0,0,3,3][0,1,1,1,2,2]
77 [0,0,0,0,0,0][0,0,0,0,0,0][0,0,2,2,3,3][0,0,2,3,2,3][1,1,0,2,2,1][1,1,1,3,3,0]
78 [0,0,0,0,0,0][0,0,0,0,0,0][0,0,2,2,3,3][0,0,2,3,2,3][1,1,0,3,3,1][1,1,1,2,2,0]
97 [0,0,0,0,0,0][0,0,0,0,0,0][0,1,1,1,2,2][1,0,1,1,3,3][2,3,1,1,2,3][2,3,1,1,3,2]
98 [0,0,0,0,0,0][0,0,0,0,0,0][0,1,1,1,3,3][1,0,1,1,2,2][2,3,1,1,2,3][2,3,1,1,3,2]
130 [0,0,0,0,0,0][0,0,0,0,1,1][0,0,2,2,2,2][0,0,2,2,2,2][0,1,2,2,0,0][0,1,2,2,0,0]
131 [0,0,0,0,0,0][0,0,0,0,1,1][0,0,2,2,2,2][0,0,2,2,2,2][0,1,2,2,1,1][0,1,2,2,1,1]
132 [0,0,0,0,0,0][0,0,0,0,1,1][0,0,2,2,2,2][0,0,2,2,2,2][0,1,3,3,0,0][0,1,3,3,0,0]
133 [0,0,0,0,0,0][0,0,0,0,1,1][0,0,2,2,2,2][0,0,2,2,2,2][0,1,3,3,1,1][0,1,3,3,1,1]
136 [0,0,0,0,0,0][0,0,0,0,1,1][0,0,2,2,3,3][0,0,2,2,3,3][0,1,3,3,0,0][0,1,3,3,0,0]
137 [0,0,0,0,0,0][0,0,0,0,1,1][0,0,2,2,3,3][0,0,2,2,3,3][0,1,3,3,1,1][0,1,3,3,1,1]
142 [0,0,0,0,0,0][0,0,0,0,1,1][0,0,2,3,2,3][0,0,2,3,2,3][1,1,2,2,0,1][1,1,2,2,0,1]
143 [0,0,0,0,0,0][0,0,0,0,1,1][0,0,2,3,2,3][0,0,2,3,2,3][1,1,2,2,1,0][1,1,2,2,1,0]
151 [0,0,0,0,0,0][0,0,0,0,1,1][0,1,2,2,1,1][0,1,2,2,1,1][1,1,2,2,2,2][1,1,2,2,2,2]
152 [0,0,0,0,0,0][0,0,0,0,1,1][0,1,2,2,1,1][0,1,2,2,1,1][1,1,2,2,3,3][1,1,2,2,3,3]
153 [0,0,0,0,0,0][0,0,0,0,1,1][0,1,2,2,1,1][0,1,2,2,1,1][1,1,3,3,2,2][1,1,3,3,2,2]
154 [0,0,0,0,0,0][0,0,0,0,1,1][0,1,2,2,1,1][0,1,2,2,1,1][1,1,3,3,3,3][1,1,3,3,3,3]
155 [0,0,0,0,0,0][0,0,0,1,2,2][0,0,0,1,2,2][0,0,1,1,0,0][1,1,2,3,2,3][1,1,2,3,2,3]
156 [0,0,0,0,0,0][0,0,0,1,2,2][0,0,0,1,2,2][0,0,1,1,0,0][1,1,3,2,2,3][1,1,3,2,2,3]
159 [0,0,0,0,0,0][0,0,0,1,2,2][0,0,0,1,2,2][0,1,1,0,0,0][1,2,2,1,2,2][1,2,2,1,2,2]
160 [0,0,0,0,0,0][0,0,0,1,2,2][0,0,0,1,2,2][0,1,1,0,0,0][1,2,2,1,3,3][1,2,2,1,3,3]
161 [0,0,0,0,0,0][0,0,0,1,2,2][0,0,0,1,2,2][0,1,1,0,0,0][1,3,3,1,2,2][1,3,3,1,2,2]
162 [0,0,0,0,0,0][0,0,0,1,2,2][0,0,0,1,2,2][0,1,1,0,0,0][1,3,3,1,3,3][1,3,3,1,3,3]
217 [0,0,0,0,0,0][0,1,1,1,2,2][0,1,1,1,2,2][1,0,0,1,0,0][2,1,1,3,2,3][2,1,1,3,2,3]
218 [0,0,0,0,0,0][0,1,1,1,2,2][0,1,1,1,2,2][1,0,0,1,0,0][3,1,1,2,2,3][3,1,1,2,2,3]
236 [0,0,0,0,1,1][0,0,0,0,1,1][0,0,0,1,2,2][0,0,1,0,3,3][1,1,2,3,2,3][1,1,2,3,3,2]
241 [0,0,0,0,1,1][0,0,0,0,1,1][0,0,0,1,2,2][0,1,1,1,3,3][1,2,2,1,2,2][1,2,2,1,3,3]
242 [0,0,0,0,1,1][0,0,0,0,1,1][0,0,0,1,2,2][0,1,1,1,3,3][1,3,3,1,2,2][1,3,3,1,3,3]
243 [0,0,0,0,1,1][0,0,0,0,1,1][0,0,0,1,3,3][0,0,1,0,2,2][1,1,2,3,2,3][1,1,2,3,3,2]
267 [0,0,0,0,1,1][0,0,0,0,1,1][0,0,2,2,0,1][0,0,3,3,1,0][1,1,2,3,2,3][1,1,3,2,2,3]
268 [0,0,0,0,1,1][0,0,0,0,1,1][0,0,2,2,0,1][0,0,3,3,1,0][1,1,2,3,3,2][1,1,3,2,3,2]
270 [0,0,0,0,1,1][0,0,0,0,1,1][0,0,2,2,0,1][1,1,3,3,0,1][2,2,2,2,1,1][2,2,3,3,1,1]
271 [0,0,0,0,1,1][0,0,0,0,1,1][0,0,2,2,0,1][1,1,3,3,0,1][3,3,2,2,1,1][3,3,3,3,1,1]
291 [0,0,0,0,1,1][0,0,0,0,1,1][0,0,2,3,2,3][0,0,3,2,2,3][1,1,2,2,0,1][1,1,3,3,1,0]
292 [0,0,0,0,1,1][0,0,0,0,1,1][0,0,2,3,2,3][0,0,3,2,2,3][1,1,2,2,1,0][1,1,3,3,0,1]
312 [0,0,0,0,1,1][0,0,0,0,1,1][0,1,1,1,2,2][1,0,1,1,3,3][2,3,1,1,2,3][2,3,1,1,3,2]
313 [0,0,0,0,1,1][0,0,0,0,1,1][0,1,1,1,3,3][1,0,1,1,2,2][2,3,1,1,2,3][2,3,1,1,3,2]
324 [0,0,0,0,1,1][0,0,0,0,1,1][0,1,2,2,0,0][0,1,3,3,1,1][1,1,2,2,2,2][1,1,3,3,2,2]
325 [0,0,0,0,1,1][0,0,0,0,1,1][0,1,2,2,0,0][0,1,3,3,1,1][1,1,2,2,3,3][1,1,3,3,3,3]
327 [0,0,0,0,1,1][0,0,0,0,1,1][0,1,2,2,0,0][1,0,3,3,0,0][2,3,2,3,1,1][2,3,3,2,1,1]
337 [0,0,0,0,1,1][0,0,0,0,1,1][0,1,2,2,1,1][1,0,3,3,1,1][2,3,2,3,0,0][2,3,3,2,0,0]
338 [0,0,0,0,1,1][0,0,0,0,1,1][0,1,2,2,1,1][1,0,3,3,1,1][2,3,2,3,1,1][2,3,3,2,1,1]
339 [0,0,0,0,1,1][0,0,0,0,1,1][0,1,3,3,0,0][1,0,2,2,0,0][2,3,2,3,1,1][2,3,3,2,1,1]
341 [0,0,0,0,1,1][0,0,0,0,1,1][0,1,3,3,1,1][1,0,2,2,1,1][2,3,2,3,0,0][2,3,3,2,0,0]
342 [0,0,0,0,1,1][0,0,0,0,1,1][0,1,3,3,1,1][1,0,2,2,1,1][2,3,2,3,1,1][2,3,3,2,1,1]
347 [0,0,0,0,1,1][0,0,0,0,1,1][1,1,2,2,0,1][1,1,2,3,2,3][1,1,3,2,2,3][1,1,3,3,1,0]
348 [0,0,0,0,1,1][0,0,0,0,1,1][1,1,2,2,0,1][1,1,2,3,3,2][1,1,3,2,3,2][1,1,3,3,1,0]
376 [0,0,0,0,1,1][0,0,0,1,2,2][0,0,0,1,2,2][0,1,1,0,1,1][1,2,2,1,2,2][1,2,2,1,2,2]
377 [0,0,0,0,1,1][0,0,0,1,2,2][0,0,0,1,2,2][0,1,1,0,1,1][1,2,2,1,3,3][1,2,2,1,3,3]
378 [0,0,0,0,1,1][0,0,0,1,2,2][0,0,0,1,2,2][0,1,1,0,1,1][1,3,3,1,2,2][1,3,3,1,2,2]
417 [0,0,0,0,1,1][0,0,1,1,1,1][0,1,1,1,2,2][0,1,1,1,2,2][1,1,2,2,2,2][1,1,2,2,2,2]
418 [0,0,0,0,1,1][0,0,1,1,1,1][0,1,1,1,2,2][0,1,1,1,2,2][1,1,2,2,3,3][1,1,2,2,3,3]
419 [0,0,0,0,1,1][0,0,1,1,1,1][0,1,1,1,2,2][0,1,1,1,2,2][1,1,3,3,2,2][1,1,3,3,2,2]
466 [0,0,0,0,1,1][0,1,1,1,2,2][0,1,1,1,2,2][1,0,0,1,1,1][2,1,1,3,2,3][2,1,1,3,2,3]
467 [0,0,0,0,1,1][0,1,1,1,2,2][0,1,1,1,2,2][1,0,0,1,1,1][3,1,1,2,2,3][3,1,1,2,2,3]
469 [0,0,0,0,1,1][0,1,2,2,1,1][0,1,2,2,1,1][1,1,0,0,1,1][2,3,2,3,0,0][2,3,2,3,0,0]
470 [0,0,0,0,1,1][0,1,2,2,1,1][0,1,2,2,1,1][1,1,0,0,1,1][2,3,2,3,1,1][2,3,2,3,1,1]
471 [0,0,0,0,1,1][0,1,2,2,1,1][0,1,2,2,1,1][1,1,0,0,1,1][3,2,2,3,0,0][3,2,2,3,0,0]
472 [0,0,0,0,1,1][0,1,2,2,1,1][0,1,2,2,1,1][1,1,0,0,1,1][3,2,2,3,1,1][3,2,2,3,1,1]
489 [0,0,0,1,2,2][0,0,0,1,2,2][0,0,1,1,0,0][1,1,1,1,0,0][2,2,1,1,2,2][2,2,1,1,2,2]
490 [0,0,0,1,2,2][0,0,0,1,2,2][0,0,1,1,0,0][1,1,1,1,0,0][2,2,1,1,3,3][2,2,1,1,3,3]
491 [0,0,0,1,2,2][0,0,0,1,2,2][0,0,1,1,0,0][1,1,1,1,0,0][3,3,1,1,2,2][3,3,1,1,2,2]
492 [0,0,0,1,2,2][0,0,0,1,2,2][0,0,1,1,0,0][1,1,1,1,0,0][3,3,1,1,3,3][3,3,1,1,3,3]
499 [0,0,0,1,2,2][0,0,0,1,2,2][0,0,1,1,1,1][1,1,1,1,1,1][2,2,1,1,2,2][2,2,1,1,2,2]
500 [0,0,0,1,2,2][0,0,0,1,2,2][0,0,1,1,1,1][1,1,1,1,1,1][2,2,1,1,3,3][2,2,1,1,3,3]
501 [0,0,0,1,2,2][0,0,0,1,2,2][0,0,1,1,1,1][1,1,1,1,1,1][3,3,1,1,2,2][3,3,1,1,2,2]
503 [0,0,0,1,2,2][0,0,0,1,2,2][0,0,2,3,2,3][0,0,2,3,2,3][1,1,0,0,0,0][1,1,1,1,0,0]
504 [0,0,0,1,2,2][0,0,0,1,2,2][0,0,3,2,2,3][0,0,3,2,2,3][1,1,0,0,0,0][1,1,1,1,0,0]
505 [0,0,0,1,2,2][0,0,0,1,2,2][0,1,1,0,0,0][1,1,1,1,0,0][2,1,1,3,2,3][2,1,1,3,2,3]
506 [0,0,0,1,2,2][0,0,0,1,2,2][0,1,1,0,0,0][1,1,1,1,0,0][3,1,1,2,2,3][3,1,1,2,2,3]
509 [0,0,0,1,2,2][0,0,0,1,2,2][0,1,1,0,1,1][1,1,1,1,1,1][2,1,1,3,2,3][2,1,1,3,2,3]
510 [0,0,0,1,2,2][0,0,0,1,2,2][0,1,1,0,1,1][1,1,1,1,1,1][3,1,1,2,2,3][3,1,1,2,2,3]
549 [0,0,0,1,2,2][0,0,1,0,3,3][0,0,2,3,2,3][0,0,2,3,3,2][1,1,0,0,0,0][1,1,0,0,0,0]
550 [0,0,0,1,2,2][0,0,1,0,3,3][1,1,1,1,0,0][1,1,1,1,0,0][1,1,2,3,2,3][1,1,2,3,3,2]
551 [0,0,0,1,2,2][0,0,1,0,3,3][1,1,1,1,1,1][1,1,1,1,1,1][1,1,2,3,2,3][1,1,2,3,3,2]
558 [0,0,0,1,2,2][0,1,1,1,3,3][1,1,1,1,0,0][1,1,1,1,0,0][1,2,2,1,2,2][1,2,2,1,3,3]
559 [0,0,0,1,2,2][0,1,1,1,3,3][1,1,1,1,0,0][1,1,1,1,0,0][1,3,3,1,2,2][1,3,3,1,3,3]
560 [0,0,0,1,2,2][0,1,1,1,3,3][1,1,1,1,1,1][1,1,1,1,1,1][1,2,2,1,2,2][1,2,2,1,3,3]
561 [0,0,0,1,2,2][0,1,1,1,3,3][1,1,1,1,1,1][1,1,1,1,1,1][1,3,3,1,2,2][1,3,3,1,3,3]
569 [0,0,0,1,3,3][0,0,1,0,2,2][0,0,2,3,2,3][0,0,2,3,3,2][1,1,0,0,0,0][1,1,0,0,0,0]
570 [0,0,0,1,3,3][0,0,1,0,2,2][1,1,1,1,0,0][1,1,1,1,0,0][1,1,2,3,2,3][1,1,2,3,3,2]
571 [0,0,0,1,3,3][0,0,1,0,2,2][1,1,1,1,1,1][1,1,1,1,1,1][1,1,2,3,2,3][1,1,2,3,3,2]
582 [0,0,1,1,1,1][0,0,1,1,1,1][0,1,0,0,2,2][1,0,0,0,3,3][2,3,1,1,2,3][2,3,1,1,3,2]
583 [0,0,1,1,1,1][0,0,1,1,1,1][0,1,0,0,3,3][1,0,0,0,2,2][2,3,1,1,2,3][2,3,1,1,3,2]
592 [0,0,1,1,1,1][0,0,1,1,1,1][1,1,0,1,2,2][1,1,1,0,3,3][1,1,2,3,2,3][1,1,2,3,3,2]
593 [0,0,1,1,1,1][0,0,1,1,1,1][1,1,0,1,3,3][1,1,1,0,2,2][1,1,2,3,2,3][1,1,2,3,3,2]
608 [0,0,1,1,1,1][0,0,1,1,1,1][2,2,0,1,1,1][2,3,2,1,1,3][3,2,2,1,1,3][3,3,1,1,1,0]
609 [0,0,1,1,1,1][0,0,1,1,1,1][2,2,0,1,1,1][2,3,3,1,1,2][3,2,3,1,1,2][3,3,1,1,1,0]
649 [0,0,2,2,2,2][0,0,2,2,2,2][0,1,1,1,2,2][0,1,1,1,2,2][1,1,0,0,0,0][1,1,1,1,0,0]
650 [0,0,2,2,2,2][0,0,2,2,2,2][0,1,1,1,2,2][0,1,1,1,2,2][1,1,0,0,1,1][1,1,1,1,1,1]
651 [0,0,2,2,2,2][0,0,2,2,2,2][0,1,1,1,3,3][0,1,1,1,3,3][1,1,0,0,0,0][1,1,1,1,0,0]
652 [0,0,2,2,2,2][0,0,2,2,2,2][0,1,1,1,3,3][0,1,1,1,3,3][1,1,0,0,1,1][1,1,1,1,1,1]
703 [0,0,2,2,3,3][0,0,2,2,3,3][0,1,1,1,2,2][0,1,1,1,2,2][1,1,0,0,0,0][1,1,1,1,0,0]
704 [0,0,2,2,3,3][0,0,2,2,3,3][0,1,1,1,2,2][0,1,1,1,2,2][1,1,0,0,1,1][1,1,1,1,1,1]
705 [0,0,2,2,3,3][0,0,2,2,3,3][0,1,1,1,3,3][0,1,1,1,3,3][1,1,0,0,1,1][1,1,1,1,1,1]
735 [0,0,2,2,3,3][0,0,2,3,2,3][1,1,0,2,2,1][1,1,1,0,0,1][1,1,1,0,0,1][1,1,1,3,3,0]
736 [0,0,2,2,3,3][0,0,2,3,2,3][1,1,0,3,3,1][1,1,1,0,0,1][1,1,1,0,0,1][1,1,1,2,2,0]
754 [0,1,1,1,2,2][0,1,1,1,2,2][1,0,0,1,1,1][1,1,1,1,1,1][1,2,2,1,2,2][1,2,2,1,2,2]
755 [0,1,1,1,2,2][0,1,1,1,2,2][1,0,0,1,1,1][1,1,1,1,1,1][1,2,2,1,3,3][1,2,2,1,3,3]
756 [0,1,1,1,2,2][0,1,1,1,2,2][1,0,0,1,1,1][1,1,1,1,1,1][1,3,3,1,2,2][1,3,3,1,2,2]
759 [0,1,1,1,2,2][1,0,1,1,3,3][1,1,1,1,1,1][1,1,1,1,1,1][2,3,1,1,2,3][2,3,1,1,3,2]
763 [0,1,1,1,3,3][1,0,1,1,2,2][1,1,1,1,1,1][1,1,1,1,1,1][2,3,1,1,2,3][2,3,1,1,3,2]
