Pattern 738:[0,0,2,2,3,3][0,0,3,3,2,2][2,3,0,2,0,3][2,3,2,0,3,0][3,2,0,3,0,2][3,2,3,0,2,0]
Rearranged pattern to match case 8 layout: 
[3 , 2 , 3 , 2 , 0 , 0 ]
[2 , 3 , 2 , 3 , 0 , 0 ]
[2 , 3 , 0 , 0 , 2 , 3 ]
[3 , 2 , 0 , 0 , 3 , 2 ]
[0 , 0 , 3 , 2 , 3 , 2 ]
[0 , 0 , 2 , 3 , 2 , 3 ]
Pattern 739:[0,0,2,2,3,3][0,0,3,3,2,2][2,3,0,2,0,3][2,3,2,1,3,1][3,2,0,3,0,2][3,2,3,1,2,1]
Rearranged pattern to match case 8 layout: 
[3 , 2 , 3 , 2 , 1 , 1 ]
[2 , 3 , 2 , 3 , 1 , 1 ]
[2 , 3 , 0 , 0 , 2 , 3 ]
[3 , 2 , 0 , 0 , 3 , 2 ]
[0 , 0 , 3 , 2 , 3 , 2 ]
[0 , 0 , 2 , 3 , 2 , 3 ]
Pattern 740:[0,0,2,2,3,3][0,0,3,3,2,2][2,3,0,3,0,2][2,3,2,0,3,0][3,2,0,2,0,3][3,2,3,0,2,0]
Rearranged pattern to match case 8 layout: 
[3 , 2 , 3 , 2 , 0 , 0 ]
[2 , 3 , 2 , 3 , 0 , 0 ]
[2 , 3 , 0 , 0 , 3 , 2 ]
[3 , 2 , 0 , 0 , 2 , 3 ]
[0 , 0 , 3 , 2 , 3 , 2 ]
[0 , 0 , 2 , 3 , 2 , 3 ]
Pattern 741:[0,0,2,2,3,3][0,0,3,3,2,2][2,3,0,3,0,2][2,3,2,1,3,1][3,2,0,2,0,3][3,2,3,1,2,1]
Rearranged pattern to match case 8 layout: 
[3 , 2 , 3 , 2 , 1 , 1 ]
[2 , 3 , 2 , 3 , 1 , 1 ]
[2 , 3 , 0 , 0 , 3 , 2 ]
[3 , 2 , 0 , 0 , 2 , 3 ]
[0 , 0 , 3 , 2 , 3 , 2 ]
[0 , 0 , 2 , 3 , 2 , 3 ]
Pattern 742:[0,0,2,2,3,3][0,0,3,3,2,2][2,3,1,2,1,3][2,3,2,1,3,1][3,2,1,3,1,2][3,2,3,1,2,1]
Rearranged pattern to match case 8 layout: 
[3 , 2 , 3 , 2 , 1 , 1 ]
[2 , 3 , 2 , 3 , 1 , 1 ]
[2 , 3 , 1 , 1 , 2 , 3 ]
[3 , 2 , 1 , 1 , 3 , 2 ]
[0 , 0 , 3 , 2 , 3 , 2 ]
[0 , 0 , 2 , 3 , 2 , 3 ]
Pattern 743:[0,0,2,2,3,3][0,0,3,3,2,2][2,3,1,3,1,2][2,3,2,1,3,1][3,2,1,2,1,3][3,2,3,1,2,1]
Rearranged pattern to match case 8 layout: 
[3 , 2 , 3 , 2 , 1 , 1 ]
[2 , 3 , 2 , 3 , 1 , 1 ]
[2 , 3 , 1 , 1 , 3 , 2 ]
[3 , 2 , 1 , 1 , 2 , 3 ]
[0 , 0 , 3 , 2 , 3 , 2 ]
[0 , 0 , 2 , 3 , 2 , 3 ]
Pattern 783:[1,1,2,2,3,3][1,1,3,3,2,2][2,3,1,2,1,3][2,3,2,1,3,1][3,2,1,3,1,2][3,2,3,1,2,1]
Rearranged pattern to match case 8 layout: 
[3 , 2 , 3 , 2 , 1 , 1 ]
[2 , 3 , 2 , 3 , 1 , 1 ]
[2 , 3 , 1 , 1 , 2 , 3 ]
[3 , 2 , 1 , 1 , 3 , 2 ]
[1 , 1 , 3 , 2 , 3 , 2 ]
[1 , 1 , 2 , 3 , 2 , 3 ]
Pattern 784:[1,1,2,2,3,3][1,1,3,3,2,2][2,3,1,3,1,2][2,3,2,1,3,1][3,2,1,2,1,3][3,2,3,1,2,1]
Rearranged pattern to match case 8 layout: 
[3 , 2 , 3 , 2 , 1 , 1 ]
[2 , 3 , 2 , 3 , 1 , 1 ]
[2 , 3 , 1 , 1 , 3 , 2 ]
[3 , 2 , 1 , 1 , 2 , 3 ]
[1 , 1 , 3 , 2 , 3 , 2 ]
[1 , 1 , 2 , 3 , 2 , 3 ]
