# Using the new encoding: 2y + x
1797
[1,3,3,1,0,0]
[3,1,1,3,0,0]
[3,1,1,3,0,0]
[1,3,3,1,0,0]
[0,0,0,0,2,2]
[0,0,0,0,2,2]

1805
[1,3,3,1,0,0]
[3,1,1,3,0,0]
[3,1,1,3,0,0]
[1,3,3,1,0,0]
[0,0,2,2,2,2]
[0,0,2,2,2,2]

1813
[1,3,3,1,0,0]
[3,1,1,3,0,0]
[3,1,1,3,0,0]
[1,3,3,1,0,0]
[0,2,0,2,2,2]
[0,2,0,2,2,2]

1821
[1,3,3,1,0,0]
[3,1,1,3,0,0]
[3,1,1,3,0,0]
[1,3,3,1,0,0]
[0,2,2,0,2,2]
[0,2,2,0,2,2]

1829
[1,3,3,1,0,0]
[3,1,1,3,0,0]
[3,1,1,3,0,0]
[1,3,3,1,0,0]
[2,0,0,2,2,2]
[2,0,0,2,2,2]

1837
[1,3,3,1,0,0]
[3,1,1,3,0,0]
[3,1,1,3,0,0]
[1,3,3,1,0,0]
[2,0,2,0,2,2]
[2,0,2,0,2,2]

1845
[1,3,3,1,0,0]
[3,1,1,3,0,0]
[3,1,1,3,0,0]
[1,3,3,1,0,0]
[2,2,0,0,2,2]
[2,2,0,0,2,2]

1853
[1,3,3,1,0,0]
[3,1,1,3,0,0]
[3,1,1,3,0,0]
[1,3,3,1,0,0]
[2,2,2,2,2,2]
[2,2,2,2,2,2]

2244
[3,1,1,3,0,0]
[1,3,3,1,0,0]
[1,3,3,1,0,0]
[3,1,1,3,0,0]
[0,0,0,0,2,2]
[0,0,0,0,2,2]

2252
[3,1,1,3,0,0]
[1,3,3,1,0,0]
[1,3,3,1,0,0]
[3,1,1,3,0,0]
[0,0,2,2,2,2]
[0,0,2,2,2,2]

2260
[3,1,1,3,0,0]
[1,3,3,1,0,0]
[1,3,3,1,0,0]
[3,1,1,3,0,0]
[0,2,0,2,2,2]
[0,2,0,2,2,2]

2268
[3,1,1,3,0,0]
[1,3,3,1,0,0]
[1,3,3,1,0,0]
[3,1,1,3,0,0]
[0,2,2,0,2,2]
[0,2,2,0,2,2]

2276
[3,1,1,3,0,0]
[1,3,3,1,0,0]
[1,3,3,1,0,0]
[3,1,1,3,0,0]
[2,0,0,2,2,2]
[2,0,0,2,2,2]

2284
[3,1,1,3,0,0]
[1,3,3,1,0,0]
[1,3,3,1,0,0]
[3,1,1,3,0,0]
[2,0,2,0,2,2]
[2,0,2,0,2,2]

2292
[3,1,1,3,0,0]
[1,3,3,1,0,0]
[1,3,3,1,0,0]
[3,1,1,3,0,0]
[2,2,0,0,2,2]
[2,2,0,0,2,2]

2300
[3,1,1,3,0,0]
[1,3,3,1,0,0]
[1,3,3,1,0,0]
[3,1,1,3,0,0]
[2,2,2,2,2,2]
[2,2,2,2,2,2]

