# Using the new encoding: 2y + x
91 [1,1,1,1,0,0][1,1,3,3,0,0][0,2,2,0,2,2][0,2,2,0,2,2][1,3,1,3,0,0][1,3,3,1,0,0]
92 [1,1,1,1,0,0][1,1,3,3,0,0][0,2,2,0,2,2][0,2,2,0,2,2][1,3,3,1,0,0][1,3,1,3,0,0]
93 [1,1,1,1,0,0][1,1,3,3,0,0][0,2,2,0,2,2][0,2,2,0,2,2][3,1,1,3,0,0][3,1,3,1,0,0]
94 [1,1,1,1,0,0][1,1,3,3,0,0][0,2,2,0,2,2][0,2,2,0,2,2][3,1,3,1,0,0][3,1,1,3,0,0]
99 [1,1,1,1,0,0][1,1,3,3,0,0][2,0,0,2,2,2][2,0,0,2,2,2][1,3,1,3,0,0][1,3,3,1,0,0]
100 [1,1,1,1,0,0][1,1,3,3,0,0][2,0,0,2,2,2][2,0,0,2,2,2][1,3,3,1,0,0][1,3,1,3,0,0]
101 [1,1,1,1,0,0][1,1,3,3,0,0][2,0,0,2,2,2][2,0,0,2,2,2][3,1,1,3,0,0][3,1,3,1,0,0]
102 [1,1,1,1,0,0][1,1,3,3,0,0][2,0,0,2,2,2][2,0,0,2,2,2][3,1,3,1,0,0][3,1,1,3,0,0]
154 [1,1,1,1,0,0][1,3,1,3,0,0][0,2,2,0,2,2][0,2,2,0,2,2][1,1,3,3,0,0][1,3,3,1,0,0]
156 [1,1,1,1,0,0][1,3,1,3,0,0][0,2,2,0,2,2][0,2,2,0,2,2][1,3,3,1,0,0][1,1,3,3,0,0]
157 [1,1,1,1,0,0][1,3,1,3,0,0][0,2,2,0,2,2][0,2,2,0,2,2][3,1,1,3,0,0][3,3,1,1,0,0]
159 [1,1,1,1,0,0][1,3,1,3,0,0][0,2,2,0,2,2][0,2,2,0,2,2][3,3,1,1,0,0][3,1,1,3,0,0]
162 [1,1,1,1,0,0][1,3,1,3,0,0][2,0,0,2,2,2][2,0,0,2,2,2][1,1,3,3,0,0][1,3,3,1,0,0]
164 [1,1,1,1,0,0][1,3,1,3,0,0][2,0,0,2,2,2][2,0,0,2,2,2][1,3,3,1,0,0][1,1,3,3,0,0]
165 [1,1,1,1,0,0][1,3,1,3,0,0][2,0,0,2,2,2][2,0,0,2,2,2][3,1,1,3,0,0][3,3,1,1,0,0]
167 [1,1,1,1,0,0][1,3,1,3,0,0][2,0,0,2,2,2][2,0,0,2,2,2][3,3,1,1,0,0][3,1,1,3,0,0]
217 [1,1,1,1,0,0][1,3,3,1,0,0][0,2,2,0,2,2][0,2,2,0,2,2][1,1,1,1,0,0][1,3,3,1,0,0]
218 [1,1,1,1,0,0][1,3,3,1,0,0][0,2,2,0,2,2][0,2,2,0,2,2][1,1,3,3,0,0][1,3,1,3,0,0]
219 [1,1,1,1,0,0][1,3,3,1,0,0][0,2,2,0,2,2][0,2,2,0,2,2][1,3,1,3,0,0][1,1,3,3,0,0]
220 [1,1,1,1,0,0][1,3,3,1,0,0][0,2,2,0,2,2][0,2,2,0,2,2][1,3,3,1,0,0][1,1,1,1,0,0]
221 [1,1,1,1,0,0][1,3,3,1,0,0][0,2,2,0,2,2][0,2,2,0,2,2][3,1,1,3,0,0][3,3,3,3,0,0]
222 [1,1,1,1,0,0][1,3,3,1,0,0][0,2,2,0,2,2][0,2,2,0,2,2][3,1,3,1,0,0][3,3,1,1,0,0]
223 [1,1,1,1,0,0][1,3,3,1,0,0][0,2,2,0,2,2][0,2,2,0,2,2][3,3,1,1,0,0][3,1,3,1,0,0]
224 [1,1,1,1,0,0][1,3,3,1,0,0][0,2,2,0,2,2][0,2,2,0,2,2][3,3,3,3,0,0][3,1,1,3,0,0]
225 [1,1,1,1,0,0][1,3,3,1,0,0][2,0,0,2,2,2][2,0,0,2,2,2][1,1,1,1,0,0][1,3,3,1,0,0]
226 [1,1,1,1,0,0][1,3,3,1,0,0][2,0,0,2,2,2][2,0,0,2,2,2][1,1,3,3,0,0][1,3,1,3,0,0]
227 [1,1,1,1,0,0][1,3,3,1,0,0][2,0,0,2,2,2][2,0,0,2,2,2][1,3,1,3,0,0][1,1,3,3,0,0]
228 [1,1,1,1,0,0][1,3,3,1,0,0][2,0,0,2,2,2][2,0,0,2,2,2][1,3,3,1,0,0][1,1,1,1,0,0]
229 [1,1,1,1,0,0][1,3,3,1,0,0][2,0,0,2,2,2][2,0,0,2,2,2][3,1,1,3,0,0][3,3,3,3,0,0]
230 [1,1,1,1,0,0][1,3,3,1,0,0][2,0,0,2,2,2][2,0,0,2,2,2][3,1,3,1,0,0][3,3,1,1,0,0]
231 [1,1,1,1,0,0][1,3,3,1,0,0][2,0,0,2,2,2][2,0,0,2,2,2][3,3,1,1,0,0][3,1,3,1,0,0]
232 [1,1,1,1,0,0][1,3,3,1,0,0][2,0,0,2,2,2][2,0,0,2,2,2][3,3,3,3,0,0][3,1,1,3,0,0]
281 [1,1,1,1,0,0][3,1,1,3,0,0][0,2,2,0,2,2][0,2,2,0,2,2][1,1,1,1,0,0][3,1,1,3,0,0]
282 [1,1,1,1,0,0][3,1,1,3,0,0][0,2,2,0,2,2][0,2,2,0,2,2][1,1,3,3,0,0][3,1,3,1,0,0]
283 [1,1,1,1,0,0][3,1,1,3,0,0][0,2,2,0,2,2][0,2,2,0,2,2][1,3,1,3,0,0][3,3,1,1,0,0]
284 [1,1,1,1,0,0][3,1,1,3,0,0][0,2,2,0,2,2][0,2,2,0,2,2][1,3,3,1,0,0][3,3,3,3,0,0]
285 [1,1,1,1,0,0][3,1,1,3,0,0][0,2,2,0,2,2][0,2,2,0,2,2][3,1,1,3,0,0][1,1,1,1,0,0]
286 [1,1,1,1,0,0][3,1,1,3,0,0][0,2,2,0,2,2][0,2,2,0,2,2][3,1,3,1,0,0][1,1,3,3,0,0]
287 [1,1,1,1,0,0][3,1,1,3,0,0][0,2,2,0,2,2][0,2,2,0,2,2][3,3,1,1,0,0][1,3,1,3,0,0]
288 [1,1,1,1,0,0][3,1,1,3,0,0][0,2,2,0,2,2][0,2,2,0,2,2][3,3,3,3,0,0][1,3,3,1,0,0]
289 [1,1,1,1,0,0][3,1,1,3,0,0][2,0,0,2,2,2][2,0,0,2,2,2][1,1,1,1,0,0][3,1,1,3,0,0]
290 [1,1,1,1,0,0][3,1,1,3,0,0][2,0,0,2,2,2][2,0,0,2,2,2][1,1,3,3,0,0][3,1,3,1,0,0]
291 [1,1,1,1,0,0][3,1,1,3,0,0][2,0,0,2,2,2][2,0,0,2,2,2][1,3,1,3,0,0][3,3,1,1,0,0]
292 [1,1,1,1,0,0][3,1,1,3,0,0][2,0,0,2,2,2][2,0,0,2,2,2][1,3,3,1,0,0][3,3,3,3,0,0]
293 [1,1,1,1,0,0][3,1,1,3,0,0][2,0,0,2,2,2][2,0,0,2,2,2][3,1,1,3,0,0][1,1,1,1,0,0]
294 [1,1,1,1,0,0][3,1,1,3,0,0][2,0,0,2,2,2][2,0,0,2,2,2][3,1,3,1,0,0][1,1,3,3,0,0]
295 [1,1,1,1,0,0][3,1,1,3,0,0][2,0,0,2,2,2][2,0,0,2,2,2][3,3,1,1,0,0][1,3,1,3,0,0]
296 [1,1,1,1,0,0][3,1,1,3,0,0][2,0,0,2,2,2][2,0,0,2,2,2][3,3,3,3,0,0][1,3,3,1,0,0]
346 [1,1,1,1,0,0][3,1,3,1,0,0][0,2,2,0,2,2][0,2,2,0,2,2][1,1,3,3,0,0][3,1,1,3,0,0]
348 [1,1,1,1,0,0][3,1,3,1,0,0][0,2,2,0,2,2][0,2,2,0,2,2][1,3,3,1,0,0][3,3,1,1,0,0]
349 [1,1,1,1,0,0][3,1,3,1,0,0][0,2,2,0,2,2][0,2,2,0,2,2][3,1,1,3,0,0][1,1,3,3,0,0]
351 [1,1,1,1,0,0][3,1,3,1,0,0][0,2,2,0,2,2][0,2,2,0,2,2][3,3,1,1,0,0][1,3,3,1,0,0]
354 [1,1,1,1,0,0][3,1,3,1,0,0][2,0,0,2,2,2][2,0,0,2,2,2][1,1,3,3,0,0][3,1,1,3,0,0]
356 [1,1,1,1,0,0][3,1,3,1,0,0][2,0,0,2,2,2][2,0,0,2,2,2][1,3,3,1,0,0][3,3,1,1,0,0]
357 [1,1,1,1,0,0][3,1,3,1,0,0][2,0,0,2,2,2][2,0,0,2,2,2][3,1,1,3,0,0][1,1,3,3,0,0]
359 [1,1,1,1,0,0][3,1,3,1,0,0][2,0,0,2,2,2][2,0,0,2,2,2][3,3,1,1,0,0][1,3,3,1,0,0]
411 [1,1,1,1,0,0][3,3,1,1,0,0][0,2,2,0,2,2][0,2,2,0,2,2][1,3,1,3,0,0][3,1,1,3,0,0]
412 [1,1,1,1,0,0][3,3,1,1,0,0][0,2,2,0,2,2][0,2,2,0,2,2][1,3,3,1,0,0][3,1,3,1,0,0]
413 [1,1,1,1,0,0][3,3,1,1,0,0][0,2,2,0,2,2][0,2,2,0,2,2][3,1,1,3,0,0][1,3,1,3,0,0]
414 [1,1,1,1,0,0][3,3,1,1,0,0][0,2,2,0,2,2][0,2,2,0,2,2][3,1,3,1,0,0][1,3,3,1,0,0]
419 [1,1,1,1,0,0][3,3,1,1,0,0][2,0,0,2,2,2][2,0,0,2,2,2][1,3,1,3,0,0][3,1,1,3,0,0]
420 [1,1,1,1,0,0][3,3,1,1,0,0][2,0,0,2,2,2][2,0,0,2,2,2][1,3,3,1,0,0][3,1,3,1,0,0]
421 [1,1,1,1,0,0][3,3,1,1,0,0][2,0,0,2,2,2][2,0,0,2,2,2][3,1,1,3,0,0][1,3,1,3,0,0]
422 [1,1,1,1,0,0][3,3,1,1,0,0][2,0,0,2,2,2][2,0,0,2,2,2][3,1,3,1,0,0][1,3,3,1,0,0]
476 [1,1,1,1,0,0][3,3,3,3,0,0][0,2,2,0,2,2][0,2,2,0,2,2][1,3,3,1,0,0][3,1,1,3,0,0]
477 [1,1,1,1,0,0][3,3,3,3,0,0][0,2,2,0,2,2][0,2,2,0,2,2][3,1,1,3,0,0][1,3,3,1,0,0]
484 [1,1,1,1,0,0][3,3,3,3,0,0][2,0,0,2,2,2][2,0,0,2,2,2][1,3,3,1,0,0][3,1,1,3,0,0]
485 [1,1,1,1,0,0][3,3,3,3,0,0][2,0,0,2,2,2][2,0,0,2,2,2][3,1,1,3,0,0][1,3,3,1,0,0]
539 [1,1,3,3,0,0][1,1,1,1,0,0][0,2,2,0,2,2][0,2,2,0,2,2][1,3,1,3,0,0][1,3,3,1,0,0]
540 [1,1,3,3,0,0][1,1,1,1,0,0][0,2,2,0,2,2][0,2,2,0,2,2][1,3,3,1,0,0][1,3,1,3,0,0]
541 [1,1,3,3,0,0][1,1,1,1,0,0][0,2,2,0,2,2][0,2,2,0,2,2][3,1,1,3,0,0][3,1,3,1,0,0]
542 [1,1,3,3,0,0][1,1,1,1,0,0][0,2,2,0,2,2][0,2,2,0,2,2][3,1,3,1,0,0][3,1,1,3,0,0]
547 [1,1,3,3,0,0][1,1,1,1,0,0][2,0,0,2,2,2][2,0,0,2,2,2][1,3,1,3,0,0][1,3,3,1,0,0]
548 [1,1,3,3,0,0][1,1,1,1,0,0][2,0,0,2,2,2][2,0,0,2,2,2][1,3,3,1,0,0][1,3,1,3,0,0]
549 [1,1,3,3,0,0][1,1,1,1,0,0][2,0,0,2,2,2][2,0,0,2,2,2][3,1,1,3,0,0][3,1,3,1,0,0]
550 [1,1,3,3,0,0][1,1,1,1,0,0][2,0,0,2,2,2][2,0,0,2,2,2][3,1,3,1,0,0][3,1,1,3,0,0]
665 [1,1,3,3,0,0][1,3,1,3,0,0][0,2,2,0,2,2][0,2,2,0,2,2][1,1,1,1,0,0][1,3,3,1,0,0]
666 [1,1,3,3,0,0][1,3,1,3,0,0][0,2,2,0,2,2][0,2,2,0,2,2][1,1,3,3,0,0][1,3,1,3,0,0]
667 [1,1,3,3,0,0][1,3,1,3,0,0][0,2,2,0,2,2][0,2,2,0,2,2][1,3,1,3,0,0][1,1,3,3,0,0]
668 [1,1,3,3,0,0][1,3,1,3,0,0][0,2,2,0,2,2][0,2,2,0,2,2][1,3,3,1,0,0][1,1,1,1,0,0]
669 [1,1,3,3,0,0][1,3,1,3,0,0][0,2,2,0,2,2][0,2,2,0,2,2][3,1,1,3,0,0][3,3,3,3,0,0]
670 [1,1,3,3,0,0][1,3,1,3,0,0][0,2,2,0,2,2][0,2,2,0,2,2][3,1,3,1,0,0][3,3,1,1,0,0]
671 [1,1,3,3,0,0][1,3,1,3,0,0][0,2,2,0,2,2][0,2,2,0,2,2][3,3,1,1,0,0][3,1,3,1,0,0]
672 [1,1,3,3,0,0][1,3,1,3,0,0][0,2,2,0,2,2][0,2,2,0,2,2][3,3,3,3,0,0][3,1,1,3,0,0]
673 [1,1,3,3,0,0][1,3,1,3,0,0][2,0,0,2,2,2][2,0,0,2,2,2][1,1,1,1,0,0][1,3,3,1,0,0]
674 [1,1,3,3,0,0][1,3,1,3,0,0][2,0,0,2,2,2][2,0,0,2,2,2][1,1,3,3,0,0][1,3,1,3,0,0]
675 [1,1,3,3,0,0][1,3,1,3,0,0][2,0,0,2,2,2][2,0,0,2,2,2][1,3,1,3,0,0][1,1,3,3,0,0]
676 [1,1,3,3,0,0][1,3,1,3,0,0][2,0,0,2,2,2][2,0,0,2,2,2][1,3,3,1,0,0][1,1,1,1,0,0]
677 [1,1,3,3,0,0][1,3,1,3,0,0][2,0,0,2,2,2][2,0,0,2,2,2][3,1,1,3,0,0][3,3,3,3,0,0]
678 [1,1,3,3,0,0][1,3,1,3,0,0][2,0,0,2,2,2][2,0,0,2,2,2][3,1,3,1,0,0][3,3,1,1,0,0]
679 [1,1,3,3,0,0][1,3,1,3,0,0][2,0,0,2,2,2][2,0,0,2,2,2][3,3,1,1,0,0][3,1,3,1,0,0]
680 [1,1,3,3,0,0][1,3,1,3,0,0][2,0,0,2,2,2][2,0,0,2,2,2][3,3,3,3,0,0][3,1,1,3,0,0]
722 [1,1,3,3,0,0][1,3,3,1,0,0][0,2,0,2,2,2][0,2,0,2,2,2][1,1,3,3,0,0][1,3,3,1,0,0]
724 [1,1,3,3,0,0][1,3,3,1,0,0][0,2,0,2,2,2][0,2,0,2,2,2][1,3,3,1,0,0][1,1,3,3,0,0]
725 [1,1,3,3,0,0][1,3,3,1,0,0][0,2,0,2,2,2][0,2,0,2,2,2][3,1,1,3,0,0][3,3,1,1,0,0]
727 [1,1,3,3,0,0][1,3,3,1,0,0][0,2,0,2,2,2][0,2,0,2,2,2][3,3,1,1,0,0][3,1,1,3,0,0]
729 [1,1,3,3,0,0][1,3,3,1,0,0][0,2,2,0,2,2][0,2,2,0,2,2][1,1,1,1,0,0][1,3,1,3,0,0]
730 [1,1,3,3,0,0][1,3,3,1,0,0][0,2,2,0,2,2][0,2,2,0,2,2][1,1,3,3,0,0][1,3,3,1,0,0]
731 [1,1,3,3,0,0][1,3,3,1,0,0][0,2,2,0,2,2][0,2,2,0,2,2][1,3,1,3,0,0][1,1,1,1,0,0]
732 [1,1,3,3,0,0][1,3,3,1,0,0][0,2,2,0,2,2][0,2,2,0,2,2][1,3,3,1,0,0][1,1,3,3,0,0]
733 [1,1,3,3,0,0][1,3,3,1,0,0][0,2,2,0,2,2][0,2,2,0,2,2][3,1,1,3,0,0][3,3,1,1,0,0]
734 [1,1,3,3,0,0][1,3,3,1,0,0][0,2,2,0,2,2][0,2,2,0,2,2][3,1,3,1,0,0][3,3,3,3,0,0]
735 [1,1,3,3,0,0][1,3,3,1,0,0][0,2,2,0,2,2][0,2,2,0,2,2][3,3,1,1,0,0][3,1,1,3,0,0]
736 [1,1,3,3,0,0][1,3,3,1,0,0][0,2,2,0,2,2][0,2,2,0,2,2][3,3,3,3,0,0][3,1,3,1,0,0]
737 [1,1,3,3,0,0][1,3,3,1,0,0][2,0,0,2,2,2][2,0,0,2,2,2][1,1,1,1,0,0][1,3,1,3,0,0]
738 [1,1,3,3,0,0][1,3,3,1,0,0][2,0,0,2,2,2][2,0,0,2,2,2][1,1,3,3,0,0][1,3,3,1,0,0]
739 [1,1,3,3,0,0][1,3,3,1,0,0][2,0,0,2,2,2][2,0,0,2,2,2][1,3,1,3,0,0][1,1,1,1,0,0]
740 [1,1,3,3,0,0][1,3,3,1,0,0][2,0,0,2,2,2][2,0,0,2,2,2][1,3,3,1,0,0][1,1,3,3,0,0]
741 [1,1,3,3,0,0][1,3,3,1,0,0][2,0,0,2,2,2][2,0,0,2,2,2][3,1,1,3,0,0][3,3,1,1,0,0]
742 [1,1,3,3,0,0][1,3,3,1,0,0][2,0,0,2,2,2][2,0,0,2,2,2][3,1,3,1,0,0][3,3,3,3,0,0]
743 [1,1,3,3,0,0][1,3,3,1,0,0][2,0,0,2,2,2][2,0,0,2,2,2][3,3,1,1,0,0][3,1,1,3,0,0]
744 [1,1,3,3,0,0][1,3,3,1,0,0][2,0,0,2,2,2][2,0,0,2,2,2][3,3,3,3,0,0][3,1,3,1,0,0]
746 [1,1,3,3,0,0][1,3,3,1,0,0][2,0,2,0,2,2][2,0,2,0,2,2][1,1,3,3,0,0][1,3,3,1,0,0]
748 [1,1,3,3,0,0][1,3,3,1,0,0][2,0,2,0,2,2][2,0,2,0,2,2][1,3,3,1,0,0][1,1,3,3,0,0]
749 [1,1,3,3,0,0][1,3,3,1,0,0][2,0,2,0,2,2][2,0,2,0,2,2][3,1,1,3,0,0][3,3,1,1,0,0]
751 [1,1,3,3,0,0][1,3,3,1,0,0][2,0,2,0,2,2][2,0,2,0,2,2][3,3,1,1,0,0][3,1,1,3,0,0]
786 [1,1,3,3,0,0][3,1,1,3,0,0][0,2,0,2,2,2][0,2,0,2,2,2][1,1,3,3,0,0][3,1,1,3,0,0]
788 [1,1,3,3,0,0][3,1,1,3,0,0][0,2,0,2,2,2][0,2,0,2,2,2][1,3,3,1,0,0][3,3,1,1,0,0]
789 [1,1,3,3,0,0][3,1,1,3,0,0][0,2,0,2,2,2][0,2,0,2,2,2][3,1,1,3,0,0][1,1,3,3,0,0]
791 [1,1,3,3,0,0][3,1,1,3,0,0][0,2,0,2,2,2][0,2,0,2,2,2][3,3,1,1,0,0][1,3,3,1,0,0]
793 [1,1,3,3,0,0][3,1,1,3,0,0][0,2,2,0,2,2][0,2,2,0,2,2][1,1,1,1,0,0][3,1,3,1,0,0]
794 [1,1,3,3,0,0][3,1,1,3,0,0][0,2,2,0,2,2][0,2,2,0,2,2][1,1,3,3,0,0][3,1,1,3,0,0]
795 [1,1,3,3,0,0][3,1,1,3,0,0][0,2,2,0,2,2][0,2,2,0,2,2][1,3,1,3,0,0][3,3,3,3,0,0]
796 [1,1,3,3,0,0][3,1,1,3,0,0][0,2,2,0,2,2][0,2,2,0,2,2][1,3,3,1,0,0][3,3,1,1,0,0]
797 [1,1,3,3,0,0][3,1,1,3,0,0][0,2,2,0,2,2][0,2,2,0,2,2][3,1,1,3,0,0][1,1,3,3,0,0]
798 [1,1,3,3,0,0][3,1,1,3,0,0][0,2,2,0,2,2][0,2,2,0,2,2][3,1,3,1,0,0][1,1,1,1,0,0]
799 [1,1,3,3,0,0][3,1,1,3,0,0][0,2,2,0,2,2][0,2,2,0,2,2][3,3,1,1,0,0][1,3,3,1,0,0]
800 [1,1,3,3,0,0][3,1,1,3,0,0][0,2,2,0,2,2][0,2,2,0,2,2][3,3,3,3,0,0][1,3,1,3,0,0]
801 [1,1,3,3,0,0][3,1,1,3,0,0][2,0,0,2,2,2][2,0,0,2,2,2][1,1,1,1,0,0][3,1,3,1,0,0]
802 [1,1,3,3,0,0][3,1,1,3,0,0][2,0,0,2,2,2][2,0,0,2,2,2][1,1,3,3,0,0][3,1,1,3,0,0]
803 [1,1,3,3,0,0][3,1,1,3,0,0][2,0,0,2,2,2][2,0,0,2,2,2][1,3,1,3,0,0][3,3,3,3,0,0]
804 [1,1,3,3,0,0][3,1,1,3,0,0][2,0,0,2,2,2][2,0,0,2,2,2][1,3,3,1,0,0][3,3,1,1,0,0]
805 [1,1,3,3,0,0][3,1,1,3,0,0][2,0,0,2,2,2][2,0,0,2,2,2][3,1,1,3,0,0][1,1,3,3,0,0]
806 [1,1,3,3,0,0][3,1,1,3,0,0][2,0,0,2,2,2][2,0,0,2,2,2][3,1,3,1,0,0][1,1,1,1,0,0]
807 [1,1,3,3,0,0][3,1,1,3,0,0][2,0,0,2,2,2][2,0,0,2,2,2][3,3,1,1,0,0][1,3,3,1,0,0]
808 [1,1,3,3,0,0][3,1,1,3,0,0][2,0,0,2,2,2][2,0,0,2,2,2][3,3,3,3,0,0][1,3,1,3,0,0]
810 [1,1,3,3,0,0][3,1,1,3,0,0][2,0,2,0,2,2][2,0,2,0,2,2][1,1,3,3,0,0][3,1,1,3,0,0]
812 [1,1,3,3,0,0][3,1,1,3,0,0][2,0,2,0,2,2][2,0,2,0,2,2][1,3,3,1,0,0][3,3,1,1,0,0]
813 [1,1,3,3,0,0][3,1,1,3,0,0][2,0,2,0,2,2][2,0,2,0,2,2][3,1,1,3,0,0][1,1,3,3,0,0]
815 [1,1,3,3,0,0][3,1,1,3,0,0][2,0,2,0,2,2][2,0,2,0,2,2][3,3,1,1,0,0][1,3,3,1,0,0]
857 [1,1,3,3,0,0][3,1,3,1,0,0][0,2,2,0,2,2][0,2,2,0,2,2][1,1,1,1,0,0][3,1,1,3,0,0]
858 [1,1,3,3,0,0][3,1,3,1,0,0][0,2,2,0,2,2][0,2,2,0,2,2][1,1,3,3,0,0][3,1,3,1,0,0]
859 [1,1,3,3,0,0][3,1,3,1,0,0][0,2,2,0,2,2][0,2,2,0,2,2][1,3,1,3,0,0][3,3,1,1,0,0]
860 [1,1,3,3,0,0][3,1,3,1,0,0][0,2,2,0,2,2][0,2,2,0,2,2][1,3,3,1,0,0][3,3,3,3,0,0]
861 [1,1,3,3,0,0][3,1,3,1,0,0][0,2,2,0,2,2][0,2,2,0,2,2][3,1,1,3,0,0][1,1,1,1,0,0]
862 [1,1,3,3,0,0][3,1,3,1,0,0][0,2,2,0,2,2][0,2,2,0,2,2][3,1,3,1,0,0][1,1,3,3,0,0]
863 [1,1,3,3,0,0][3,1,3,1,0,0][0,2,2,0,2,2][0,2,2,0,2,2][3,3,1,1,0,0][1,3,1,3,0,0]
864 [1,1,3,3,0,0][3,1,3,1,0,0][0,2,2,0,2,2][0,2,2,0,2,2][3,3,3,3,0,0][1,3,3,1,0,0]
865 [1,1,3,3,0,0][3,1,3,1,0,0][2,0,0,2,2,2][2,0,0,2,2,2][1,1,1,1,0,0][3,1,1,3,0,0]
866 [1,1,3,3,0,0][3,1,3,1,0,0][2,0,0,2,2,2][2,0,0,2,2,2][1,1,3,3,0,0][3,1,3,1,0,0]
867 [1,1,3,3,0,0][3,1,3,1,0,0][2,0,0,2,2,2][2,0,0,2,2,2][1,3,1,3,0,0][3,3,1,1,0,0]
868 [1,1,3,3,0,0][3,1,3,1,0,0][2,0,0,2,2,2][2,0,0,2,2,2][1,3,3,1,0,0][3,3,3,3,0,0]
869 [1,1,3,3,0,0][3,1,3,1,0,0][2,0,0,2,2,2][2,0,0,2,2,2][3,1,1,3,0,0][1,1,1,1,0,0]
870 [1,1,3,3,0,0][3,1,3,1,0,0][2,0,0,2,2,2][2,0,0,2,2,2][3,1,3,1,0,0][1,1,3,3,0,0]
871 [1,1,3,3,0,0][3,1,3,1,0,0][2,0,0,2,2,2][2,0,0,2,2,2][3,3,1,1,0,0][1,3,1,3,0,0]
872 [1,1,3,3,0,0][3,1,3,1,0,0][2,0,0,2,2,2][2,0,0,2,2,2][3,3,3,3,0,0][1,3,3,1,0,0]
916 [1,1,3,3,0,0][3,3,1,1,0,0][0,2,0,2,2,2][0,2,0,2,2,2][1,3,3,1,0,0][3,1,1,3,0,0]
917 [1,1,3,3,0,0][3,3,1,1,0,0][0,2,0,2,2,2][0,2,0,2,2,2][3,1,1,3,0,0][1,3,3,1,0,0]
923 [1,1,3,3,0,0][3,3,1,1,0,0][0,2,2,0,2,2][0,2,2,0,2,2][1,3,1,3,0,0][3,1,3,1,0,0]
924 [1,1,3,3,0,0][3,3,1,1,0,0][0,2,2,0,2,2][0,2,2,0,2,2][1,3,3,1,0,0][3,1,1,3,0,0]
925 [1,1,3,3,0,0][3,3,1,1,0,0][0,2,2,0,2,2][0,2,2,0,2,2][3,1,1,3,0,0][1,3,3,1,0,0]
926 [1,1,3,3,0,0][3,3,1,1,0,0][0,2,2,0,2,2][0,2,2,0,2,2][3,1,3,1,0,0][1,3,1,3,0,0]
931 [1,1,3,3,0,0][3,3,1,1,0,0][2,0,0,2,2,2][2,0,0,2,2,2][1,3,1,3,0,0][3,1,3,1,0,0]
932 [1,1,3,3,0,0][3,3,1,1,0,0][2,0,0,2,2,2][2,0,0,2,2,2][1,3,3,1,0,0][3,1,1,3,0,0]
933 [1,1,3,3,0,0][3,3,1,1,0,0][2,0,0,2,2,2][2,0,0,2,2,2][3,1,1,3,0,0][1,3,3,1,0,0]
934 [1,1,3,3,0,0][3,3,1,1,0,0][2,0,0,2,2,2][2,0,0,2,2,2][3,1,3,1,0,0][1,3,1,3,0,0]
940 [1,1,3,3,0,0][3,3,1,1,0,0][2,0,2,0,2,2][2,0,2,0,2,2][1,3,3,1,0,0][3,1,1,3,0,0]
941 [1,1,3,3,0,0][3,3,1,1,0,0][2,0,2,0,2,2][2,0,2,0,2,2][3,1,1,3,0,0][1,3,3,1,0,0]
987 [1,1,3,3,0,0][3,3,3,3,0,0][0,2,2,0,2,2][0,2,2,0,2,2][1,3,1,3,0,0][3,1,1,3,0,0]
988 [1,1,3,3,0,0][3,3,3,3,0,0][0,2,2,0,2,2][0,2,2,0,2,2][1,3,3,1,0,0][3,1,3,1,0,0]
989 [1,1,3,3,0,0][3,3,3,3,0,0][0,2,2,0,2,2][0,2,2,0,2,2][3,1,1,3,0,0][1,3,1,3,0,0]
990 [1,1,3,3,0,0][3,3,3,3,0,0][0,2,2,0,2,2][0,2,2,0,2,2][3,1,3,1,0,0][1,3,3,1,0,0]
995 [1,1,3,3,0,0][3,3,3,3,0,0][2,0,0,2,2,2][2,0,0,2,2,2][1,3,1,3,0,0][3,1,1,3,0,0]
996 [1,1,3,3,0,0][3,3,3,3,0,0][2,0,0,2,2,2][2,0,0,2,2,2][1,3,3,1,0,0][3,1,3,1,0,0]
997 [1,1,3,3,0,0][3,3,3,3,0,0][2,0,0,2,2,2][2,0,0,2,2,2][3,1,1,3,0,0][1,3,1,3,0,0]
998 [1,1,3,3,0,0][3,3,3,3,0,0][2,0,0,2,2,2][2,0,0,2,2,2][3,1,3,1,0,0][1,3,3,1,0,0]
1050 [1,3,1,3,0,0][1,1,1,1,0,0][0,2,2,0,2,2][0,2,2,0,2,2][1,1,3,3,0,0][1,3,3,1,0,0]
1052 [1,3,1,3,0,0][1,1,1,1,0,0][0,2,2,0,2,2][0,2,2,0,2,2][1,3,3,1,0,0][1,1,3,3,0,0]
1053 [1,3,1,3,0,0][1,1,1,1,0,0][0,2,2,0,2,2][0,2,2,0,2,2][3,1,1,3,0,0][3,3,1,1,0,0]
1055 [1,3,1,3,0,0][1,1,1,1,0,0][0,2,2,0,2,2][0,2,2,0,2,2][3,3,1,1,0,0][3,1,1,3,0,0]
1058 [1,3,1,3,0,0][1,1,1,1,0,0][2,0,0,2,2,2][2,0,0,2,2,2][1,1,3,3,0,0][1,3,3,1,0,0]
1060 [1,3,1,3,0,0][1,1,1,1,0,0][2,0,0,2,2,2][2,0,0,2,2,2][1,3,3,1,0,0][1,1,3,3,0,0]
1061 [1,3,1,3,0,0][1,1,1,1,0,0][2,0,0,2,2,2][2,0,0,2,2,2][3,1,1,3,0,0][3,3,1,1,0,0]
1063 [1,3,1,3,0,0][1,1,1,1,0,0][2,0,0,2,2,2][2,0,0,2,2,2][3,3,1,1,0,0][3,1,1,3,0,0]
1113 [1,3,1,3,0,0][1,1,3,3,0,0][0,2,2,0,2,2][0,2,2,0,2,2][1,1,1,1,0,0][1,3,3,1,0,0]
1114 [1,3,1,3,0,0][1,1,3,3,0,0][0,2,2,0,2,2][0,2,2,0,2,2][1,1,3,3,0,0][1,3,1,3,0,0]
1115 [1,3,1,3,0,0][1,1,3,3,0,0][0,2,2,0,2,2][0,2,2,0,2,2][1,3,1,3,0,0][1,1,3,3,0,0]
1116 [1,3,1,3,0,0][1,1,3,3,0,0][0,2,2,0,2,2][0,2,2,0,2,2][1,3,3,1,0,0][1,1,1,1,0,0]
1117 [1,3,1,3,0,0][1,1,3,3,0,0][0,2,2,0,2,2][0,2,2,0,2,2][3,1,1,3,0,0][3,3,3,3,0,0]
1118 [1,3,1,3,0,0][1,1,3,3,0,0][0,2,2,0,2,2][0,2,2,0,2,2][3,1,3,1,0,0][3,3,1,1,0,0]
1119 [1,3,1,3,0,0][1,1,3,3,0,0][0,2,2,0,2,2][0,2,2,0,2,2][3,3,1,1,0,0][3,1,3,1,0,0]
1120 [1,3,1,3,0,0][1,1,3,3,0,0][0,2,2,0,2,2][0,2,2,0,2,2][3,3,3,3,0,0][3,1,1,3,0,0]
1121 [1,3,1,3,0,0][1,1,3,3,0,0][2,0,0,2,2,2][2,0,0,2,2,2][1,1,1,1,0,0][1,3,3,1,0,0]
1122 [1,3,1,3,0,0][1,1,3,3,0,0][2,0,0,2,2,2][2,0,0,2,2,2][1,1,3,3,0,0][1,3,1,3,0,0]
1123 [1,3,1,3,0,0][1,1,3,3,0,0][2,0,0,2,2,2][2,0,0,2,2,2][1,3,1,3,0,0][1,1,3,3,0,0]
1124 [1,3,1,3,0,0][1,1,3,3,0,0][2,0,0,2,2,2][2,0,0,2,2,2][1,3,3,1,0,0][1,1,1,1,0,0]
1125 [1,3,1,3,0,0][1,1,3,3,0,0][2,0,0,2,2,2][2,0,0,2,2,2][3,1,1,3,0,0][3,3,3,3,0,0]
1126 [1,3,1,3,0,0][1,1,3,3,0,0][2,0,0,2,2,2][2,0,0,2,2,2][3,1,3,1,0,0][3,3,1,1,0,0]
1127 [1,3,1,3,0,0][1,1,3,3,0,0][2,0,0,2,2,2][2,0,0,2,2,2][3,3,1,1,0,0][3,1,3,1,0,0]
1128 [1,3,1,3,0,0][1,1,3,3,0,0][2,0,0,2,2,2][2,0,0,2,2,2][3,3,3,3,0,0][3,1,1,3,0,0]
1227 [1,3,1,3,0,0][1,3,3,1,0,0][0,0,2,2,2,2][0,0,2,2,2,2][1,3,1,3,0,0][1,3,3,1,0,0]
1228 [1,3,1,3,0,0][1,3,3,1,0,0][0,0,2,2,2,2][0,0,2,2,2,2][1,3,3,1,0,0][1,3,1,3,0,0]
1229 [1,3,1,3,0,0][1,3,3,1,0,0][0,0,2,2,2,2][0,0,2,2,2,2][3,1,1,3,0,0][3,1,3,1,0,0]
1230 [1,3,1,3,0,0][1,3,3,1,0,0][0,0,2,2,2,2][0,0,2,2,2,2][3,1,3,1,0,0][3,1,1,3,0,0]
1241 [1,3,1,3,0,0][1,3,3,1,0,0][0,2,2,0,2,2][0,2,2,0,2,2][1,1,1,1,0,0][1,1,3,3,0,0]
1242 [1,3,1,3,0,0][1,3,3,1,0,0][0,2,2,0,2,2][0,2,2,0,2,2][1,1,3,3,0,0][1,1,1,1,0,0]
1243 [1,3,1,3,0,0][1,3,3,1,0,0][0,2,2,0,2,2][0,2,2,0,2,2][1,3,1,3,0,0][1,3,3,1,0,0]
1244 [1,3,1,3,0,0][1,3,3,1,0,0][0,2,2,0,2,2][0,2,2,0,2,2][1,3,3,1,0,0][1,3,1,3,0,0]
1245 [1,3,1,3,0,0][1,3,3,1,0,0][0,2,2,0,2,2][0,2,2,0,2,2][3,1,1,3,0,0][3,1,3,1,0,0]
1246 [1,3,1,3,0,0][1,3,3,1,0,0][0,2,2,0,2,2][0,2,2,0,2,2][3,1,3,1,0,0][3,1,1,3,0,0]
1247 [1,3,1,3,0,0][1,3,3,1,0,0][0,2,2,0,2,2][0,2,2,0,2,2][3,3,1,1,0,0][3,3,3,3,0,0]
1248 [1,3,1,3,0,0][1,3,3,1,0,0][0,2,2,0,2,2][0,2,2,0,2,2][3,3,3,3,0,0][3,3,1,1,0,0]
1249 [1,3,1,3,0,0][1,3,3,1,0,0][2,0,0,2,2,2][2,0,0,2,2,2][1,1,1,1,0,0][1,1,3,3,0,0]
1250 [1,3,1,3,0,0][1,3,3,1,0,0][2,0,0,2,2,2][2,0,0,2,2,2][1,1,3,3,0,0][1,1,1,1,0,0]
1251 [1,3,1,3,0,0][1,3,3,1,0,0][2,0,0,2,2,2][2,0,0,2,2,2][1,3,1,3,0,0][1,3,3,1,0,0]
1252 [1,3,1,3,0,0][1,3,3,1,0,0][2,0,0,2,2,2][2,0,0,2,2,2][1,3,3,1,0,0][1,3,1,3,0,0]
1253 [1,3,1,3,0,0][1,3,3,1,0,0][2,0,0,2,2,2][2,0,0,2,2,2][3,1,1,3,0,0][3,1,3,1,0,0]
1254 [1,3,1,3,0,0][1,3,3,1,0,0][2,0,0,2,2,2][2,0,0,2,2,2][3,1,3,1,0,0][3,1,1,3,0,0]
1255 [1,3,1,3,0,0][1,3,3,1,0,0][2,0,0,2,2,2][2,0,0,2,2,2][3,3,1,1,0,0][3,3,3,3,0,0]
1256 [1,3,1,3,0,0][1,3,3,1,0,0][2,0,0,2,2,2][2,0,0,2,2,2][3,3,3,3,0,0][3,3,1,1,0,0]
1267 [1,3,1,3,0,0][1,3,3,1,0,0][2,2,0,0,2,2][2,2,0,0,2,2][1,3,1,3,0,0][1,3,3,1,0,0]
1268 [1,3,1,3,0,0][1,3,3,1,0,0][2,2,0,0,2,2][2,2,0,0,2,2][1,3,3,1,0,0][1,3,1,3,0,0]
1269 [1,3,1,3,0,0][1,3,3,1,0,0][2,2,0,0,2,2][2,2,0,0,2,2][3,1,1,3,0,0][3,1,3,1,0,0]
1270 [1,3,1,3,0,0][1,3,3,1,0,0][2,2,0,0,2,2][2,2,0,0,2,2][3,1,3,1,0,0][3,1,1,3,0,0]
1291 [1,3,1,3,0,0][3,1,1,3,0,0][0,0,2,2,2,2][0,0,2,2,2,2][1,3,1,3,0,0][3,1,1,3,0,0]
1292 [1,3,1,3,0,0][3,1,1,3,0,0][0,0,2,2,2,2][0,0,2,2,2,2][1,3,3,1,0,0][3,1,3,1,0,0]
1293 [1,3,1,3,0,0][3,1,1,3,0,0][0,0,2,2,2,2][0,0,2,2,2,2][3,1,1,3,0,0][1,3,1,3,0,0]
1294 [1,3,1,3,0,0][3,1,1,3,0,0][0,0,2,2,2,2][0,0,2,2,2,2][3,1,3,1,0,0][1,3,3,1,0,0]
1305 [1,3,1,3,0,0][3,1,1,3,0,0][0,2,2,0,2,2][0,2,2,0,2,2][1,1,1,1,0,0][3,3,1,1,0,0]
1306 [1,3,1,3,0,0][3,1,1,3,0,0][0,2,2,0,2,2][0,2,2,0,2,2][1,1,3,3,0,0][3,3,3,3,0,0]
1307 [1,3,1,3,0,0][3,1,1,3,0,0][0,2,2,0,2,2][0,2,2,0,2,2][1,3,1,3,0,0][3,1,1,3,0,0]
1308 [1,3,1,3,0,0][3,1,1,3,0,0][0,2,2,0,2,2][0,2,2,0,2,2][1,3,3,1,0,0][3,1,3,1,0,0]
1309 [1,3,1,3,0,0][3,1,1,3,0,0][0,2,2,0,2,2][0,2,2,0,2,2][3,1,1,3,0,0][1,3,1,3,0,0]
1310 [1,3,1,3,0,0][3,1,1,3,0,0][0,2,2,0,2,2][0,2,2,0,2,2][3,1,3,1,0,0][1,3,3,1,0,0]
1311 [1,3,1,3,0,0][3,1,1,3,0,0][0,2,2,0,2,2][0,2,2,0,2,2][3,3,1,1,0,0][1,1,1,1,0,0]
1312 [1,3,1,3,0,0][3,1,1,3,0,0][0,2,2,0,2,2][0,2,2,0,2,2][3,3,3,3,0,0][1,1,3,3,0,0]
1313 [1,3,1,3,0,0][3,1,1,3,0,0][2,0,0,2,2,2][2,0,0,2,2,2][1,1,1,1,0,0][3,3,1,1,0,0]
1314 [1,3,1,3,0,0][3,1,1,3,0,0][2,0,0,2,2,2][2,0,0,2,2,2][1,1,3,3,0,0][3,3,3,3,0,0]
1315 [1,3,1,3,0,0][3,1,1,3,0,0][2,0,0,2,2,2][2,0,0,2,2,2][1,3,1,3,0,0][3,1,1,3,0,0]
1316 [1,3,1,3,0,0][3,1,1,3,0,0][2,0,0,2,2,2][2,0,0,2,2,2][1,3,3,1,0,0][3,1,3,1,0,0]
1317 [1,3,1,3,0,0][3,1,1,3,0,0][2,0,0,2,2,2][2,0,0,2,2,2][3,1,1,3,0,0][1,3,1,3,0,0]
1318 [1,3,1,3,0,0][3,1,1,3,0,0][2,0,0,2,2,2][2,0,0,2,2,2][3,1,3,1,0,0][1,3,3,1,0,0]
1319 [1,3,1,3,0,0][3,1,1,3,0,0][2,0,0,2,2,2][2,0,0,2,2,2][3,3,1,1,0,0][1,1,1,1,0,0]
1320 [1,3,1,3,0,0][3,1,1,3,0,0][2,0,0,2,2,2][2,0,0,2,2,2][3,3,3,3,0,0][1,1,3,3,0,0]
1331 [1,3,1,3,0,0][3,1,1,3,0,0][2,2,0,0,2,2][2,2,0,0,2,2][1,3,1,3,0,0][3,1,1,3,0,0]
1332 [1,3,1,3,0,0][3,1,1,3,0,0][2,2,0,0,2,2][2,2,0,0,2,2][1,3,3,1,0,0][3,1,3,1,0,0]
1333 [1,3,1,3,0,0][3,1,1,3,0,0][2,2,0,0,2,2][2,2,0,0,2,2][3,1,1,3,0,0][1,3,1,3,0,0]
1334 [1,3,1,3,0,0][3,1,1,3,0,0][2,2,0,0,2,2][2,2,0,0,2,2][3,1,3,1,0,0][1,3,3,1,0,0]
1356 [1,3,1,3,0,0][3,1,3,1,0,0][0,0,2,2,2,2][0,0,2,2,2,2][1,3,3,1,0,0][3,1,1,3,0,0]
1357 [1,3,1,3,0,0][3,1,3,1,0,0][0,0,2,2,2,2][0,0,2,2,2,2][3,1,1,3,0,0][1,3,3,1,0,0]
1370 [1,3,1,3,0,0][3,1,3,1,0,0][0,2,2,0,2,2][0,2,2,0,2,2][1,1,3,3,0,0][3,3,1,1,0,0]
1372 [1,3,1,3,0,0][3,1,3,1,0,0][0,2,2,0,2,2][0,2,2,0,2,2][1,3,3,1,0,0][3,1,1,3,0,0]
1373 [1,3,1,3,0,0][3,1,3,1,0,0][0,2,2,0,2,2][0,2,2,0,2,2][3,1,1,3,0,0][1,3,3,1,0,0]
1375 [1,3,1,3,0,0][3,1,3,1,0,0][0,2,2,0,2,2][0,2,2,0,2,2][3,3,1,1,0,0][1,1,3,3,0,0]
1378 [1,3,1,3,0,0][3,1,3,1,0,0][2,0,0,2,2,2][2,0,0,2,2,2][1,1,3,3,0,0][3,3,1,1,0,0]
1380 [1,3,1,3,0,0][3,1,3,1,0,0][2,0,0,2,2,2][2,0,0,2,2,2][1,3,3,1,0,0][3,1,1,3,0,0]
1381 [1,3,1,3,0,0][3,1,3,1,0,0][2,0,0,2,2,2][2,0,0,2,2,2][3,1,1,3,0,0][1,3,3,1,0,0]
1383 [1,3,1,3,0,0][3,1,3,1,0,0][2,0,0,2,2,2][2,0,0,2,2,2][3,3,1,1,0,0][1,1,3,3,0,0]
1396 [1,3,1,3,0,0][3,1,3,1,0,0][2,2,0,0,2,2][2,2,0,0,2,2][1,3,3,1,0,0][3,1,1,3,0,0]
1397 [1,3,1,3,0,0][3,1,3,1,0,0][2,2,0,0,2,2][2,2,0,0,2,2][3,1,1,3,0,0][1,3,3,1,0,0]
1433 [1,3,1,3,0,0][3,3,1,1,0,0][0,2,2,0,2,2][0,2,2,0,2,2][1,1,1,1,0,0][3,1,1,3,0,0]
1434 [1,3,1,3,0,0][3,3,1,1,0,0][0,2,2,0,2,2][0,2,2,0,2,2][1,1,3,3,0,0][3,1,3,1,0,0]
1435 [1,3,1,3,0,0][3,3,1,1,0,0][0,2,2,0,2,2][0,2,2,0,2,2][1,3,1,3,0,0][3,3,1,1,0,0]
1436 [1,3,1,3,0,0][3,3,1,1,0,0][0,2,2,0,2,2][0,2,2,0,2,2][1,3,3,1,0,0][3,3,3,3,0,0]
1437 [1,3,1,3,0,0][3,3,1,1,0,0][0,2,2,0,2,2][0,2,2,0,2,2][3,1,1,3,0,0][1,1,1,1,0,0]
1438 [1,3,1,3,0,0][3,3,1,1,0,0][0,2,2,0,2,2][0,2,2,0,2,2][3,1,3,1,0,0][1,1,3,3,0,0]
1439 [1,3,1,3,0,0][3,3,1,1,0,0][0,2,2,0,2,2][0,2,2,0,2,2][3,3,1,1,0,0][1,3,1,3,0,0]
1440 [1,3,1,3,0,0][3,3,1,1,0,0][0,2,2,0,2,2][0,2,2,0,2,2][3,3,3,3,0,0][1,3,3,1,0,0]
1441 [1,3,1,3,0,0][3,3,1,1,0,0][2,0,0,2,2,2][2,0,0,2,2,2][1,1,1,1,0,0][3,1,1,3,0,0]
1442 [1,3,1,3,0,0][3,3,1,1,0,0][2,0,0,2,2,2][2,0,0,2,2,2][1,1,3,3,0,0][3,1,3,1,0,0]
1443 [1,3,1,3,0,0][3,3,1,1,0,0][2,0,0,2,2,2][2,0,0,2,2,2][1,3,1,3,0,0][3,3,1,1,0,0]
1444 [1,3,1,3,0,0][3,3,1,1,0,0][2,0,0,2,2,2][2,0,0,2,2,2][1,3,3,1,0,0][3,3,3,3,0,0]
1445 [1,3,1,3,0,0][3,3,1,1,0,0][2,0,0,2,2,2][2,0,0,2,2,2][3,1,1,3,0,0][1,1,1,1,0,0]
1446 [1,3,1,3,0,0][3,3,1,1,0,0][2,0,0,2,2,2][2,0,0,2,2,2][3,1,3,1,0,0][1,1,3,3,0,0]
1447 [1,3,1,3,0,0][3,3,1,1,0,0][2,0,0,2,2,2][2,0,0,2,2,2][3,3,1,1,0,0][1,3,1,3,0,0]
1448 [1,3,1,3,0,0][3,3,1,1,0,0][2,0,0,2,2,2][2,0,0,2,2,2][3,3,3,3,0,0][1,3,3,1,0,0]
1498 [1,3,1,3,0,0][3,3,3,3,0,0][0,2,2,0,2,2][0,2,2,0,2,2][1,1,3,3,0,0][3,1,1,3,0,0]
1500 [1,3,1,3,0,0][3,3,3,3,0,0][0,2,2,0,2,2][0,2,2,0,2,2][1,3,3,1,0,0][3,3,1,1,0,0]
1501 [1,3,1,3,0,0][3,3,3,3,0,0][0,2,2,0,2,2][0,2,2,0,2,2][3,1,1,3,0,0][1,1,3,3,0,0]
1503 [1,3,1,3,0,0][3,3,3,3,0,0][0,2,2,0,2,2][0,2,2,0,2,2][3,3,1,1,0,0][1,3,3,1,0,0]
1506 [1,3,1,3,0,0][3,3,3,3,0,0][2,0,0,2,2,2][2,0,0,2,2,2][1,1,3,3,0,0][3,1,1,3,0,0]
1508 [1,3,1,3,0,0][3,3,3,3,0,0][2,0,0,2,2,2][2,0,0,2,2,2][1,3,3,1,0,0][3,3,1,1,0,0]
1509 [1,3,1,3,0,0][3,3,3,3,0,0][2,0,0,2,2,2][2,0,0,2,2,2][3,1,1,3,0,0][1,1,3,3,0,0]
1511 [1,3,1,3,0,0][3,3,3,3,0,0][2,0,0,2,2,2][2,0,0,2,2,2][3,3,1,1,0,0][1,3,3,1,0,0]
1561 [1,3,3,1,0,0][1,1,1,1,0,0][0,2,2,0,2,2][0,2,2,0,2,2][1,1,1,1,0,0][1,3,3,1,0,0]
1562 [1,3,3,1,0,0][1,1,1,1,0,0][0,2,2,0,2,2][0,2,2,0,2,2][1,1,3,3,0,0][1,3,1,3,0,0]
1563 [1,3,3,1,0,0][1,1,1,1,0,0][0,2,2,0,2,2][0,2,2,0,2,2][1,3,1,3,0,0][1,1,3,3,0,0]
1564 [1,3,3,1,0,0][1,1,1,1,0,0][0,2,2,0,2,2][0,2,2,0,2,2][1,3,3,1,0,0][1,1,1,1,0,0]
1565 [1,3,3,1,0,0][1,1,1,1,0,0][0,2,2,0,2,2][0,2,2,0,2,2][3,1,1,3,0,0][3,3,3,3,0,0]
1566 [1,3,3,1,0,0][1,1,1,1,0,0][0,2,2,0,2,2][0,2,2,0,2,2][3,1,3,1,0,0][3,3,1,1,0,0]
1567 [1,3,3,1,0,0][1,1,1,1,0,0][0,2,2,0,2,2][0,2,2,0,2,2][3,3,1,1,0,0][3,1,3,1,0,0]
1568 [1,3,3,1,0,0][1,1,1,1,0,0][0,2,2,0,2,2][0,2,2,0,2,2][3,3,3,3,0,0][3,1,1,3,0,0]
1569 [1,3,3,1,0,0][1,1,1,1,0,0][2,0,0,2,2,2][2,0,0,2,2,2][1,1,1,1,0,0][1,3,3,1,0,0]
1570 [1,3,3,1,0,0][1,1,1,1,0,0][2,0,0,2,2,2][2,0,0,2,2,2][1,1,3,3,0,0][1,3,1,3,0,0]
1571 [1,3,3,1,0,0][1,1,1,1,0,0][2,0,0,2,2,2][2,0,0,2,2,2][1,3,1,3,0,0][1,1,3,3,0,0]
1572 [1,3,3,1,0,0][1,1,1,1,0,0][2,0,0,2,2,2][2,0,0,2,2,2][1,3,3,1,0,0][1,1,1,1,0,0]
1573 [1,3,3,1,0,0][1,1,1,1,0,0][2,0,0,2,2,2][2,0,0,2,2,2][3,1,1,3,0,0][3,3,3,3,0,0]
1574 [1,3,3,1,0,0][1,1,1,1,0,0][2,0,0,2,2,2][2,0,0,2,2,2][3,1,3,1,0,0][3,3,1,1,0,0]
1575 [1,3,3,1,0,0][1,1,1,1,0,0][2,0,0,2,2,2][2,0,0,2,2,2][3,3,1,1,0,0][3,1,3,1,0,0]
1576 [1,3,3,1,0,0][1,1,1,1,0,0][2,0,0,2,2,2][2,0,0,2,2,2][3,3,3,3,0,0][3,1,1,3,0,0]
1618 [1,3,3,1,0,0][1,1,3,3,0,0][0,2,0,2,2,2][0,2,0,2,2,2][1,1,3,3,0,0][1,3,3,1,0,0]
1620 [1,3,3,1,0,0][1,1,3,3,0,0][0,2,0,2,2,2][0,2,0,2,2,2][1,3,3,1,0,0][1,1,3,3,0,0]
1621 [1,3,3,1,0,0][1,1,3,3,0,0][0,2,0,2,2,2][0,2,0,2,2,2][3,1,1,3,0,0][3,3,1,1,0,0]
1623 [1,3,3,1,0,0][1,1,3,3,0,0][0,2,0,2,2,2][0,2,0,2,2,2][3,3,1,1,0,0][3,1,1,3,0,0]
1625 [1,3,3,1,0,0][1,1,3,3,0,0][0,2,2,0,2,2][0,2,2,0,2,2][1,1,1,1,0,0][1,3,1,3,0,0]
1626 [1,3,3,1,0,0][1,1,3,3,0,0][0,2,2,0,2,2][0,2,2,0,2,2][1,1,3,3,0,0][1,3,3,1,0,0]
1627 [1,3,3,1,0,0][1,1,3,3,0,0][0,2,2,0,2,2][0,2,2,0,2,2][1,3,1,3,0,0][1,1,1,1,0,0]
1628 [1,3,3,1,0,0][1,1,3,3,0,0][0,2,2,0,2,2][0,2,2,0,2,2][1,3,3,1,0,0][1,1,3,3,0,0]
1629 [1,3,3,1,0,0][1,1,3,3,0,0][0,2,2,0,2,2][0,2,2,0,2,2][3,1,1,3,0,0][3,3,1,1,0,0]
1630 [1,3,3,1,0,0][1,1,3,3,0,0][0,2,2,0,2,2][0,2,2,0,2,2][3,1,3,1,0,0][3,3,3,3,0,0]
1631 [1,3,3,1,0,0][1,1,3,3,0,0][0,2,2,0,2,2][0,2,2,0,2,2][3,3,1,1,0,0][3,1,1,3,0,0]
1632 [1,3,3,1,0,0][1,1,3,3,0,0][0,2,2,0,2,2][0,2,2,0,2,2][3,3,3,3,0,0][3,1,3,1,0,0]
1633 [1,3,3,1,0,0][1,1,3,3,0,0][2,0,0,2,2,2][2,0,0,2,2,2][1,1,1,1,0,0][1,3,1,3,0,0]
1634 [1,3,3,1,0,0][1,1,3,3,0,0][2,0,0,2,2,2][2,0,0,2,2,2][1,1,3,3,0,0][1,3,3,1,0,0]
1635 [1,3,3,1,0,0][1,1,3,3,0,0][2,0,0,2,2,2][2,0,0,2,2,2][1,3,1,3,0,0][1,1,1,1,0,0]
1636 [1,3,3,1,0,0][1,1,3,3,0,0][2,0,0,2,2,2][2,0,0,2,2,2][1,3,3,1,0,0][1,1,3,3,0,0]
1637 [1,3,3,1,0,0][1,1,3,3,0,0][2,0,0,2,2,2][2,0,0,2,2,2][3,1,1,3,0,0][3,3,1,1,0,0]
1638 [1,3,3,1,0,0][1,1,3,3,0,0][2,0,0,2,2,2][2,0,0,2,2,2][3,1,3,1,0,0][3,3,3,3,0,0]
1639 [1,3,3,1,0,0][1,1,3,3,0,0][2,0,0,2,2,2][2,0,0,2,2,2][3,3,1,1,0,0][3,1,1,3,0,0]
1640 [1,3,3,1,0,0][1,1,3,3,0,0][2,0,0,2,2,2][2,0,0,2,2,2][3,3,3,3,0,0][3,1,3,1,0,0]
1642 [1,3,3,1,0,0][1,1,3,3,0,0][2,0,2,0,2,2][2,0,2,0,2,2][1,1,3,3,0,0][1,3,3,1,0,0]
1644 [1,3,3,1,0,0][1,1,3,3,0,0][2,0,2,0,2,2][2,0,2,0,2,2][1,3,3,1,0,0][1,1,3,3,0,0]
1645 [1,3,3,1,0,0][1,1,3,3,0,0][2,0,2,0,2,2][2,0,2,0,2,2][3,1,1,3,0,0][3,3,1,1,0,0]
1647 [1,3,3,1,0,0][1,1,3,3,0,0][2,0,2,0,2,2][2,0,2,0,2,2][3,3,1,1,0,0][3,1,1,3,0,0]
1675 [1,3,3,1,0,0][1,3,1,3,0,0][0,0,2,2,2,2][0,0,2,2,2,2][1,3,1,3,0,0][1,3,3,1,0,0]
1676 [1,3,3,1,0,0][1,3,1,3,0,0][0,0,2,2,2,2][0,0,2,2,2,2][1,3,3,1,0,0][1,3,1,3,0,0]
1677 [1,3,3,1,0,0][1,3,1,3,0,0][0,0,2,2,2,2][0,0,2,2,2,2][3,1,1,3,0,0][3,1,3,1,0,0]
1678 [1,3,3,1,0,0][1,3,1,3,0,0][0,0,2,2,2,2][0,0,2,2,2,2][3,1,3,1,0,0][3,1,1,3,0,0]
1689 [1,3,3,1,0,0][1,3,1,3,0,0][0,2,2,0,2,2][0,2,2,0,2,2][1,1,1,1,0,0][1,1,3,3,0,0]
1690 [1,3,3,1,0,0][1,3,1,3,0,0][0,2,2,0,2,2][0,2,2,0,2,2][1,1,3,3,0,0][1,1,1,1,0,0]
1691 [1,3,3,1,0,0][1,3,1,3,0,0][0,2,2,0,2,2][0,2,2,0,2,2][1,3,1,3,0,0][1,3,3,1,0,0]
1692 [1,3,3,1,0,0][1,3,1,3,0,0][0,2,2,0,2,2][0,2,2,0,2,2][1,3,3,1,0,0][1,3,1,3,0,0]
1693 [1,3,3,1,0,0][1,3,1,3,0,0][0,2,2,0,2,2][0,2,2,0,2,2][3,1,1,3,0,0][3,1,3,1,0,0]
1694 [1,3,3,1,0,0][1,3,1,3,0,0][0,2,2,0,2,2][0,2,2,0,2,2][3,1,3,1,0,0][3,1,1,3,0,0]
1695 [1,3,3,1,0,0][1,3,1,3,0,0][0,2,2,0,2,2][0,2,2,0,2,2][3,3,1,1,0,0][3,3,3,3,0,0]
1696 [1,3,3,1,0,0][1,3,1,3,0,0][0,2,2,0,2,2][0,2,2,0,2,2][3,3,3,3,0,0][3,3,1,1,0,0]
1697 [1,3,3,1,0,0][1,3,1,3,0,0][2,0,0,2,2,2][2,0,0,2,2,2][1,1,1,1,0,0][1,1,3,3,0,0]
1698 [1,3,3,1,0,0][1,3,1,3,0,0][2,0,0,2,2,2][2,0,0,2,2,2][1,1,3,3,0,0][1,1,1,1,0,0]
1699 [1,3,3,1,0,0][1,3,1,3,0,0][2,0,0,2,2,2][2,0,0,2,2,2][1,3,1,3,0,0][1,3,3,1,0,0]
1700 [1,3,3,1,0,0][1,3,1,3,0,0][2,0,0,2,2,2][2,0,0,2,2,2][1,3,3,1,0,0][1,3,1,3,0,0]
1701 [1,3,3,1,0,0][1,3,1,3,0,0][2,0,0,2,2,2][2,0,0,2,2,2][3,1,1,3,0,0][3,1,3,1,0,0]
1702 [1,3,3,1,0,0][1,3,1,3,0,0][2,0,0,2,2,2][2,0,0,2,2,2][3,1,3,1,0,0][3,1,1,3,0,0]
1703 [1,3,3,1,0,0][1,3,1,3,0,0][2,0,0,2,2,2][2,0,0,2,2,2][3,3,1,1,0,0][3,3,3,3,0,0]
1704 [1,3,3,1,0,0][1,3,1,3,0,0][2,0,0,2,2,2][2,0,0,2,2,2][3,3,3,3,0,0][3,3,1,1,0,0]
1715 [1,3,3,1,0,0][1,3,1,3,0,0][2,2,0,0,2,2][2,2,0,0,2,2][1,3,1,3,0,0][1,3,3,1,0,0]
1716 [1,3,3,1,0,0][1,3,1,3,0,0][2,2,0,0,2,2][2,2,0,0,2,2][1,3,3,1,0,0][1,3,1,3,0,0]
1717 [1,3,3,1,0,0][1,3,1,3,0,0][2,2,0,0,2,2][2,2,0,0,2,2][3,1,1,3,0,0][3,1,3,1,0,0]
1718 [1,3,3,1,0,0][1,3,1,3,0,0][2,2,0,0,2,2][2,2,0,0,2,2][3,1,3,1,0,0][3,1,1,3,0,0]
1796 [1,3,3,1,0,0][3,1,1,3,0,0][0,0,0,0,2,2][0,0,0,0,2,2][1,3,3,1,0,0][3,1,1,3,0,0]
1797 [1,3,3,1,0,0][3,1,1,3,0,0][0,0,0,0,2,2][0,0,0,0,2,2][3,1,1,3,0,0][1,3,3,1,0,0]
1803 [1,3,3,1,0,0][3,1,1,3,0,0][0,0,2,2,2,2][0,0,2,2,2,2][1,3,1,3,0,0][3,1,3,1,0,0]
1804 [1,3,3,1,0,0][3,1,1,3,0,0][0,0,2,2,2,2][0,0,2,2,2,2][1,3,3,1,0,0][3,1,1,3,0,0]
1805 [1,3,3,1,0,0][3,1,1,3,0,0][0,0,2,2,2,2][0,0,2,2,2,2][3,1,1,3,0,0][1,3,3,1,0,0]
1806 [1,3,3,1,0,0][3,1,1,3,0,0][0,0,2,2,2,2][0,0,2,2,2,2][3,1,3,1,0,0][1,3,1,3,0,0]
1810 [1,3,3,1,0,0][3,1,1,3,0,0][0,2,0,2,2,2][0,2,0,2,2,2][1,1,3,3,0,0][3,3,1,1,0,0]
1812 [1,3,3,1,0,0][3,1,1,3,0,0][0,2,0,2,2,2][0,2,0,2,2,2][1,3,3,1,0,0][3,1,1,3,0,0]
1813 [1,3,3,1,0,0][3,1,1,3,0,0][0,2,0,2,2,2][0,2,0,2,2,2][3,1,1,3,0,0][1,3,3,1,0,0]
1815 [1,3,3,1,0,0][3,1,1,3,0,0][0,2,0,2,2,2][0,2,0,2,2,2][3,3,1,1,0,0][1,1,3,3,0,0]
1817 [1,3,3,1,0,0][3,1,1,3,0,0][0,2,2,0,2,2][0,2,2,0,2,2][1,1,1,1,0,0][3,3,3,3,0,0]
1818 [1,3,3,1,0,0][3,1,1,3,0,0][0,2,2,0,2,2][0,2,2,0,2,2][1,1,3,3,0,0][3,3,1,1,0,0]
1819 [1,3,3,1,0,0][3,1,1,3,0,0][0,2,2,0,2,2][0,2,2,0,2,2][1,3,1,3,0,0][3,1,3,1,0,0]
1822 [1,3,3,1,0,0][3,1,1,3,0,0][0,2,2,0,2,2][0,2,2,0,2,2][3,1,3,1,0,0][1,3,1,3,0,0]
1823 [1,3,3,1,0,0][3,1,1,3,0,0][0,2,2,0,2,2][0,2,2,0,2,2][3,3,1,1,0,0][1,1,3,3,0,0]
1824 [1,3,3,1,0,0][3,1,1,3,0,0][0,2,2,0,2,2][0,2,2,0,2,2][3,3,3,3,0,0][1,1,1,1,0,0]
1825 [1,3,3,1,0,0][3,1,1,3,0,0][2,0,0,2,2,2][2,0,0,2,2,2][1,1,1,1,0,0][3,3,3,3,0,0]
1826 [1,3,3,1,0,0][3,1,1,3,0,0][2,0,0,2,2,2][2,0,0,2,2,2][1,1,3,3,0,0][3,3,1,1,0,0]
1827 [1,3,3,1,0,0][3,1,1,3,0,0][2,0,0,2,2,2][2,0,0,2,2,2][1,3,1,3,0,0][3,1,3,1,0,0]
1830 [1,3,3,1,0,0][3,1,1,3,0,0][2,0,0,2,2,2][2,0,0,2,2,2][3,1,3,1,0,0][1,3,1,3,0,0]
1831 [1,3,3,1,0,0][3,1,1,3,0,0][2,0,0,2,2,2][2,0,0,2,2,2][3,3,1,1,0,0][1,1,3,3,0,0]
1832 [1,3,3,1,0,0][3,1,1,3,0,0][2,0,0,2,2,2][2,0,0,2,2,2][3,3,3,3,0,0][1,1,1,1,0,0]
1834 [1,3,3,1,0,0][3,1,1,3,0,0][2,0,2,0,2,2][2,0,2,0,2,2][1,1,3,3,0,0][3,3,1,1,0,0]
1836 [1,3,3,1,0,0][3,1,1,3,0,0][2,0,2,0,2,2][2,0,2,0,2,2][1,3,3,1,0,0][3,1,1,3,0,0]
1837 [1,3,3,1,0,0][3,1,1,3,0,0][2,0,2,0,2,2][2,0,2,0,2,2][3,1,1,3,0,0][1,3,3,1,0,0]
1839 [1,3,3,1,0,0][3,1,1,3,0,0][2,0,2,0,2,2][2,0,2,0,2,2][3,3,1,1,0,0][1,1,3,3,0,0]
1843 [1,3,3,1,0,0][3,1,1,3,0,0][2,2,0,0,2,2][2,2,0,0,2,2][1,3,1,3,0,0][3,1,3,1,0,0]
1844 [1,3,3,1,0,0][3,1,1,3,0,0][2,2,0,0,2,2][2,2,0,0,2,2][1,3,3,1,0,0][3,1,1,3,0,0]
1845 [1,3,3,1,0,0][3,1,1,3,0,0][2,2,0,0,2,2][2,2,0,0,2,2][3,1,1,3,0,0][1,3,3,1,0,0]
1846 [1,3,3,1,0,0][3,1,1,3,0,0][2,2,0,0,2,2][2,2,0,0,2,2][3,1,3,1,0,0][1,3,1,3,0,0]
1852 [1,3,3,1,0,0][3,1,1,3,0,0][2,2,2,2,2,2][2,2,2,2,2,2][1,3,3,1,0,0][3,1,1,3,0,0]
1853 [1,3,3,1,0,0][3,1,1,3,0,0][2,2,2,2,2,2][2,2,2,2,2,2][3,1,1,3,0,0][1,3,3,1,0,0]
1867 [1,3,3,1,0,0][3,1,3,1,0,0][0,0,2,2,2,2][0,0,2,2,2,2][1,3,1,3,0,0][3,1,1,3,0,0]
1868 [1,3,3,1,0,0][3,1,3,1,0,0][0,0,2,2,2,2][0,0,2,2,2,2][1,3,3,1,0,0][3,1,3,1,0,0]
1869 [1,3,3,1,0,0][3,1,3,1,0,0][0,0,2,2,2,2][0,0,2,2,2,2][3,1,1,3,0,0][1,3,1,3,0,0]
1870 [1,3,3,1,0,0][3,1,3,1,0,0][0,0,2,2,2,2][0,0,2,2,2,2][3,1,3,1,0,0][1,3,3,1,0,0]
1881 [1,3,3,1,0,0][3,1,3,1,0,0][0,2,2,0,2,2][0,2,2,0,2,2][1,1,1,1,0,0][3,3,1,1,0,0]
1882 [1,3,3,1,0,0][3,1,3,1,0,0][0,2,2,0,2,2][0,2,2,0,2,2][1,1,3,3,0,0][3,3,3,3,0,0]
1883 [1,3,3,1,0,0][3,1,3,1,0,0][0,2,2,0,2,2][0,2,2,0,2,2][1,3,1,3,0,0][3,1,1,3,0,0]
1884 [1,3,3,1,0,0][3,1,3,1,0,0][0,2,2,0,2,2][0,2,2,0,2,2][1,3,3,1,0,0][3,1,3,1,0,0]
1885 [1,3,3,1,0,0][3,1,3,1,0,0][0,2,2,0,2,2][0,2,2,0,2,2][3,1,1,3,0,0][1,3,1,3,0,0]
1886 [1,3,3,1,0,0][3,1,3,1,0,0][0,2,2,0,2,2][0,2,2,0,2,2][3,1,3,1,0,0][1,3,3,1,0,0]
1887 [1,3,3,1,0,0][3,1,3,1,0,0][0,2,2,0,2,2][0,2,2,0,2,2][3,3,1,1,0,0][1,1,1,1,0,0]
1888 [1,3,3,1,0,0][3,1,3,1,0,0][0,2,2,0,2,2][0,2,2,0,2,2][3,3,3,3,0,0][1,1,3,3,0,0]
1889 [1,3,3,1,0,0][3,1,3,1,0,0][2,0,0,2,2,2][2,0,0,2,2,2][1,1,1,1,0,0][3,3,1,1,0,0]
1890 [1,3,3,1,0,0][3,1,3,1,0,0][2,0,0,2,2,2][2,0,0,2,2,2][1,1,3,3,0,0][3,3,3,3,0,0]
1891 [1,3,3,1,0,0][3,1,3,1,0,0][2,0,0,2,2,2][2,0,0,2,2,2][1,3,1,3,0,0][3,1,1,3,0,0]
1892 [1,3,3,1,0,0][3,1,3,1,0,0][2,0,0,2,2,2][2,0,0,2,2,2][1,3,3,1,0,0][3,1,3,1,0,0]
1893 [1,3,3,1,0,0][3,1,3,1,0,0][2,0,0,2,2,2][2,0,0,2,2,2][3,1,1,3,0,0][1,3,1,3,0,0]
1894 [1,3,3,1,0,0][3,1,3,1,0,0][2,0,0,2,2,2][2,0,0,2,2,2][3,1,3,1,0,0][1,3,3,1,0,0]
1895 [1,3,3,1,0,0][3,1,3,1,0,0][2,0,0,2,2,2][2,0,0,2,2,2][3,3,1,1,0,0][1,1,1,1,0,0]
1896 [1,3,3,1,0,0][3,1,3,1,0,0][2,0,0,2,2,2][2,0,0,2,2,2][3,3,3,3,0,0][1,1,3,3,0,0]
1907 [1,3,3,1,0,0][3,1,3,1,0,0][2,2,0,0,2,2][2,2,0,0,2,2][1,3,1,3,0,0][3,1,1,3,0,0]
1908 [1,3,3,1,0,0][3,1,3,1,0,0][2,2,0,0,2,2][2,2,0,0,2,2][1,3,3,1,0,0][3,1,3,1,0,0]
1909 [1,3,3,1,0,0][3,1,3,1,0,0][2,2,0,0,2,2][2,2,0,0,2,2][3,1,1,3,0,0][1,3,1,3,0,0]
1910 [1,3,3,1,0,0][3,1,3,1,0,0][2,2,0,0,2,2][2,2,0,0,2,2][3,1,3,1,0,0][1,3,3,1,0,0]
1938 [1,3,3,1,0,0][3,3,1,1,0,0][0,2,0,2,2,2][0,2,0,2,2,2][1,1,3,3,0,0][3,1,1,3,0,0]
1940 [1,3,3,1,0,0][3,3,1,1,0,0][0,2,0,2,2,2][0,2,0,2,2,2][1,3,3,1,0,0][3,3,1,1,0,0]
1941 [1,3,3,1,0,0][3,3,1,1,0,0][0,2,0,2,2,2][0,2,0,2,2,2][3,1,1,3,0,0][1,1,3,3,0,0]
1943 [1,3,3,1,0,0][3,3,1,1,0,0][0,2,0,2,2,2][0,2,0,2,2,2][3,3,1,1,0,0][1,3,3,1,0,0]
1945 [1,3,3,1,0,0][3,3,1,1,0,0][0,2,2,0,2,2][0,2,2,0,2,2][1,1,1,1,0,0][3,1,3,1,0,0]
1946 [1,3,3,1,0,0][3,3,1,1,0,0][0,2,2,0,2,2][0,2,2,0,2,2][1,1,3,3,0,0][3,1,1,3,0,0]
1947 [1,3,3,1,0,0][3,3,1,1,0,0][0,2,2,0,2,2][0,2,2,0,2,2][1,3,1,3,0,0][3,3,3,3,0,0]
1948 [1,3,3,1,0,0][3,3,1,1,0,0][0,2,2,0,2,2][0,2,2,0,2,2][1,3,3,1,0,0][3,3,1,1,0,0]
1949 [1,3,3,1,0,0][3,3,1,1,0,0][0,2,2,0,2,2][0,2,2,0,2,2][3,1,1,3,0,0][1,1,3,3,0,0]
1950 [1,3,3,1,0,0][3,3,1,1,0,0][0,2,2,0,2,2][0,2,2,0,2,2][3,1,3,1,0,0][1,1,1,1,0,0]
1951 [1,3,3,1,0,0][3,3,1,1,0,0][0,2,2,0,2,2][0,2,2,0,2,2][3,3,1,1,0,0][1,3,3,1,0,0]
1952 [1,3,3,1,0,0][3,3,1,1,0,0][0,2,2,0,2,2][0,2,2,0,2,2][3,3,3,3,0,0][1,3,1,3,0,0]
1953 [1,3,3,1,0,0][3,3,1,1,0,0][2,0,0,2,2,2][2,0,0,2,2,2][1,1,1,1,0,0][3,1,3,1,0,0]
1954 [1,3,3,1,0,0][3,3,1,1,0,0][2,0,0,2,2,2][2,0,0,2,2,2][1,1,3,3,0,0][3,1,1,3,0,0]
1955 [1,3,3,1,0,0][3,3,1,1,0,0][2,0,0,2,2,2][2,0,0,2,2,2][1,3,1,3,0,0][3,3,3,3,0,0]
1956 [1,3,3,1,0,0][3,3,1,1,0,0][2,0,0,2,2,2][2,0,0,2,2,2][1,3,3,1,0,0][3,3,1,1,0,0]
1957 [1,3,3,1,0,0][3,3,1,1,0,0][2,0,0,2,2,2][2,0,0,2,2,2][3,1,1,3,0,0][1,1,3,3,0,0]
1958 [1,3,3,1,0,0][3,3,1,1,0,0][2,0,0,2,2,2][2,0,0,2,2,2][3,1,3,1,0,0][1,1,1,1,0,0]
1959 [1,3,3,1,0,0][3,3,1,1,0,0][2,0,0,2,2,2][2,0,0,2,2,2][3,3,1,1,0,0][1,3,3,1,0,0]
1960 [1,3,3,1,0,0][3,3,1,1,0,0][2,0,0,2,2,2][2,0,0,2,2,2][3,3,3,3,0,0][1,3,1,3,0,0]
1962 [1,3,3,1,0,0][3,3,1,1,0,0][2,0,2,0,2,2][2,0,2,0,2,2][1,1,3,3,0,0][3,1,1,3,0,0]
1964 [1,3,3,1,0,0][3,3,1,1,0,0][2,0,2,0,2,2][2,0,2,0,2,2][1,3,3,1,0,0][3,3,1,1,0,0]
1965 [1,3,3,1,0,0][3,3,1,1,0,0][2,0,2,0,2,2][2,0,2,0,2,2][3,1,1,3,0,0][1,1,3,3,0,0]
1967 [1,3,3,1,0,0][3,3,1,1,0,0][2,0,2,0,2,2][2,0,2,0,2,2][3,3,1,1,0,0][1,3,3,1,0,0]
2009 [1,3,3,1,0,0][3,3,3,3,0,0][0,2,2,0,2,2][0,2,2,0,2,2][1,1,1,1,0,0][3,1,1,3,0,0]
2010 [1,3,3,1,0,0][3,3,3,3,0,0][0,2,2,0,2,2][0,2,2,0,2,2][1,1,3,3,0,0][3,1,3,1,0,0]
2011 [1,3,3,1,0,0][3,3,3,3,0,0][0,2,2,0,2,2][0,2,2,0,2,2][1,3,1,3,0,0][3,3,1,1,0,0]
2012 [1,3,3,1,0,0][3,3,3,3,0,0][0,2,2,0,2,2][0,2,2,0,2,2][1,3,3,1,0,0][3,3,3,3,0,0]
2013 [1,3,3,1,0,0][3,3,3,3,0,0][0,2,2,0,2,2][0,2,2,0,2,2][3,1,1,3,0,0][1,1,1,1,0,0]
2014 [1,3,3,1,0,0][3,3,3,3,0,0][0,2,2,0,2,2][0,2,2,0,2,2][3,1,3,1,0,0][1,1,3,3,0,0]
2015 [1,3,3,1,0,0][3,3,3,3,0,0][0,2,2,0,2,2][0,2,2,0,2,2][3,3,1,1,0,0][1,3,1,3,0,0]
2016 [1,3,3,1,0,0][3,3,3,3,0,0][0,2,2,0,2,2][0,2,2,0,2,2][3,3,3,3,0,0][1,3,3,1,0,0]
2017 [1,3,3,1,0,0][3,3,3,3,0,0][2,0,0,2,2,2][2,0,0,2,2,2][1,1,1,1,0,0][3,1,1,3,0,0]
2018 [1,3,3,1,0,0][3,3,3,3,0,0][2,0,0,2,2,2][2,0,0,2,2,2][1,1,3,3,0,0][3,1,3,1,0,0]
2019 [1,3,3,1,0,0][3,3,3,3,0,0][2,0,0,2,2,2][2,0,0,2,2,2][1,3,1,3,0,0][3,3,1,1,0,0]
2020 [1,3,3,1,0,0][3,3,3,3,0,0][2,0,0,2,2,2][2,0,0,2,2,2][1,3,3,1,0,0][3,3,3,3,0,0]
2021 [1,3,3,1,0,0][3,3,3,3,0,0][2,0,0,2,2,2][2,0,0,2,2,2][3,1,1,3,0,0][1,1,1,1,0,0]
2022 [1,3,3,1,0,0][3,3,3,3,0,0][2,0,0,2,2,2][2,0,0,2,2,2][3,1,3,1,0,0][1,1,3,3,0,0]
2023 [1,3,3,1,0,0][3,3,3,3,0,0][2,0,0,2,2,2][2,0,0,2,2,2][3,3,1,1,0,0][1,3,1,3,0,0]
2024 [1,3,3,1,0,0][3,3,3,3,0,0][2,0,0,2,2,2][2,0,0,2,2,2][3,3,3,3,0,0][1,3,3,1,0,0]
2073 [3,1,1,3,0,0][1,1,1,1,0,0][0,2,2,0,2,2][0,2,2,0,2,2][1,1,1,1,0,0][3,1,1,3,0,0]
2074 [3,1,1,3,0,0][1,1,1,1,0,0][0,2,2,0,2,2][0,2,2,0,2,2][1,1,3,3,0,0][3,1,3,1,0,0]
2075 [3,1,1,3,0,0][1,1,1,1,0,0][0,2,2,0,2,2][0,2,2,0,2,2][1,3,1,3,0,0][3,3,1,1,0,0]
2076 [3,1,1,3,0,0][1,1,1,1,0,0][0,2,2,0,2,2][0,2,2,0,2,2][1,3,3,1,0,0][3,3,3,3,0,0]
2077 [3,1,1,3,0,0][1,1,1,1,0,0][0,2,2,0,2,2][0,2,2,0,2,2][3,1,1,3,0,0][1,1,1,1,0,0]
2078 [3,1,1,3,0,0][1,1,1,1,0,0][0,2,2,0,2,2][0,2,2,0,2,2][3,1,3,1,0,0][1,1,3,3,0,0]
2079 [3,1,1,3,0,0][1,1,1,1,0,0][0,2,2,0,2,2][0,2,2,0,2,2][3,3,1,1,0,0][1,3,1,3,0,0]
2080 [3,1,1,3,0,0][1,1,1,1,0,0][0,2,2,0,2,2][0,2,2,0,2,2][3,3,3,3,0,0][1,3,3,1,0,0]
2081 [3,1,1,3,0,0][1,1,1,1,0,0][2,0,0,2,2,2][2,0,0,2,2,2][1,1,1,1,0,0][3,1,1,3,0,0]
2082 [3,1,1,3,0,0][1,1,1,1,0,0][2,0,0,2,2,2][2,0,0,2,2,2][1,1,3,3,0,0][3,1,3,1,0,0]
2083 [3,1,1,3,0,0][1,1,1,1,0,0][2,0,0,2,2,2][2,0,0,2,2,2][1,3,1,3,0,0][3,3,1,1,0,0]
2084 [3,1,1,3,0,0][1,1,1,1,0,0][2,0,0,2,2,2][2,0,0,2,2,2][1,3,3,1,0,0][3,3,3,3,0,0]
2085 [3,1,1,3,0,0][1,1,1,1,0,0][2,0,0,2,2,2][2,0,0,2,2,2][3,1,1,3,0,0][1,1,1,1,0,0]
2086 [3,1,1,3,0,0][1,1,1,1,0,0][2,0,0,2,2,2][2,0,0,2,2,2][3,1,3,1,0,0][1,1,3,3,0,0]
2087 [3,1,1,3,0,0][1,1,1,1,0,0][2,0,0,2,2,2][2,0,0,2,2,2][3,3,1,1,0,0][1,3,1,3,0,0]
2088 [3,1,1,3,0,0][1,1,1,1,0,0][2,0,0,2,2,2][2,0,0,2,2,2][3,3,3,3,0,0][1,3,3,1,0,0]
2130 [3,1,1,3,0,0][1,1,3,3,0,0][0,2,0,2,2,2][0,2,0,2,2,2][1,1,3,3,0,0][3,1,1,3,0,0]
2132 [3,1,1,3,0,0][1,1,3,3,0,0][0,2,0,2,2,2][0,2,0,2,2,2][1,3,3,1,0,0][3,3,1,1,0,0]
2133 [3,1,1,3,0,0][1,1,3,3,0,0][0,2,0,2,2,2][0,2,0,2,2,2][3,1,1,3,0,0][1,1,3,3,0,0]
2135 [3,1,1,3,0,0][1,1,3,3,0,0][0,2,0,2,2,2][0,2,0,2,2,2][3,3,1,1,0,0][1,3,3,1,0,0]
2137 [3,1,1,3,0,0][1,1,3,3,0,0][0,2,2,0,2,2][0,2,2,0,2,2][1,1,1,1,0,0][3,1,3,1,0,0]
2138 [3,1,1,3,0,0][1,1,3,3,0,0][0,2,2,0,2,2][0,2,2,0,2,2][1,1,3,3,0,0][3,1,1,3,0,0]
2139 [3,1,1,3,0,0][1,1,3,3,0,0][0,2,2,0,2,2][0,2,2,0,2,2][1,3,1,3,0,0][3,3,3,3,0,0]
2140 [3,1,1,3,0,0][1,1,3,3,0,0][0,2,2,0,2,2][0,2,2,0,2,2][1,3,3,1,0,0][3,3,1,1,0,0]
2141 [3,1,1,3,0,0][1,1,3,3,0,0][0,2,2,0,2,2][0,2,2,0,2,2][3,1,1,3,0,0][1,1,3,3,0,0]
2142 [3,1,1,3,0,0][1,1,3,3,0,0][0,2,2,0,2,2][0,2,2,0,2,2][3,1,3,1,0,0][1,1,1,1,0,0]
2143 [3,1,1,3,0,0][1,1,3,3,0,0][0,2,2,0,2,2][0,2,2,0,2,2][3,3,1,1,0,0][1,3,3,1,0,0]
2144 [3,1,1,3,0,0][1,1,3,3,0,0][0,2,2,0,2,2][0,2,2,0,2,2][3,3,3,3,0,0][1,3,1,3,0,0]
2145 [3,1,1,3,0,0][1,1,3,3,0,0][2,0,0,2,2,2][2,0,0,2,2,2][1,1,1,1,0,0][3,1,3,1,0,0]
2146 [3,1,1,3,0,0][1,1,3,3,0,0][2,0,0,2,2,2][2,0,0,2,2,2][1,1,3,3,0,0][3,1,1,3,0,0]
2147 [3,1,1,3,0,0][1,1,3,3,0,0][2,0,0,2,2,2][2,0,0,2,2,2][1,3,1,3,0,0][3,3,3,3,0,0]
2148 [3,1,1,3,0,0][1,1,3,3,0,0][2,0,0,2,2,2][2,0,0,2,2,2][1,3,3,1,0,0][3,3,1,1,0,0]
2149 [3,1,1,3,0,0][1,1,3,3,0,0][2,0,0,2,2,2][2,0,0,2,2,2][3,1,1,3,0,0][1,1,3,3,0,0]
2150 [3,1,1,3,0,0][1,1,3,3,0,0][2,0,0,2,2,2][2,0,0,2,2,2][3,1,3,1,0,0][1,1,1,1,0,0]
2151 [3,1,1,3,0,0][1,1,3,3,0,0][2,0,0,2,2,2][2,0,0,2,2,2][3,3,1,1,0,0][1,3,3,1,0,0]
2152 [3,1,1,3,0,0][1,1,3,3,0,0][2,0,0,2,2,2][2,0,0,2,2,2][3,3,3,3,0,0][1,3,1,3,0,0]
2154 [3,1,1,3,0,0][1,1,3,3,0,0][2,0,2,0,2,2][2,0,2,0,2,2][1,1,3,3,0,0][3,1,1,3,0,0]
2156 [3,1,1,3,0,0][1,1,3,3,0,0][2,0,2,0,2,2][2,0,2,0,2,2][1,3,3,1,0,0][3,3,1,1,0,0]
2157 [3,1,1,3,0,0][1,1,3,3,0,0][2,0,2,0,2,2][2,0,2,0,2,2][3,1,1,3,0,0][1,1,3,3,0,0]
2159 [3,1,1,3,0,0][1,1,3,3,0,0][2,0,2,0,2,2][2,0,2,0,2,2][3,3,1,1,0,0][1,3,3,1,0,0]
2187 [3,1,1,3,0,0][1,3,1,3,0,0][0,0,2,2,2,2][0,0,2,2,2,2][1,3,1,3,0,0][3,1,1,3,0,0]
2188 [3,1,1,3,0,0][1,3,1,3,0,0][0,0,2,2,2,2][0,0,2,2,2,2][1,3,3,1,0,0][3,1,3,1,0,0]
2189 [3,1,1,3,0,0][1,3,1,3,0,0][0,0,2,2,2,2][0,0,2,2,2,2][3,1,1,3,0,0][1,3,1,3,0,0]
2190 [3,1,1,3,0,0][1,3,1,3,0,0][0,0,2,2,2,2][0,0,2,2,2,2][3,1,3,1,0,0][1,3,3,1,0,0]
2201 [3,1,1,3,0,0][1,3,1,3,0,0][0,2,2,0,2,2][0,2,2,0,2,2][1,1,1,1,0,0][3,3,1,1,0,0]
2202 [3,1,1,3,0,0][1,3,1,3,0,0][0,2,2,0,2,2][0,2,2,0,2,2][1,1,3,3,0,0][3,3,3,3,0,0]
2203 [3,1,1,3,0,0][1,3,1,3,0,0][0,2,2,0,2,2][0,2,2,0,2,2][1,3,1,3,0,0][3,1,1,3,0,0]
2204 [3,1,1,3,0,0][1,3,1,3,0,0][0,2,2,0,2,2][0,2,2,0,2,2][1,3,3,1,0,0][3,1,3,1,0,0]
2205 [3,1,1,3,0,0][1,3,1,3,0,0][0,2,2,0,2,2][0,2,2,0,2,2][3,1,1,3,0,0][1,3,1,3,0,0]
2206 [3,1,1,3,0,0][1,3,1,3,0,0][0,2,2,0,2,2][0,2,2,0,2,2][3,1,3,1,0,0][1,3,3,1,0,0]
2207 [3,1,1,3,0,0][1,3,1,3,0,0][0,2,2,0,2,2][0,2,2,0,2,2][3,3,1,1,0,0][1,1,1,1,0,0]
2208 [3,1,1,3,0,0][1,3,1,3,0,0][0,2,2,0,2,2][0,2,2,0,2,2][3,3,3,3,0,0][1,1,3,3,0,0]
2209 [3,1,1,3,0,0][1,3,1,3,0,0][2,0,0,2,2,2][2,0,0,2,2,2][1,1,1,1,0,0][3,3,1,1,0,0]
2210 [3,1,1,3,0,0][1,3,1,3,0,0][2,0,0,2,2,2][2,0,0,2,2,2][1,1,3,3,0,0][3,3,3,3,0,0]
2211 [3,1,1,3,0,0][1,3,1,3,0,0][2,0,0,2,2,2][2,0,0,2,2,2][1,3,1,3,0,0][3,1,1,3,0,0]
2212 [3,1,1,3,0,0][1,3,1,3,0,0][2,0,0,2,2,2][2,0,0,2,2,2][1,3,3,1,0,0][3,1,3,1,0,0]
2213 [3,1,1,3,0,0][1,3,1,3,0,0][2,0,0,2,2,2][2,0,0,2,2,2][3,1,1,3,0,0][1,3,1,3,0,0]
2214 [3,1,1,3,0,0][1,3,1,3,0,0][2,0,0,2,2,2][2,0,0,2,2,2][3,1,3,1,0,0][1,3,3,1,0,0]
2215 [3,1,1,3,0,0][1,3,1,3,0,0][2,0,0,2,2,2][2,0,0,2,2,2][3,3,1,1,0,0][1,1,1,1,0,0]
2216 [3,1,1,3,0,0][1,3,1,3,0,0][2,0,0,2,2,2][2,0,0,2,2,2][3,3,3,3,0,0][1,1,3,3,0,0]
2227 [3,1,1,3,0,0][1,3,1,3,0,0][2,2,0,0,2,2][2,2,0,0,2,2][1,3,1,3,0,0][3,1,1,3,0,0]
2228 [3,1,1,3,0,0][1,3,1,3,0,0][2,2,0,0,2,2][2,2,0,0,2,2][1,3,3,1,0,0][3,1,3,1,0,0]
2229 [3,1,1,3,0,0][1,3,1,3,0,0][2,2,0,0,2,2][2,2,0,0,2,2][3,1,1,3,0,0][1,3,1,3,0,0]
2230 [3,1,1,3,0,0][1,3,1,3,0,0][2,2,0,0,2,2][2,2,0,0,2,2][3,1,3,1,0,0][1,3,3,1,0,0]
2244 [3,1,1,3,0,0][1,3,3,1,0,0][0,0,0,0,2,2][0,0,0,0,2,2][1,3,3,1,0,0][3,1,1,3,0,0]
2245 [3,1,1,3,0,0][1,3,3,1,0,0][0,0,0,0,2,2][0,0,0,0,2,2][3,1,1,3,0,0][1,3,3,1,0,0]
2251 [3,1,1,3,0,0][1,3,3,1,0,0][0,0,2,2,2,2][0,0,2,2,2,2][1,3,1,3,0,0][3,1,3,1,0,0]
2252 [3,1,1,3,0,0][1,3,3,1,0,0][0,0,2,2,2,2][0,0,2,2,2,2][1,3,3,1,0,0][3,1,1,3,0,0]
2253 [3,1,1,3,0,0][1,3,3,1,0,0][0,0,2,2,2,2][0,0,2,2,2,2][3,1,1,3,0,0][1,3,3,1,0,0]
2254 [3,1,1,3,0,0][1,3,3,1,0,0][0,0,2,2,2,2][0,0,2,2,2,2][3,1,3,1,0,0][1,3,1,3,0,0]
2258 [3,1,1,3,0,0][1,3,3,1,0,0][0,2,0,2,2,2][0,2,0,2,2,2][1,1,3,3,0,0][3,3,1,1,0,0]
2260 [3,1,1,3,0,0][1,3,3,1,0,0][0,2,0,2,2,2][0,2,0,2,2,2][1,3,3,1,0,0][3,1,1,3,0,0]
2261 [3,1,1,3,0,0][1,3,3,1,0,0][0,2,0,2,2,2][0,2,0,2,2,2][3,1,1,3,0,0][1,3,3,1,0,0]
2263 [3,1,1,3,0,0][1,3,3,1,0,0][0,2,0,2,2,2][0,2,0,2,2,2][3,3,1,1,0,0][1,1,3,3,0,0]
2265 [3,1,1,3,0,0][1,3,3,1,0,0][0,2,2,0,2,2][0,2,2,0,2,2][1,1,1,1,0,0][3,3,3,3,0,0]
2266 [3,1,1,3,0,0][1,3,3,1,0,0][0,2,2,0,2,2][0,2,2,0,2,2][1,1,3,3,0,0][3,3,1,1,0,0]
2267 [3,1,1,3,0,0][1,3,3,1,0,0][0,2,2,0,2,2][0,2,2,0,2,2][1,3,1,3,0,0][3,1,3,1,0,0]
2270 [3,1,1,3,0,0][1,3,3,1,0,0][0,2,2,0,2,2][0,2,2,0,2,2][3,1,3,1,0,0][1,3,1,3,0,0]
2271 [3,1,1,3,0,0][1,3,3,1,0,0][0,2,2,0,2,2][0,2,2,0,2,2][3,3,1,1,0,0][1,1,3,3,0,0]
2272 [3,1,1,3,0,0][1,3,3,1,0,0][0,2,2,0,2,2][0,2,2,0,2,2][3,3,3,3,0,0][1,1,1,1,0,0]
2273 [3,1,1,3,0,0][1,3,3,1,0,0][2,0,0,2,2,2][2,0,0,2,2,2][1,1,1,1,0,0][3,3,3,3,0,0]
2274 [3,1,1,3,0,0][1,3,3,1,0,0][2,0,0,2,2,2][2,0,0,2,2,2][1,1,3,3,0,0][3,3,1,1,0,0]
2275 [3,1,1,3,0,0][1,3,3,1,0,0][2,0,0,2,2,2][2,0,0,2,2,2][1,3,1,3,0,0][3,1,3,1,0,0]
2278 [3,1,1,3,0,0][1,3,3,1,0,0][2,0,0,2,2,2][2,0,0,2,2,2][3,1,3,1,0,0][1,3,1,3,0,0]
2279 [3,1,1,3,0,0][1,3,3,1,0,0][2,0,0,2,2,2][2,0,0,2,2,2][3,3,1,1,0,0][1,1,3,3,0,0]
2280 [3,1,1,3,0,0][1,3,3,1,0,0][2,0,0,2,2,2][2,0,0,2,2,2][3,3,3,3,0,0][1,1,1,1,0,0]
2282 [3,1,1,3,0,0][1,3,3,1,0,0][2,0,2,0,2,2][2,0,2,0,2,2][1,1,3,3,0,0][3,3,1,1,0,0]
2284 [3,1,1,3,0,0][1,3,3,1,0,0][2,0,2,0,2,2][2,0,2,0,2,2][1,3,3,1,0,0][3,1,1,3,0,0]
2285 [3,1,1,3,0,0][1,3,3,1,0,0][2,0,2,0,2,2][2,0,2,0,2,2][3,1,1,3,0,0][1,3,3,1,0,0]
2287 [3,1,1,3,0,0][1,3,3,1,0,0][2,0,2,0,2,2][2,0,2,0,2,2][3,3,1,1,0,0][1,1,3,3,0,0]
2291 [3,1,1,3,0,0][1,3,3,1,0,0][2,2,0,0,2,2][2,2,0,0,2,2][1,3,1,3,0,0][3,1,3,1,0,0]
2292 [3,1,1,3,0,0][1,3,3,1,0,0][2,2,0,0,2,2][2,2,0,0,2,2][1,3,3,1,0,0][3,1,1,3,0,0]
2293 [3,1,1,3,0,0][1,3,3,1,0,0][2,2,0,0,2,2][2,2,0,0,2,2][3,1,1,3,0,0][1,3,3,1,0,0]
2294 [3,1,1,3,0,0][1,3,3,1,0,0][2,2,0,0,2,2][2,2,0,0,2,2][3,1,3,1,0,0][1,3,1,3,0,0]
2300 [3,1,1,3,0,0][1,3,3,1,0,0][2,2,2,2,2,2][2,2,2,2,2,2][1,3,3,1,0,0][3,1,1,3,0,0]
2301 [3,1,1,3,0,0][1,3,3,1,0,0][2,2,2,2,2,2][2,2,2,2,2,2][3,1,1,3,0,0][1,3,3,1,0,0]
2379 [3,1,1,3,0,0][3,1,3,1,0,0][0,0,2,2,2,2][0,0,2,2,2,2][1,3,1,3,0,0][1,3,3,1,0,0]
2380 [3,1,1,3,0,0][3,1,3,1,0,0][0,0,2,2,2,2][0,0,2,2,2,2][1,3,3,1,0,0][1,3,1,3,0,0]
2381 [3,1,1,3,0,0][3,1,3,1,0,0][0,0,2,2,2,2][0,0,2,2,2,2][3,1,1,3,0,0][3,1,3,1,0,0]
2382 [3,1,1,3,0,0][3,1,3,1,0,0][0,0,2,2,2,2][0,0,2,2,2,2][3,1,3,1,0,0][3,1,1,3,0,0]
2393 [3,1,1,3,0,0][3,1,3,1,0,0][0,2,2,0,2,2][0,2,2,0,2,2][1,1,1,1,0,0][1,1,3,3,0,0]
2394 [3,1,1,3,0,0][3,1,3,1,0,0][0,2,2,0,2,2][0,2,2,0,2,2][1,1,3,3,0,0][1,1,1,1,0,0]
2395 [3,1,1,3,0,0][3,1,3,1,0,0][0,2,2,0,2,2][0,2,2,0,2,2][1,3,1,3,0,0][1,3,3,1,0,0]
2396 [3,1,1,3,0,0][3,1,3,1,0,0][0,2,2,0,2,2][0,2,2,0,2,2][1,3,3,1,0,0][1,3,1,3,0,0]
2397 [3,1,1,3,0,0][3,1,3,1,0,0][0,2,2,0,2,2][0,2,2,0,2,2][3,1,1,3,0,0][3,1,3,1,0,0]
2398 [3,1,1,3,0,0][3,1,3,1,0,0][0,2,2,0,2,2][0,2,2,0,2,2][3,1,3,1,0,0][3,1,1,3,0,0]
2399 [3,1,1,3,0,0][3,1,3,1,0,0][0,2,2,0,2,2][0,2,2,0,2,2][3,3,1,1,0,0][3,3,3,3,0,0]
2400 [3,1,1,3,0,0][3,1,3,1,0,0][0,2,2,0,2,2][0,2,2,0,2,2][3,3,3,3,0,0][3,3,1,1,0,0]
2401 [3,1,1,3,0,0][3,1,3,1,0,0][2,0,0,2,2,2][2,0,0,2,2,2][1,1,1,1,0,0][1,1,3,3,0,0]
2402 [3,1,1,3,0,0][3,1,3,1,0,0][2,0,0,2,2,2][2,0,0,2,2,2][1,1,3,3,0,0][1,1,1,1,0,0]
2403 [3,1,1,3,0,0][3,1,3,1,0,0][2,0,0,2,2,2][2,0,0,2,2,2][1,3,1,3,0,0][1,3,3,1,0,0]
2404 [3,1,1,3,0,0][3,1,3,1,0,0][2,0,0,2,2,2][2,0,0,2,2,2][1,3,3,1,0,0][1,3,1,3,0,0]
2405 [3,1,1,3,0,0][3,1,3,1,0,0][2,0,0,2,2,2][2,0,0,2,2,2][3,1,1,3,0,0][3,1,3,1,0,0]
2406 [3,1,1,3,0,0][3,1,3,1,0,0][2,0,0,2,2,2][2,0,0,2,2,2][3,1,3,1,0,0][3,1,1,3,0,0]
2407 [3,1,1,3,0,0][3,1,3,1,0,0][2,0,0,2,2,2][2,0,0,2,2,2][3,3,1,1,0,0][3,3,3,3,0,0]
2408 [3,1,1,3,0,0][3,1,3,1,0,0][2,0,0,2,2,2][2,0,0,2,2,2][3,3,3,3,0,0][3,3,1,1,0,0]
2419 [3,1,1,3,0,0][3,1,3,1,0,0][2,2,0,0,2,2][2,2,0,0,2,2][1,3,1,3,0,0][1,3,3,1,0,0]
2420 [3,1,1,3,0,0][3,1,3,1,0,0][2,2,0,0,2,2][2,2,0,0,2,2][1,3,3,1,0,0][1,3,1,3,0,0]
2421 [3,1,1,3,0,0][3,1,3,1,0,0][2,2,0,0,2,2][2,2,0,0,2,2][3,1,1,3,0,0][3,1,3,1,0,0]
2422 [3,1,1,3,0,0][3,1,3,1,0,0][2,2,0,0,2,2][2,2,0,0,2,2][3,1,3,1,0,0][3,1,1,3,0,0]
2450 [3,1,1,3,0,0][3,3,1,1,0,0][0,2,0,2,2,2][0,2,0,2,2,2][1,1,3,3,0,0][1,3,3,1,0,0]
2452 [3,1,1,3,0,0][3,3,1,1,0,0][0,2,0,2,2,2][0,2,0,2,2,2][1,3,3,1,0,0][1,1,3,3,0,0]
2453 [3,1,1,3,0,0][3,3,1,1,0,0][0,2,0,2,2,2][0,2,0,2,2,2][3,1,1,3,0,0][3,3,1,1,0,0]
2455 [3,1,1,3,0,0][3,3,1,1,0,0][0,2,0,2,2,2][0,2,0,2,2,2][3,3,1,1,0,0][3,1,1,3,0,0]
2457 [3,1,1,3,0,0][3,3,1,1,0,0][0,2,2,0,2,2][0,2,2,0,2,2][1,1,1,1,0,0][1,3,1,3,0,0]
2458 [3,1,1,3,0,0][3,3,1,1,0,0][0,2,2,0,2,2][0,2,2,0,2,2][1,1,3,3,0,0][1,3,3,1,0,0]
2459 [3,1,1,3,0,0][3,3,1,1,0,0][0,2,2,0,2,2][0,2,2,0,2,2][1,3,1,3,0,0][1,1,1,1,0,0]
2460 [3,1,1,3,0,0][3,3,1,1,0,0][0,2,2,0,2,2][0,2,2,0,2,2][1,3,3,1,0,0][1,1,3,3,0,0]
2461 [3,1,1,3,0,0][3,3,1,1,0,0][0,2,2,0,2,2][0,2,2,0,2,2][3,1,1,3,0,0][3,3,1,1,0,0]
2462 [3,1,1,3,0,0][3,3,1,1,0,0][0,2,2,0,2,2][0,2,2,0,2,2][3,1,3,1,0,0][3,3,3,3,0,0]
2463 [3,1,1,3,0,0][3,3,1,1,0,0][0,2,2,0,2,2][0,2,2,0,2,2][3,3,1,1,0,0][3,1,1,3,0,0]
2464 [3,1,1,3,0,0][3,3,1,1,0,0][0,2,2,0,2,2][0,2,2,0,2,2][3,3,3,3,0,0][3,1,3,1,0,0]
2465 [3,1,1,3,0,0][3,3,1,1,0,0][2,0,0,2,2,2][2,0,0,2,2,2][1,1,1,1,0,0][1,3,1,3,0,0]
2466 [3,1,1,3,0,0][3,3,1,1,0,0][2,0,0,2,2,2][2,0,0,2,2,2][1,1,3,3,0,0][1,3,3,1,0,0]
2467 [3,1,1,3,0,0][3,3,1,1,0,0][2,0,0,2,2,2][2,0,0,2,2,2][1,3,1,3,0,0][1,1,1,1,0,0]
2468 [3,1,1,3,0,0][3,3,1,1,0,0][2,0,0,2,2,2][2,0,0,2,2,2][1,3,3,1,0,0][1,1,3,3,0,0]
2469 [3,1,1,3,0,0][3,3,1,1,0,0][2,0,0,2,2,2][2,0,0,2,2,2][3,1,1,3,0,0][3,3,1,1,0,0]
2470 [3,1,1,3,0,0][3,3,1,1,0,0][2,0,0,2,2,2][2,0,0,2,2,2][3,1,3,1,0,0][3,3,3,3,0,0]
2471 [3,1,1,3,0,0][3,3,1,1,0,0][2,0,0,2,2,2][2,0,0,2,2,2][3,3,1,1,0,0][3,1,1,3,0,0]
2472 [3,1,1,3,0,0][3,3,1,1,0,0][2,0,0,2,2,2][2,0,0,2,2,2][3,3,3,3,0,0][3,1,3,1,0,0]
2474 [3,1,1,3,0,0][3,3,1,1,0,0][2,0,2,0,2,2][2,0,2,0,2,2][1,1,3,3,0,0][1,3,3,1,0,0]
2476 [3,1,1,3,0,0][3,3,1,1,0,0][2,0,2,0,2,2][2,0,2,0,2,2][1,3,3,1,0,0][1,1,3,3,0,0]
2477 [3,1,1,3,0,0][3,3,1,1,0,0][2,0,2,0,2,2][2,0,2,0,2,2][3,1,1,3,0,0][3,3,1,1,0,0]
2479 [3,1,1,3,0,0][3,3,1,1,0,0][2,0,2,0,2,2][2,0,2,0,2,2][3,3,1,1,0,0][3,1,1,3,0,0]
2521 [3,1,1,3,0,0][3,3,3,3,0,0][0,2,2,0,2,2][0,2,2,0,2,2][1,1,1,1,0,0][1,3,3,1,0,0]
2522 [3,1,1,3,0,0][3,3,3,3,0,0][0,2,2,0,2,2][0,2,2,0,2,2][1,1,3,3,0,0][1,3,1,3,0,0]
2523 [3,1,1,3,0,0][3,3,3,3,0,0][0,2,2,0,2,2][0,2,2,0,2,2][1,3,1,3,0,0][1,1,3,3,0,0]
2524 [3,1,1,3,0,0][3,3,3,3,0,0][0,2,2,0,2,2][0,2,2,0,2,2][1,3,3,1,0,0][1,1,1,1,0,0]
2525 [3,1,1,3,0,0][3,3,3,3,0,0][0,2,2,0,2,2][0,2,2,0,2,2][3,1,1,3,0,0][3,3,3,3,0,0]
2526 [3,1,1,3,0,0][3,3,3,3,0,0][0,2,2,0,2,2][0,2,2,0,2,2][3,1,3,1,0,0][3,3,1,1,0,0]
2527 [3,1,1,3,0,0][3,3,3,3,0,0][0,2,2,0,2,2][0,2,2,0,2,2][3,3,1,1,0,0][3,1,3,1,0,0]
2528 [3,1,1,3,0,0][3,3,3,3,0,0][0,2,2,0,2,2][0,2,2,0,2,2][3,3,3,3,0,0][3,1,1,3,0,0]
2529 [3,1,1,3,0,0][3,3,3,3,0,0][2,0,0,2,2,2][2,0,0,2,2,2][1,1,1,1,0,0][1,3,3,1,0,0]
2530 [3,1,1,3,0,0][3,3,3,3,0,0][2,0,0,2,2,2][2,0,0,2,2,2][1,1,3,3,0,0][1,3,1,3,0,0]
2531 [3,1,1,3,0,0][3,3,3,3,0,0][2,0,0,2,2,2][2,0,0,2,2,2][1,3,1,3,0,0][1,1,3,3,0,0]
2532 [3,1,1,3,0,0][3,3,3,3,0,0][2,0,0,2,2,2][2,0,0,2,2,2][1,3,3,1,0,0][1,1,1,1,0,0]
2533 [3,1,1,3,0,0][3,3,3,3,0,0][2,0,0,2,2,2][2,0,0,2,2,2][3,1,1,3,0,0][3,3,3,3,0,0]
2534 [3,1,1,3,0,0][3,3,3,3,0,0][2,0,0,2,2,2][2,0,0,2,2,2][3,1,3,1,0,0][3,3,1,1,0,0]
2535 [3,1,1,3,0,0][3,3,3,3,0,0][2,0,0,2,2,2][2,0,0,2,2,2][3,3,1,1,0,0][3,1,3,1,0,0]
2536 [3,1,1,3,0,0][3,3,3,3,0,0][2,0,0,2,2,2][2,0,0,2,2,2][3,3,3,3,0,0][3,1,1,3,0,0]
2586 [3,1,3,1,0,0][1,1,1,1,0,0][0,2,2,0,2,2][0,2,2,0,2,2][1,1,3,3,0,0][3,1,1,3,0,0]
2588 [3,1,3,1,0,0][1,1,1,1,0,0][0,2,2,0,2,2][0,2,2,0,2,2][1,3,3,1,0,0][3,3,1,1,0,0]
2589 [3,1,3,1,0,0][1,1,1,1,0,0][0,2,2,0,2,2][0,2,2,0,2,2][3,1,1,3,0,0][1,1,3,3,0,0]
2591 [3,1,3,1,0,0][1,1,1,1,0,0][0,2,2,0,2,2][0,2,2,0,2,2][3,3,1,1,0,0][1,3,3,1,0,0]
2594 [3,1,3,1,0,0][1,1,1,1,0,0][2,0,0,2,2,2][2,0,0,2,2,2][1,1,3,3,0,0][3,1,1,3,0,0]
2596 [3,1,3,1,0,0][1,1,1,1,0,0][2,0,0,2,2,2][2,0,0,2,2,2][1,3,3,1,0,0][3,3,1,1,0,0]
2597 [3,1,3,1,0,0][1,1,1,1,0,0][2,0,0,2,2,2][2,0,0,2,2,2][3,1,1,3,0,0][1,1,3,3,0,0]
2599 [3,1,3,1,0,0][1,1,1,1,0,0][2,0,0,2,2,2][2,0,0,2,2,2][3,3,1,1,0,0][1,3,3,1,0,0]
2649 [3,1,3,1,0,0][1,1,3,3,0,0][0,2,2,0,2,2][0,2,2,0,2,2][1,1,1,1,0,0][3,1,1,3,0,0]
2650 [3,1,3,1,0,0][1,1,3,3,0,0][0,2,2,0,2,2][0,2,2,0,2,2][1,1,3,3,0,0][3,1,3,1,0,0]
2651 [3,1,3,1,0,0][1,1,3,3,0,0][0,2,2,0,2,2][0,2,2,0,2,2][1,3,1,3,0,0][3,3,1,1,0,0]
2652 [3,1,3,1,0,0][1,1,3,3,0,0][0,2,2,0,2,2][0,2,2,0,2,2][1,3,3,1,0,0][3,3,3,3,0,0]
2653 [3,1,3,1,0,0][1,1,3,3,0,0][0,2,2,0,2,2][0,2,2,0,2,2][3,1,1,3,0,0][1,1,1,1,0,0]
2654 [3,1,3,1,0,0][1,1,3,3,0,0][0,2,2,0,2,2][0,2,2,0,2,2][3,1,3,1,0,0][1,1,3,3,0,0]
2655 [3,1,3,1,0,0][1,1,3,3,0,0][0,2,2,0,2,2][0,2,2,0,2,2][3,3,1,1,0,0][1,3,1,3,0,0]
2656 [3,1,3,1,0,0][1,1,3,3,0,0][0,2,2,0,2,2][0,2,2,0,2,2][3,3,3,3,0,0][1,3,3,1,0,0]
2657 [3,1,3,1,0,0][1,1,3,3,0,0][2,0,0,2,2,2][2,0,0,2,2,2][1,1,1,1,0,0][3,1,1,3,0,0]
2658 [3,1,3,1,0,0][1,1,3,3,0,0][2,0,0,2,2,2][2,0,0,2,2,2][1,1,3,3,0,0][3,1,3,1,0,0]
2659 [3,1,3,1,0,0][1,1,3,3,0,0][2,0,0,2,2,2][2,0,0,2,2,2][1,3,1,3,0,0][3,3,1,1,0,0]
2660 [3,1,3,1,0,0][1,1,3,3,0,0][2,0,0,2,2,2][2,0,0,2,2,2][1,3,3,1,0,0][3,3,3,3,0,0]
2661 [3,1,3,1,0,0][1,1,3,3,0,0][2,0,0,2,2,2][2,0,0,2,2,2][3,1,1,3,0,0][1,1,1,1,0,0]
2662 [3,1,3,1,0,0][1,1,3,3,0,0][2,0,0,2,2,2][2,0,0,2,2,2][3,1,3,1,0,0][1,1,3,3,0,0]
2663 [3,1,3,1,0,0][1,1,3,3,0,0][2,0,0,2,2,2][2,0,0,2,2,2][3,3,1,1,0,0][1,3,1,3,0,0]
2664 [3,1,3,1,0,0][1,1,3,3,0,0][2,0,0,2,2,2][2,0,0,2,2,2][3,3,3,3,0,0][1,3,3,1,0,0]
2700 [3,1,3,1,0,0][1,3,1,3,0,0][0,0,2,2,2,2][0,0,2,2,2,2][1,3,3,1,0,0][3,1,1,3,0,0]
2701 [3,1,3,1,0,0][1,3,1,3,0,0][0,0,2,2,2,2][0,0,2,2,2,2][3,1,1,3,0,0][1,3,3,1,0,0]
2714 [3,1,3,1,0,0][1,3,1,3,0,0][0,2,2,0,2,2][0,2,2,0,2,2][1,1,3,3,0,0][3,3,1,1,0,0]
2716 [3,1,3,1,0,0][1,3,1,3,0,0][0,2,2,0,2,2][0,2,2,0,2,2][1,3,3,1,0,0][3,1,1,3,0,0]
2717 [3,1,3,1,0,0][1,3,1,3,0,0][0,2,2,0,2,2][0,2,2,0,2,2][3,1,1,3,0,0][1,3,3,1,0,0]
2719 [3,1,3,1,0,0][1,3,1,3,0,0][0,2,2,0,2,2][0,2,2,0,2,2][3,3,1,1,0,0][1,1,3,3,0,0]
2722 [3,1,3,1,0,0][1,3,1,3,0,0][2,0,0,2,2,2][2,0,0,2,2,2][1,1,3,3,0,0][3,3,1,1,0,0]
2724 [3,1,3,1,0,0][1,3,1,3,0,0][2,0,0,2,2,2][2,0,0,2,2,2][1,3,3,1,0,0][3,1,1,3,0,0]
2725 [3,1,3,1,0,0][1,3,1,3,0,0][2,0,0,2,2,2][2,0,0,2,2,2][3,1,1,3,0,0][1,3,3,1,0,0]
2727 [3,1,3,1,0,0][1,3,1,3,0,0][2,0,0,2,2,2][2,0,0,2,2,2][3,3,1,1,0,0][1,1,3,3,0,0]
2740 [3,1,3,1,0,0][1,3,1,3,0,0][2,2,0,0,2,2][2,2,0,0,2,2][1,3,3,1,0,0][3,1,1,3,0,0]
2741 [3,1,3,1,0,0][1,3,1,3,0,0][2,2,0,0,2,2][2,2,0,0,2,2][3,1,1,3,0,0][1,3,3,1,0,0]
2763 [3,1,3,1,0,0][1,3,3,1,0,0][0,0,2,2,2,2][0,0,2,2,2,2][1,3,1,3,0,0][3,1,1,3,0,0]
2764 [3,1,3,1,0,0][1,3,3,1,0,0][0,0,2,2,2,2][0,0,2,2,2,2][1,3,3,1,0,0][3,1,3,1,0,0]
2765 [3,1,3,1,0,0][1,3,3,1,0,0][0,0,2,2,2,2][0,0,2,2,2,2][3,1,1,3,0,0][1,3,1,3,0,0]
2766 [3,1,3,1,0,0][1,3,3,1,0,0][0,0,2,2,2,2][0,0,2,2,2,2][3,1,3,1,0,0][1,3,3,1,0,0]
2777 [3,1,3,1,0,0][1,3,3,1,0,0][0,2,2,0,2,2][0,2,2,0,2,2][1,1,1,1,0,0][3,3,1,1,0,0]
2778 [3,1,3,1,0,0][1,3,3,1,0,0][0,2,2,0,2,2][0,2,2,0,2,2][1,1,3,3,0,0][3,3,3,3,0,0]
2779 [3,1,3,1,0,0][1,3,3,1,0,0][0,2,2,0,2,2][0,2,2,0,2,2][1,3,1,3,0,0][3,1,1,3,0,0]
2780 [3,1,3,1,0,0][1,3,3,1,0,0][0,2,2,0,2,2][0,2,2,0,2,2][1,3,3,1,0,0][3,1,3,1,0,0]
2781 [3,1,3,1,0,0][1,3,3,1,0,0][0,2,2,0,2,2][0,2,2,0,2,2][3,1,1,3,0,0][1,3,1,3,0,0]
2782 [3,1,3,1,0,0][1,3,3,1,0,0][0,2,2,0,2,2][0,2,2,0,2,2][3,1,3,1,0,0][1,3,3,1,0,0]
2783 [3,1,3,1,0,0][1,3,3,1,0,0][0,2,2,0,2,2][0,2,2,0,2,2][3,3,1,1,0,0][1,1,1,1,0,0]
2784 [3,1,3,1,0,0][1,3,3,1,0,0][0,2,2,0,2,2][0,2,2,0,2,2][3,3,3,3,0,0][1,1,3,3,0,0]
2785 [3,1,3,1,0,0][1,3,3,1,0,0][2,0,0,2,2,2][2,0,0,2,2,2][1,1,1,1,0,0][3,3,1,1,0,0]
2786 [3,1,3,1,0,0][1,3,3,1,0,0][2,0,0,2,2,2][2,0,0,2,2,2][1,1,3,3,0,0][3,3,3,3,0,0]
2787 [3,1,3,1,0,0][1,3,3,1,0,0][2,0,0,2,2,2][2,0,0,2,2,2][1,3,1,3,0,0][3,1,1,3,0,0]
2788 [3,1,3,1,0,0][1,3,3,1,0,0][2,0,0,2,2,2][2,0,0,2,2,2][1,3,3,1,0,0][3,1,3,1,0,0]
2789 [3,1,3,1,0,0][1,3,3,1,0,0][2,0,0,2,2,2][2,0,0,2,2,2][3,1,1,3,0,0][1,3,1,3,0,0]
2790 [3,1,3,1,0,0][1,3,3,1,0,0][2,0,0,2,2,2][2,0,0,2,2,2][3,1,3,1,0,0][1,3,3,1,0,0]
2791 [3,1,3,1,0,0][1,3,3,1,0,0][2,0,0,2,2,2][2,0,0,2,2,2][3,3,1,1,0,0][1,1,1,1,0,0]
2792 [3,1,3,1,0,0][1,3,3,1,0,0][2,0,0,2,2,2][2,0,0,2,2,2][3,3,3,3,0,0][1,1,3,3,0,0]
2803 [3,1,3,1,0,0][1,3,3,1,0,0][2,2,0,0,2,2][2,2,0,0,2,2][1,3,1,3,0,0][3,1,1,3,0,0]
2804 [3,1,3,1,0,0][1,3,3,1,0,0][2,2,0,0,2,2][2,2,0,0,2,2][1,3,3,1,0,0][3,1,3,1,0,0]
2805 [3,1,3,1,0,0][1,3,3,1,0,0][2,2,0,0,2,2][2,2,0,0,2,2][3,1,1,3,0,0][1,3,1,3,0,0]
2806 [3,1,3,1,0,0][1,3,3,1,0,0][2,2,0,0,2,2][2,2,0,0,2,2][3,1,3,1,0,0][1,3,3,1,0,0]
2827 [3,1,3,1,0,0][3,1,1,3,0,0][0,0,2,2,2,2][0,0,2,2,2,2][1,3,1,3,0,0][1,3,3,1,0,0]
2828 [3,1,3,1,0,0][3,1,1,3,0,0][0,0,2,2,2,2][0,0,2,2,2,2][1,3,3,1,0,0][1,3,1,3,0,0]
2829 [3,1,3,1,0,0][3,1,1,3,0,0][0,0,2,2,2,2][0,0,2,2,2,2][3,1,1,3,0,0][3,1,3,1,0,0]
2830 [3,1,3,1,0,0][3,1,1,3,0,0][0,0,2,2,2,2][0,0,2,2,2,2][3,1,3,1,0,0][3,1,1,3,0,0]
2841 [3,1,3,1,0,0][3,1,1,3,0,0][0,2,2,0,2,2][0,2,2,0,2,2][1,1,1,1,0,0][1,1,3,3,0,0]
2842 [3,1,3,1,0,0][3,1,1,3,0,0][0,2,2,0,2,2][0,2,2,0,2,2][1,1,3,3,0,0][1,1,1,1,0,0]
2843 [3,1,3,1,0,0][3,1,1,3,0,0][0,2,2,0,2,2][0,2,2,0,2,2][1,3,1,3,0,0][1,3,3,1,0,0]
2844 [3,1,3,1,0,0][3,1,1,3,0,0][0,2,2,0,2,2][0,2,2,0,2,2][1,3,3,1,0,0][1,3,1,3,0,0]
2845 [3,1,3,1,0,0][3,1,1,3,0,0][0,2,2,0,2,2][0,2,2,0,2,2][3,1,1,3,0,0][3,1,3,1,0,0]
2846 [3,1,3,1,0,0][3,1,1,3,0,0][0,2,2,0,2,2][0,2,2,0,2,2][3,1,3,1,0,0][3,1,1,3,0,0]
2847 [3,1,3,1,0,0][3,1,1,3,0,0][0,2,2,0,2,2][0,2,2,0,2,2][3,3,1,1,0,0][3,3,3,3,0,0]
2848 [3,1,3,1,0,0][3,1,1,3,0,0][0,2,2,0,2,2][0,2,2,0,2,2][3,3,3,3,0,0][3,3,1,1,0,0]
2849 [3,1,3,1,0,0][3,1,1,3,0,0][2,0,0,2,2,2][2,0,0,2,2,2][1,1,1,1,0,0][1,1,3,3,0,0]
2850 [3,1,3,1,0,0][3,1,1,3,0,0][2,0,0,2,2,2][2,0,0,2,2,2][1,1,3,3,0,0][1,1,1,1,0,0]
2851 [3,1,3,1,0,0][3,1,1,3,0,0][2,0,0,2,2,2][2,0,0,2,2,2][1,3,1,3,0,0][1,3,3,1,0,0]
2852 [3,1,3,1,0,0][3,1,1,3,0,0][2,0,0,2,2,2][2,0,0,2,2,2][1,3,3,1,0,0][1,3,1,3,0,0]
2853 [3,1,3,1,0,0][3,1,1,3,0,0][2,0,0,2,2,2][2,0,0,2,2,2][3,1,1,3,0,0][3,1,3,1,0,0]
2854 [3,1,3,1,0,0][3,1,1,3,0,0][2,0,0,2,2,2][2,0,0,2,2,2][3,1,3,1,0,0][3,1,1,3,0,0]
2855 [3,1,3,1,0,0][3,1,1,3,0,0][2,0,0,2,2,2][2,0,0,2,2,2][3,3,1,1,0,0][3,3,3,3,0,0]
2856 [3,1,3,1,0,0][3,1,1,3,0,0][2,0,0,2,2,2][2,0,0,2,2,2][3,3,3,3,0,0][3,3,1,1,0,0]
2867 [3,1,3,1,0,0][3,1,1,3,0,0][2,2,0,0,2,2][2,2,0,0,2,2][1,3,1,3,0,0][1,3,3,1,0,0]
2868 [3,1,3,1,0,0][3,1,1,3,0,0][2,2,0,0,2,2][2,2,0,0,2,2][1,3,3,1,0,0][1,3,1,3,0,0]
2869 [3,1,3,1,0,0][3,1,1,3,0,0][2,2,0,0,2,2][2,2,0,0,2,2][3,1,1,3,0,0][3,1,3,1,0,0]
2870 [3,1,3,1,0,0][3,1,1,3,0,0][2,2,0,0,2,2][2,2,0,0,2,2][3,1,3,1,0,0][3,1,1,3,0,0]
2969 [3,1,3,1,0,0][3,3,1,1,0,0][0,2,2,0,2,2][0,2,2,0,2,2][1,1,1,1,0,0][1,3,3,1,0,0]
2970 [3,1,3,1,0,0][3,3,1,1,0,0][0,2,2,0,2,2][0,2,2,0,2,2][1,1,3,3,0,0][1,3,1,3,0,0]
2971 [3,1,3,1,0,0][3,3,1,1,0,0][0,2,2,0,2,2][0,2,2,0,2,2][1,3,1,3,0,0][1,1,3,3,0,0]
2972 [3,1,3,1,0,0][3,3,1,1,0,0][0,2,2,0,2,2][0,2,2,0,2,2][1,3,3,1,0,0][1,1,1,1,0,0]
2973 [3,1,3,1,0,0][3,3,1,1,0,0][0,2,2,0,2,2][0,2,2,0,2,2][3,1,1,3,0,0][3,3,3,3,0,0]
2974 [3,1,3,1,0,0][3,3,1,1,0,0][0,2,2,0,2,2][0,2,2,0,2,2][3,1,3,1,0,0][3,3,1,1,0,0]
2975 [3,1,3,1,0,0][3,3,1,1,0,0][0,2,2,0,2,2][0,2,2,0,2,2][3,3,1,1,0,0][3,1,3,1,0,0]
2976 [3,1,3,1,0,0][3,3,1,1,0,0][0,2,2,0,2,2][0,2,2,0,2,2][3,3,3,3,0,0][3,1,1,3,0,0]
2977 [3,1,3,1,0,0][3,3,1,1,0,0][2,0,0,2,2,2][2,0,0,2,2,2][1,1,1,1,0,0][1,3,3,1,0,0]
2978 [3,1,3,1,0,0][3,3,1,1,0,0][2,0,0,2,2,2][2,0,0,2,2,2][1,1,3,3,0,0][1,3,1,3,0,0]
2979 [3,1,3,1,0,0][3,3,1,1,0,0][2,0,0,2,2,2][2,0,0,2,2,2][1,3,1,3,0,0][1,1,3,3,0,0]
2980 [3,1,3,1,0,0][3,3,1,1,0,0][2,0,0,2,2,2][2,0,0,2,2,2][1,3,3,1,0,0][1,1,1,1,0,0]
2981 [3,1,3,1,0,0][3,3,1,1,0,0][2,0,0,2,2,2][2,0,0,2,2,2][3,1,1,3,0,0][3,3,3,3,0,0]
2982 [3,1,3,1,0,0][3,3,1,1,0,0][2,0,0,2,2,2][2,0,0,2,2,2][3,1,3,1,0,0][3,3,1,1,0,0]
2983 [3,1,3,1,0,0][3,3,1,1,0,0][2,0,0,2,2,2][2,0,0,2,2,2][3,3,1,1,0,0][3,1,3,1,0,0]
2984 [3,1,3,1,0,0][3,3,1,1,0,0][2,0,0,2,2,2][2,0,0,2,2,2][3,3,3,3,0,0][3,1,1,3,0,0]
3034 [3,1,3,1,0,0][3,3,3,3,0,0][0,2,2,0,2,2][0,2,2,0,2,2][1,1,3,3,0,0][1,3,3,1,0,0]
3036 [3,1,3,1,0,0][3,3,3,3,0,0][0,2,2,0,2,2][0,2,2,0,2,2][1,3,3,1,0,0][1,1,3,3,0,0]
3037 [3,1,3,1,0,0][3,3,3,3,0,0][0,2,2,0,2,2][0,2,2,0,2,2][3,1,1,3,0,0][3,3,1,1,0,0]
3039 [3,1,3,1,0,0][3,3,3,3,0,0][0,2,2,0,2,2][0,2,2,0,2,2][3,3,1,1,0,0][3,1,1,3,0,0]
3042 [3,1,3,1,0,0][3,3,3,3,0,0][2,0,0,2,2,2][2,0,0,2,2,2][1,1,3,3,0,0][1,3,3,1,0,0]
3044 [3,1,3,1,0,0][3,3,3,3,0,0][2,0,0,2,2,2][2,0,0,2,2,2][1,3,3,1,0,0][1,1,3,3,0,0]
3045 [3,1,3,1,0,0][3,3,3,3,0,0][2,0,0,2,2,2][2,0,0,2,2,2][3,1,1,3,0,0][3,3,1,1,0,0]
3047 [3,1,3,1,0,0][3,3,3,3,0,0][2,0,0,2,2,2][2,0,0,2,2,2][3,3,1,1,0,0][3,1,1,3,0,0]
3099 [3,3,1,1,0,0][1,1,1,1,0,0][0,2,2,0,2,2][0,2,2,0,2,2][1,3,1,3,0,0][3,1,1,3,0,0]
3100 [3,3,1,1,0,0][1,1,1,1,0,0][0,2,2,0,2,2][0,2,2,0,2,2][1,3,3,1,0,0][3,1,3,1,0,0]
3101 [3,3,1,1,0,0][1,1,1,1,0,0][0,2,2,0,2,2][0,2,2,0,2,2][3,1,1,3,0,0][1,3,1,3,0,0]
3102 [3,3,1,1,0,0][1,1,1,1,0,0][0,2,2,0,2,2][0,2,2,0,2,2][3,1,3,1,0,0][1,3,3,1,0,0]
3107 [3,3,1,1,0,0][1,1,1,1,0,0][2,0,0,2,2,2][2,0,0,2,2,2][1,3,1,3,0,0][3,1,1,3,0,0]
3108 [3,3,1,1,0,0][1,1,1,1,0,0][2,0,0,2,2,2][2,0,0,2,2,2][1,3,3,1,0,0][3,1,3,1,0,0]
3109 [3,3,1,1,0,0][1,1,1,1,0,0][2,0,0,2,2,2][2,0,0,2,2,2][3,1,1,3,0,0][1,3,1,3,0,0]
3110 [3,3,1,1,0,0][1,1,1,1,0,0][2,0,0,2,2,2][2,0,0,2,2,2][3,1,3,1,0,0][1,3,3,1,0,0]
3156 [3,3,1,1,0,0][1,1,3,3,0,0][0,2,0,2,2,2][0,2,0,2,2,2][1,3,3,1,0,0][3,1,1,3,0,0]
3157 [3,3,1,1,0,0][1,1,3,3,0,0][0,2,0,2,2,2][0,2,0,2,2,2][3,1,1,3,0,0][1,3,3,1,0,0]
3163 [3,3,1,1,0,0][1,1,3,3,0,0][0,2,2,0,2,2][0,2,2,0,2,2][1,3,1,3,0,0][3,1,3,1,0,0]
3164 [3,3,1,1,0,0][1,1,3,3,0,0][0,2,2,0,2,2][0,2,2,0,2,2][1,3,3,1,0,0][3,1,1,3,0,0]
3165 [3,3,1,1,0,0][1,1,3,3,0,0][0,2,2,0,2,2][0,2,2,0,2,2][3,1,1,3,0,0][1,3,3,1,0,0]
3166 [3,3,1,1,0,0][1,1,3,3,0,0][0,2,2,0,2,2][0,2,2,0,2,2][3,1,3,1,0,0][1,3,1,3,0,0]
3171 [3,3,1,1,0,0][1,1,3,3,0,0][2,0,0,2,2,2][2,0,0,2,2,2][1,3,1,3,0,0][3,1,3,1,0,0]
3172 [3,3,1,1,0,0][1,1,3,3,0,0][2,0,0,2,2,2][2,0,0,2,2,2][1,3,3,1,0,0][3,1,1,3,0,0]
3173 [3,3,1,1,0,0][1,1,3,3,0,0][2,0,0,2,2,2][2,0,0,2,2,2][3,1,1,3,0,0][1,3,3,1,0,0]
3174 [3,3,1,1,0,0][1,1,3,3,0,0][2,0,0,2,2,2][2,0,0,2,2,2][3,1,3,1,0,0][1,3,1,3,0,0]
3180 [3,3,1,1,0,0][1,1,3,3,0,0][2,0,2,0,2,2][2,0,2,0,2,2][1,3,3,1,0,0][3,1,1,3,0,0]
3181 [3,3,1,1,0,0][1,1,3,3,0,0][2,0,2,0,2,2][2,0,2,0,2,2][3,1,1,3,0,0][1,3,3,1,0,0]
3225 [3,3,1,1,0,0][1,3,1,3,0,0][0,2,2,0,2,2][0,2,2,0,2,2][1,1,1,1,0,0][3,1,1,3,0,0]
3226 [3,3,1,1,0,0][1,3,1,3,0,0][0,2,2,0,2,2][0,2,2,0,2,2][1,1,3,3,0,0][3,1,3,1,0,0]
3227 [3,3,1,1,0,0][1,3,1,3,0,0][0,2,2,0,2,2][0,2,2,0,2,2][1,3,1,3,0,0][3,3,1,1,0,0]
3228 [3,3,1,1,0,0][1,3,1,3,0,0][0,2,2,0,2,2][0,2,2,0,2,2][1,3,3,1,0,0][3,3,3,3,0,0]
3229 [3,3,1,1,0,0][1,3,1,3,0,0][0,2,2,0,2,2][0,2,2,0,2,2][3,1,1,3,0,0][1,1,1,1,0,0]
3230 [3,3,1,1,0,0][1,3,1,3,0,0][0,2,2,0,2,2][0,2,2,0,2,2][3,1,3,1,0,0][1,1,3,3,0,0]
3231 [3,3,1,1,0,0][1,3,1,3,0,0][0,2,2,0,2,2][0,2,2,0,2,2][3,3,1,1,0,0][1,3,1,3,0,0]
3232 [3,3,1,1,0,0][1,3,1,3,0,0][0,2,2,0,2,2][0,2,2,0,2,2][3,3,3,3,0,0][1,3,3,1,0,0]
3233 [3,3,1,1,0,0][1,3,1,3,0,0][2,0,0,2,2,2][2,0,0,2,2,2][1,1,1,1,0,0][3,1,1,3,0,0]
3234 [3,3,1,1,0,0][1,3,1,3,0,0][2,0,0,2,2,2][2,0,0,2,2,2][1,1,3,3,0,0][3,1,3,1,0,0]
3235 [3,3,1,1,0,0][1,3,1,3,0,0][2,0,0,2,2,2][2,0,0,2,2,2][1,3,1,3,0,0][3,3,1,1,0,0]
3236 [3,3,1,1,0,0][1,3,1,3,0,0][2,0,0,2,2,2][2,0,0,2,2,2][1,3,3,1,0,0][3,3,3,3,0,0]
3237 [3,3,1,1,0,0][1,3,1,3,0,0][2,0,0,2,2,2][2,0,0,2,2,2][3,1,1,3,0,0][1,1,1,1,0,0]
3238 [3,3,1,1,0,0][1,3,1,3,0,0][2,0,0,2,2,2][2,0,0,2,2,2][3,1,3,1,0,0][1,1,3,3,0,0]
3239 [3,3,1,1,0,0][1,3,1,3,0,0][2,0,0,2,2,2][2,0,0,2,2,2][3,3,1,1,0,0][1,3,1,3,0,0]
3240 [3,3,1,1,0,0][1,3,1,3,0,0][2,0,0,2,2,2][2,0,0,2,2,2][3,3,3,3,0,0][1,3,3,1,0,0]
3282 [3,3,1,1,0,0][1,3,3,1,0,0][0,2,0,2,2,2][0,2,0,2,2,2][1,1,3,3,0,0][3,1,1,3,0,0]
3284 [3,3,1,1,0,0][1,3,3,1,0,0][0,2,0,2,2,2][0,2,0,2,2,2][1,3,3,1,0,0][3,3,1,1,0,0]
3285 [3,3,1,1,0,0][1,3,3,1,0,0][0,2,0,2,2,2][0,2,0,2,2,2][3,1,1,3,0,0][1,1,3,3,0,0]
3287 [3,3,1,1,0,0][1,3,3,1,0,0][0,2,0,2,2,2][0,2,0,2,2,2][3,3,1,1,0,0][1,3,3,1,0,0]
3289 [3,3,1,1,0,0][1,3,3,1,0,0][0,2,2,0,2,2][0,2,2,0,2,2][1,1,1,1,0,0][3,1,3,1,0,0]
3290 [3,3,1,1,0,0][1,3,3,1,0,0][0,2,2,0,2,2][0,2,2,0,2,2][1,1,3,3,0,0][3,1,1,3,0,0]
3291 [3,3,1,1,0,0][1,3,3,1,0,0][0,2,2,0,2,2][0,2,2,0,2,2][1,3,1,3,0,0][3,3,3,3,0,0]
3292 [3,3,1,1,0,0][1,3,3,1,0,0][0,2,2,0,2,2][0,2,2,0,2,2][1,3,3,1,0,0][3,3,1,1,0,0]
3293 [3,3,1,1,0,0][1,3,3,1,0,0][0,2,2,0,2,2][0,2,2,0,2,2][3,1,1,3,0,0][1,1,3,3,0,0]
3294 [3,3,1,1,0,0][1,3,3,1,0,0][0,2,2,0,2,2][0,2,2,0,2,2][3,1,3,1,0,0][1,1,1,1,0,0]
3295 [3,3,1,1,0,0][1,3,3,1,0,0][0,2,2,0,2,2][0,2,2,0,2,2][3,3,1,1,0,0][1,3,3,1,0,0]
3296 [3,3,1,1,0,0][1,3,3,1,0,0][0,2,2,0,2,2][0,2,2,0,2,2][3,3,3,3,0,0][1,3,1,3,0,0]
3297 [3,3,1,1,0,0][1,3,3,1,0,0][2,0,0,2,2,2][2,0,0,2,2,2][1,1,1,1,0,0][3,1,3,1,0,0]
3298 [3,3,1,1,0,0][1,3,3,1,0,0][2,0,0,2,2,2][2,0,0,2,2,2][1,1,3,3,0,0][3,1,1,3,0,0]
3299 [3,3,1,1,0,0][1,3,3,1,0,0][2,0,0,2,2,2][2,0,0,2,2,2][1,3,1,3,0,0][3,3,3,3,0,0]
3300 [3,3,1,1,0,0][1,3,3,1,0,0][2,0,0,2,2,2][2,0,0,2,2,2][1,3,3,1,0,0][3,3,1,1,0,0]
3301 [3,3,1,1,0,0][1,3,3,1,0,0][2,0,0,2,2,2][2,0,0,2,2,2][3,1,1,3,0,0][1,1,3,3,0,0]
3302 [3,3,1,1,0,0][1,3,3,1,0,0][2,0,0,2,2,2][2,0,0,2,2,2][3,1,3,1,0,0][1,1,1,1,0,0]
3303 [3,3,1,1,0,0][1,3,3,1,0,0][2,0,0,2,2,2][2,0,0,2,2,2][3,3,1,1,0,0][1,3,3,1,0,0]
3304 [3,3,1,1,0,0][1,3,3,1,0,0][2,0,0,2,2,2][2,0,0,2,2,2][3,3,3,3,0,0][1,3,1,3,0,0]
3306 [3,3,1,1,0,0][1,3,3,1,0,0][2,0,2,0,2,2][2,0,2,0,2,2][1,1,3,3,0,0][3,1,1,3,0,0]
3308 [3,3,1,1,0,0][1,3,3,1,0,0][2,0,2,0,2,2][2,0,2,0,2,2][1,3,3,1,0,0][3,3,1,1,0,0]
3309 [3,3,1,1,0,0][1,3,3,1,0,0][2,0,2,0,2,2][2,0,2,0,2,2][3,1,1,3,0,0][1,1,3,3,0,0]
3311 [3,3,1,1,0,0][1,3,3,1,0,0][2,0,2,0,2,2][2,0,2,0,2,2][3,3,1,1,0,0][1,3,3,1,0,0]
3346 [3,3,1,1,0,0][3,1,1,3,0,0][0,2,0,2,2,2][0,2,0,2,2,2][1,1,3,3,0,0][1,3,3,1,0,0]
3348 [3,3,1,1,0,0][3,1,1,3,0,0][0,2,0,2,2,2][0,2,0,2,2,2][1,3,3,1,0,0][1,1,3,3,0,0]
3349 [3,3,1,1,0,0][3,1,1,3,0,0][0,2,0,2,2,2][0,2,0,2,2,2][3,1,1,3,0,0][3,3,1,1,0,0]
3351 [3,3,1,1,0,0][3,1,1,3,0,0][0,2,0,2,2,2][0,2,0,2,2,2][3,3,1,1,0,0][3,1,1,3,0,0]
3353 [3,3,1,1,0,0][3,1,1,3,0,0][0,2,2,0,2,2][0,2,2,0,2,2][1,1,1,1,0,0][1,3,1,3,0,0]
3354 [3,3,1,1,0,0][3,1,1,3,0,0][0,2,2,0,2,2][0,2,2,0,2,2][1,1,3,3,0,0][1,3,3,1,0,0]
3355 [3,3,1,1,0,0][3,1,1,3,0,0][0,2,2,0,2,2][0,2,2,0,2,2][1,3,1,3,0,0][1,1,1,1,0,0]
3356 [3,3,1,1,0,0][3,1,1,3,0,0][0,2,2,0,2,2][0,2,2,0,2,2][1,3,3,1,0,0][1,1,3,3,0,0]
3357 [3,3,1,1,0,0][3,1,1,3,0,0][0,2,2,0,2,2][0,2,2,0,2,2][3,1,1,3,0,0][3,3,1,1,0,0]
3358 [3,3,1,1,0,0][3,1,1,3,0,0][0,2,2,0,2,2][0,2,2,0,2,2][3,1,3,1,0,0][3,3,3,3,0,0]
3359 [3,3,1,1,0,0][3,1,1,3,0,0][0,2,2,0,2,2][0,2,2,0,2,2][3,3,1,1,0,0][3,1,1,3,0,0]
3360 [3,3,1,1,0,0][3,1,1,3,0,0][0,2,2,0,2,2][0,2,2,0,2,2][3,3,3,3,0,0][3,1,3,1,0,0]
3361 [3,3,1,1,0,0][3,1,1,3,0,0][2,0,0,2,2,2][2,0,0,2,2,2][1,1,1,1,0,0][1,3,1,3,0,0]
3362 [3,3,1,1,0,0][3,1,1,3,0,0][2,0,0,2,2,2][2,0,0,2,2,2][1,1,3,3,0,0][1,3,3,1,0,0]
3363 [3,3,1,1,0,0][3,1,1,3,0,0][2,0,0,2,2,2][2,0,0,2,2,2][1,3,1,3,0,0][1,1,1,1,0,0]
3364 [3,3,1,1,0,0][3,1,1,3,0,0][2,0,0,2,2,2][2,0,0,2,2,2][1,3,3,1,0,0][1,1,3,3,0,0]
3365 [3,3,1,1,0,0][3,1,1,3,0,0][2,0,0,2,2,2][2,0,0,2,2,2][3,1,1,3,0,0][3,3,1,1,0,0]
3366 [3,3,1,1,0,0][3,1,1,3,0,0][2,0,0,2,2,2][2,0,0,2,2,2][3,1,3,1,0,0][3,3,3,3,0,0]
3367 [3,3,1,1,0,0][3,1,1,3,0,0][2,0,0,2,2,2][2,0,0,2,2,2][3,3,1,1,0,0][3,1,1,3,0,0]
3368 [3,3,1,1,0,0][3,1,1,3,0,0][2,0,0,2,2,2][2,0,0,2,2,2][3,3,3,3,0,0][3,1,3,1,0,0]
3370 [3,3,1,1,0,0][3,1,1,3,0,0][2,0,2,0,2,2][2,0,2,0,2,2][1,1,3,3,0,0][1,3,3,1,0,0]
3372 [3,3,1,1,0,0][3,1,1,3,0,0][2,0,2,0,2,2][2,0,2,0,2,2][1,3,3,1,0,0][1,1,3,3,0,0]
3373 [3,3,1,1,0,0][3,1,1,3,0,0][2,0,2,0,2,2][2,0,2,0,2,2][3,1,1,3,0,0][3,3,1,1,0,0]
3375 [3,3,1,1,0,0][3,1,1,3,0,0][2,0,2,0,2,2][2,0,2,0,2,2][3,3,1,1,0,0][3,1,1,3,0,0]
3417 [3,3,1,1,0,0][3,1,3,1,0,0][0,2,2,0,2,2][0,2,2,0,2,2][1,1,1,1,0,0][1,3,3,1,0,0]
3418 [3,3,1,1,0,0][3,1,3,1,0,0][0,2,2,0,2,2][0,2,2,0,2,2][1,1,3,3,0,0][1,3,1,3,0,0]
3419 [3,3,1,1,0,0][3,1,3,1,0,0][0,2,2,0,2,2][0,2,2,0,2,2][1,3,1,3,0,0][1,1,3,3,0,0]
3420 [3,3,1,1,0,0][3,1,3,1,0,0][0,2,2,0,2,2][0,2,2,0,2,2][1,3,3,1,0,0][1,1,1,1,0,0]
3421 [3,3,1,1,0,0][3,1,3,1,0,0][0,2,2,0,2,2][0,2,2,0,2,2][3,1,1,3,0,0][3,3,3,3,0,0]
3422 [3,3,1,1,0,0][3,1,3,1,0,0][0,2,2,0,2,2][0,2,2,0,2,2][3,1,3,1,0,0][3,3,1,1,0,0]
3423 [3,3,1,1,0,0][3,1,3,1,0,0][0,2,2,0,2,2][0,2,2,0,2,2][3,3,1,1,0,0][3,1,3,1,0,0]
3424 [3,3,1,1,0,0][3,1,3,1,0,0][0,2,2,0,2,2][0,2,2,0,2,2][3,3,3,3,0,0][3,1,1,3,0,0]
3425 [3,3,1,1,0,0][3,1,3,1,0,0][2,0,0,2,2,2][2,0,0,2,2,2][1,1,1,1,0,0][1,3,3,1,0,0]
3426 [3,3,1,1,0,0][3,1,3,1,0,0][2,0,0,2,2,2][2,0,0,2,2,2][1,1,3,3,0,0][1,3,1,3,0,0]
3427 [3,3,1,1,0,0][3,1,3,1,0,0][2,0,0,2,2,2][2,0,0,2,2,2][1,3,1,3,0,0][1,1,3,3,0,0]
3428 [3,3,1,1,0,0][3,1,3,1,0,0][2,0,0,2,2,2][2,0,0,2,2,2][1,3,3,1,0,0][1,1,1,1,0,0]
3429 [3,3,1,1,0,0][3,1,3,1,0,0][2,0,0,2,2,2][2,0,0,2,2,2][3,1,1,3,0,0][3,3,3,3,0,0]
3430 [3,3,1,1,0,0][3,1,3,1,0,0][2,0,0,2,2,2][2,0,0,2,2,2][3,1,3,1,0,0][3,3,1,1,0,0]
3431 [3,3,1,1,0,0][3,1,3,1,0,0][2,0,0,2,2,2][2,0,0,2,2,2][3,3,1,1,0,0][3,1,3,1,0,0]
3432 [3,3,1,1,0,0][3,1,3,1,0,0][2,0,0,2,2,2][2,0,0,2,2,2][3,3,3,3,0,0][3,1,1,3,0,0]
3547 [3,3,1,1,0,0][3,3,3,3,0,0][0,2,2,0,2,2][0,2,2,0,2,2][1,3,1,3,0,0][1,3,3,1,0,0]
3548 [3,3,1,1,0,0][3,3,3,3,0,0][0,2,2,0,2,2][0,2,2,0,2,2][1,3,3,1,0,0][1,3,1,3,0,0]
3549 [3,3,1,1,0,0][3,3,3,3,0,0][0,2,2,0,2,2][0,2,2,0,2,2][3,1,1,3,0,0][3,1,3,1,0,0]
3550 [3,3,1,1,0,0][3,3,3,3,0,0][0,2,2,0,2,2][0,2,2,0,2,2][3,1,3,1,0,0][3,1,1,3,0,0]
3555 [3,3,1,1,0,0][3,3,3,3,0,0][2,0,0,2,2,2][2,0,0,2,2,2][1,3,1,3,0,0][1,3,3,1,0,0]
3556 [3,3,1,1,0,0][3,3,3,3,0,0][2,0,0,2,2,2][2,0,0,2,2,2][1,3,3,1,0,0][1,3,1,3,0,0]
3557 [3,3,1,1,0,0][3,3,3,3,0,0][2,0,0,2,2,2][2,0,0,2,2,2][3,1,1,3,0,0][3,1,3,1,0,0]
3558 [3,3,1,1,0,0][3,3,3,3,0,0][2,0,0,2,2,2][2,0,0,2,2,2][3,1,3,1,0,0][3,1,1,3,0,0]
3612 [3,3,3,3,0,0][1,1,1,1,0,0][0,2,2,0,2,2][0,2,2,0,2,2][1,3,3,1,0,0][3,1,1,3,0,0]
3613 [3,3,3,3,0,0][1,1,1,1,0,0][0,2,2,0,2,2][0,2,2,0,2,2][3,1,1,3,0,0][1,3,3,1,0,0]
3620 [3,3,3,3,0,0][1,1,1,1,0,0][2,0,0,2,2,2][2,0,0,2,2,2][1,3,3,1,0,0][3,1,1,3,0,0]
3621 [3,3,3,3,0,0][1,1,1,1,0,0][2,0,0,2,2,2][2,0,0,2,2,2][3,1,1,3,0,0][1,3,3,1,0,0]
3675 [3,3,3,3,0,0][1,1,3,3,0,0][0,2,2,0,2,2][0,2,2,0,2,2][1,3,1,3,0,0][3,1,1,3,0,0]
3676 [3,3,3,3,0,0][1,1,3,3,0,0][0,2,2,0,2,2][0,2,2,0,2,2][1,3,3,1,0,0][3,1,3,1,0,0]
3677 [3,3,3,3,0,0][1,1,3,3,0,0][0,2,2,0,2,2][0,2,2,0,2,2][3,1,1,3,0,0][1,3,1,3,0,0]
3678 [3,3,3,3,0,0][1,1,3,3,0,0][0,2,2,0,2,2][0,2,2,0,2,2][3,1,3,1,0,0][1,3,3,1,0,0]
3683 [3,3,3,3,0,0][1,1,3,3,0,0][2,0,0,2,2,2][2,0,0,2,2,2][1,3,1,3,0,0][3,1,1,3,0,0]
3684 [3,3,3,3,0,0][1,1,3,3,0,0][2,0,0,2,2,2][2,0,0,2,2,2][1,3,3,1,0,0][3,1,3,1,0,0]
3685 [3,3,3,3,0,0][1,1,3,3,0,0][2,0,0,2,2,2][2,0,0,2,2,2][3,1,1,3,0,0][1,3,1,3,0,0]
3686 [3,3,3,3,0,0][1,1,3,3,0,0][2,0,0,2,2,2][2,0,0,2,2,2][3,1,3,1,0,0][1,3,3,1,0,0]
3738 [3,3,3,3,0,0][1,3,1,3,0,0][0,2,2,0,2,2][0,2,2,0,2,2][1,1,3,3,0,0][3,1,1,3,0,0]
3740 [3,3,3,3,0,0][1,3,1,3,0,0][0,2,2,0,2,2][0,2,2,0,2,2][1,3,3,1,0,0][3,3,1,1,0,0]
3741 [3,3,3,3,0,0][1,3,1,3,0,0][0,2,2,0,2,2][0,2,2,0,2,2][3,1,1,3,0,0][1,1,3,3,0,0]
3743 [3,3,3,3,0,0][1,3,1,3,0,0][0,2,2,0,2,2][0,2,2,0,2,2][3,3,1,1,0,0][1,3,3,1,0,0]
3746 [3,3,3,3,0,0][1,3,1,3,0,0][2,0,0,2,2,2][2,0,0,2,2,2][1,1,3,3,0,0][3,1,1,3,0,0]
3748 [3,3,3,3,0,0][1,3,1,3,0,0][2,0,0,2,2,2][2,0,0,2,2,2][1,3,3,1,0,0][3,3,1,1,0,0]
3749 [3,3,3,3,0,0][1,3,1,3,0,0][2,0,0,2,2,2][2,0,0,2,2,2][3,1,1,3,0,0][1,1,3,3,0,0]
3751 [3,3,3,3,0,0][1,3,1,3,0,0][2,0,0,2,2,2][2,0,0,2,2,2][3,3,1,1,0,0][1,3,3,1,0,0]
3801 [3,3,3,3,0,0][1,3,3,1,0,0][0,2,2,0,2,2][0,2,2,0,2,2][1,1,1,1,0,0][3,1,1,3,0,0]
3802 [3,3,3,3,0,0][1,3,3,1,0,0][0,2,2,0,2,2][0,2,2,0,2,2][1,1,3,3,0,0][3,1,3,1,0,0]
3803 [3,3,3,3,0,0][1,3,3,1,0,0][0,2,2,0,2,2][0,2,2,0,2,2][1,3,1,3,0,0][3,3,1,1,0,0]
3804 [3,3,3,3,0,0][1,3,3,1,0,0][0,2,2,0,2,2][0,2,2,0,2,2][1,3,3,1,0,0][3,3,3,3,0,0]
3805 [3,3,3,3,0,0][1,3,3,1,0,0][0,2,2,0,2,2][0,2,2,0,2,2][3,1,1,3,0,0][1,1,1,1,0,0]
3806 [3,3,3,3,0,0][1,3,3,1,0,0][0,2,2,0,2,2][0,2,2,0,2,2][3,1,3,1,0,0][1,1,3,3,0,0]
3807 [3,3,3,3,0,0][1,3,3,1,0,0][0,2,2,0,2,2][0,2,2,0,2,2][3,3,1,1,0,0][1,3,1,3,0,0]
3808 [3,3,3,3,0,0][1,3,3,1,0,0][0,2,2,0,2,2][0,2,2,0,2,2][3,3,3,3,0,0][1,3,3,1,0,0]
3809 [3,3,3,3,0,0][1,3,3,1,0,0][2,0,0,2,2,2][2,0,0,2,2,2][1,1,1,1,0,0][3,1,1,3,0,0]
3810 [3,3,3,3,0,0][1,3,3,1,0,0][2,0,0,2,2,2][2,0,0,2,2,2][1,1,3,3,0,0][3,1,3,1,0,0]
3811 [3,3,3,3,0,0][1,3,3,1,0,0][2,0,0,2,2,2][2,0,0,2,2,2][1,3,1,3,0,0][3,3,1,1,0,0]
3812 [3,3,3,3,0,0][1,3,3,1,0,0][2,0,0,2,2,2][2,0,0,2,2,2][1,3,3,1,0,0][3,3,3,3,0,0]
3813 [3,3,3,3,0,0][1,3,3,1,0,0][2,0,0,2,2,2][2,0,0,2,2,2][3,1,1,3,0,0][1,1,1,1,0,0]
3814 [3,3,3,3,0,0][1,3,3,1,0,0][2,0,0,2,2,2][2,0,0,2,2,2][3,1,3,1,0,0][1,1,3,3,0,0]
3815 [3,3,3,3,0,0][1,3,3,1,0,0][2,0,0,2,2,2][2,0,0,2,2,2][3,3,1,1,0,0][1,3,1,3,0,0]
3816 [3,3,3,3,0,0][1,3,3,1,0,0][2,0,0,2,2,2][2,0,0,2,2,2][3,3,3,3,0,0][1,3,3,1,0,0]
3865 [3,3,3,3,0,0][3,1,1,3,0,0][0,2,2,0,2,2][0,2,2,0,2,2][1,1,1,1,0,0][1,3,3,1,0,0]
3866 [3,3,3,3,0,0][3,1,1,3,0,0][0,2,2,0,2,2][0,2,2,0,2,2][1,1,3,3,0,0][1,3,1,3,0,0]
3867 [3,3,3,3,0,0][3,1,1,3,0,0][0,2,2,0,2,2][0,2,2,0,2,2][1,3,1,3,0,0][1,1,3,3,0,0]
3868 [3,3,3,3,0,0][3,1,1,3,0,0][0,2,2,0,2,2][0,2,2,0,2,2][1,3,3,1,0,0][1,1,1,1,0,0]
3869 [3,3,3,3,0,0][3,1,1,3,0,0][0,2,2,0,2,2][0,2,2,0,2,2][3,1,1,3,0,0][3,3,3,3,0,0]
3870 [3,3,3,3,0,0][3,1,1,3,0,0][0,2,2,0,2,2][0,2,2,0,2,2][3,1,3,1,0,0][3,3,1,1,0,0]
3871 [3,3,3,3,0,0][3,1,1,3,0,0][0,2,2,0,2,2][0,2,2,0,2,2][3,3,1,1,0,0][3,1,3,1,0,0]
3872 [3,3,3,3,0,0][3,1,1,3,0,0][0,2,2,0,2,2][0,2,2,0,2,2][3,3,3,3,0,0][3,1,1,3,0,0]
3873 [3,3,3,3,0,0][3,1,1,3,0,0][2,0,0,2,2,2][2,0,0,2,2,2][1,1,1,1,0,0][1,3,3,1,0,0]
3874 [3,3,3,3,0,0][3,1,1,3,0,0][2,0,0,2,2,2][2,0,0,2,2,2][1,1,3,3,0,0][1,3,1,3,0,0]
3875 [3,3,3,3,0,0][3,1,1,3,0,0][2,0,0,2,2,2][2,0,0,2,2,2][1,3,1,3,0,0][1,1,3,3,0,0]
3876 [3,3,3,3,0,0][3,1,1,3,0,0][2,0,0,2,2,2][2,0,0,2,2,2][1,3,3,1,0,0][1,1,1,1,0,0]
3877 [3,3,3,3,0,0][3,1,1,3,0,0][2,0,0,2,2,2][2,0,0,2,2,2][3,1,1,3,0,0][3,3,3,3,0,0]
3878 [3,3,3,3,0,0][3,1,1,3,0,0][2,0,0,2,2,2][2,0,0,2,2,2][3,1,3,1,0,0][3,3,1,1,0,0]
3879 [3,3,3,3,0,0][3,1,1,3,0,0][2,0,0,2,2,2][2,0,0,2,2,2][3,3,1,1,0,0][3,1,3,1,0,0]
3880 [3,3,3,3,0,0][3,1,1,3,0,0][2,0,0,2,2,2][2,0,0,2,2,2][3,3,3,3,0,0][3,1,1,3,0,0]
3930 [3,3,3,3,0,0][3,1,3,1,0,0][0,2,2,0,2,2][0,2,2,0,2,2][1,1,3,3,0,0][1,3,3,1,0,0]
3932 [3,3,3,3,0,0][3,1,3,1,0,0][0,2,2,0,2,2][0,2,2,0,2,2][1,3,3,1,0,0][1,1,3,3,0,0]
3933 [3,3,3,3,0,0][3,1,3,1,0,0][0,2,2,0,2,2][0,2,2,0,2,2][3,1,1,3,0,0][3,3,1,1,0,0]
3935 [3,3,3,3,0,0][3,1,3,1,0,0][0,2,2,0,2,2][0,2,2,0,2,2][3,3,1,1,0,0][3,1,1,3,0,0]
3938 [3,3,3,3,0,0][3,1,3,1,0,0][2,0,0,2,2,2][2,0,0,2,2,2][1,1,3,3,0,0][1,3,3,1,0,0]
3940 [3,3,3,3,0,0][3,1,3,1,0,0][2,0,0,2,2,2][2,0,0,2,2,2][1,3,3,1,0,0][1,1,3,3,0,0]
3941 [3,3,3,3,0,0][3,1,3,1,0,0][2,0,0,2,2,2][2,0,0,2,2,2][3,1,1,3,0,0][3,3,1,1,0,0]
3943 [3,3,3,3,0,0][3,1,3,1,0,0][2,0,0,2,2,2][2,0,0,2,2,2][3,3,1,1,0,0][3,1,1,3,0,0]
3995 [3,3,3,3,0,0][3,3,1,1,0,0][0,2,2,0,2,2][0,2,2,0,2,2][1,3,1,3,0,0][1,3,3,1,0,0]
3996 [3,3,3,3,0,0][3,3,1,1,0,0][0,2,2,0,2,2][0,2,2,0,2,2][1,3,3,1,0,0][1,3,1,3,0,0]
3997 [3,3,3,3,0,0][3,3,1,1,0,0][0,2,2,0,2,2][0,2,2,0,2,2][3,1,1,3,0,0][3,1,3,1,0,0]
3998 [3,3,3,3,0,0][3,3,1,1,0,0][0,2,2,0,2,2][0,2,2,0,2,2][3,1,3,1,0,0][3,1,1,3,0,0]
4003 [3,3,3,3,0,0][3,3,1,1,0,0][2,0,0,2,2,2][2,0,0,2,2,2][1,3,1,3,0,0][1,3,3,1,0,0]
4004 [3,3,3,3,0,0][3,3,1,1,0,0][2,0,0,2,2,2][2,0,0,2,2,2][1,3,3,1,0,0][1,3,1,3,0,0]
4005 [3,3,3,3,0,0][3,3,1,1,0,0][2,0,0,2,2,2][2,0,0,2,2,2][3,1,1,3,0,0][3,1,3,1,0,0]
4006 [3,3,3,3,0,0][3,3,1,1,0,0][2,0,0,2,2,2][2,0,0,2,2,2][3,1,3,1,0,0][3,1,1,3,0,0]
