# Using the new encoding: 2y + x
1 [1,1,1,1,0,0][1,1,1,1,0,0][0,0,0,0,2,2][0,0,0,0,2,2][1,1,1,1,0,0][1,1,1,1,0,0]
2 [1,1,1,1,0,0][1,1,1,1,0,0][0,0,0,0,2,2][0,0,0,0,2,2][1,1,3,3,0,0][1,1,3,3,0,0]
3 [1,1,1,1,0,0][1,1,1,1,0,0][0,0,0,0,2,2][0,0,0,0,2,2][1,3,1,3,0,0][1,3,1,3,0,0]
4 [1,1,1,1,0,0][1,1,1,1,0,0][0,0,0,0,2,2][0,0,0,0,2,2][1,3,3,1,0,0][1,3,3,1,0,0]
5 [1,1,1,1,0,0][1,1,1,1,0,0][0,0,0,0,2,2][0,0,0,0,2,2][3,1,1,3,0,0][3,1,1,3,0,0]
6 [1,1,1,1,0,0][1,1,1,1,0,0][0,0,0,0,2,2][0,0,0,0,2,2][3,1,3,1,0,0][3,1,3,1,0,0]
7 [1,1,1,1,0,0][1,1,1,1,0,0][0,0,0,0,2,2][0,0,0,0,2,2][3,3,1,1,0,0][3,3,1,1,0,0]
8 [1,1,1,1,0,0][1,1,1,1,0,0][0,0,0,0,2,2][0,0,0,0,2,2][3,3,3,3,0,0][3,3,3,3,0,0]
9 [1,1,1,1,0,0][1,1,1,1,0,0][0,0,2,2,2,2][0,0,2,2,2,2][1,1,1,1,0,0][1,1,1,1,0,0]
10 [1,1,1,1,0,0][1,1,1,1,0,0][0,0,2,2,2,2][0,0,2,2,2,2][1,1,3,3,0,0][1,1,3,3,0,0]
11 [1,1,1,1,0,0][1,1,1,1,0,0][0,0,2,2,2,2][0,0,2,2,2,2][1,3,1,3,0,0][1,3,1,3,0,0]
12 [1,1,1,1,0,0][1,1,1,1,0,0][0,0,2,2,2,2][0,0,2,2,2,2][1,3,3,1,0,0][1,3,3,1,0,0]
13 [1,1,1,1,0,0][1,1,1,1,0,0][0,0,2,2,2,2][0,0,2,2,2,2][3,1,1,3,0,0][3,1,1,3,0,0]
14 [1,1,1,1,0,0][1,1,1,1,0,0][0,0,2,2,2,2][0,0,2,2,2,2][3,1,3,1,0,0][3,1,3,1,0,0]
15 [1,1,1,1,0,0][1,1,1,1,0,0][0,0,2,2,2,2][0,0,2,2,2,2][3,3,1,1,0,0][3,3,1,1,0,0]
16 [1,1,1,1,0,0][1,1,1,1,0,0][0,0,2,2,2,2][0,0,2,2,2,2][3,3,3,3,0,0][3,3,3,3,0,0]
17 [1,1,1,1,0,0][1,1,1,1,0,0][0,2,0,2,2,2][0,2,0,2,2,2][1,1,1,1,0,0][1,1,1,1,0,0]
18 [1,1,1,1,0,0][1,1,1,1,0,0][0,2,0,2,2,2][0,2,0,2,2,2][1,1,3,3,0,0][1,1,3,3,0,0]
19 [1,1,1,1,0,0][1,1,1,1,0,0][0,2,0,2,2,2][0,2,0,2,2,2][1,3,1,3,0,0][1,3,1,3,0,0]
20 [1,1,1,1,0,0][1,1,1,1,0,0][0,2,0,2,2,2][0,2,0,2,2,2][1,3,3,1,0,0][1,3,3,1,0,0]
21 [1,1,1,1,0,0][1,1,1,1,0,0][0,2,0,2,2,2][0,2,0,2,2,2][3,1,1,3,0,0][3,1,1,3,0,0]
22 [1,1,1,1,0,0][1,1,1,1,0,0][0,2,0,2,2,2][0,2,0,2,2,2][3,1,3,1,0,0][3,1,3,1,0,0]
23 [1,1,1,1,0,0][1,1,1,1,0,0][0,2,0,2,2,2][0,2,0,2,2,2][3,3,1,1,0,0][3,3,1,1,0,0]
24 [1,1,1,1,0,0][1,1,1,1,0,0][0,2,0,2,2,2][0,2,0,2,2,2][3,3,3,3,0,0][3,3,3,3,0,0]
25 [1,1,1,1,0,0][1,1,1,1,0,0][0,2,2,0,2,2][0,2,2,0,2,2][1,1,1,1,0,0][1,1,1,1,0,0]
26 [1,1,1,1,0,0][1,1,1,1,0,0][0,2,2,0,2,2][0,2,2,0,2,2][1,1,3,3,0,0][1,1,3,3,0,0]
27 [1,1,1,1,0,0][1,1,1,1,0,0][0,2,2,0,2,2][0,2,2,0,2,2][1,3,1,3,0,0][1,3,1,3,0,0]
28 [1,1,1,1,0,0][1,1,1,1,0,0][0,2,2,0,2,2][0,2,2,0,2,2][1,3,3,1,0,0][1,3,3,1,0,0]
29 [1,1,1,1,0,0][1,1,1,1,0,0][0,2,2,0,2,2][0,2,2,0,2,2][3,1,1,3,0,0][3,1,1,3,0,0]
30 [1,1,1,1,0,0][1,1,1,1,0,0][0,2,2,0,2,2][0,2,2,0,2,2][3,1,3,1,0,0][3,1,3,1,0,0]
31 [1,1,1,1,0,0][1,1,1,1,0,0][0,2,2,0,2,2][0,2,2,0,2,2][3,3,1,1,0,0][3,3,1,1,0,0]
32 [1,1,1,1,0,0][1,1,1,1,0,0][0,2,2,0,2,2][0,2,2,0,2,2][3,3,3,3,0,0][3,3,3,3,0,0]
33 [1,1,1,1,0,0][1,1,1,1,0,0][2,0,0,2,2,2][2,0,0,2,2,2][1,1,1,1,0,0][1,1,1,1,0,0]
34 [1,1,1,1,0,0][1,1,1,1,0,0][2,0,0,2,2,2][2,0,0,2,2,2][1,1,3,3,0,0][1,1,3,3,0,0]
35 [1,1,1,1,0,0][1,1,1,1,0,0][2,0,0,2,2,2][2,0,0,2,2,2][1,3,1,3,0,0][1,3,1,3,0,0]
36 [1,1,1,1,0,0][1,1,1,1,0,0][2,0,0,2,2,2][2,0,0,2,2,2][1,3,3,1,0,0][1,3,3,1,0,0]
37 [1,1,1,1,0,0][1,1,1,1,0,0][2,0,0,2,2,2][2,0,0,2,2,2][3,1,1,3,0,0][3,1,1,3,0,0]
38 [1,1,1,1,0,0][1,1,1,1,0,0][2,0,0,2,2,2][2,0,0,2,2,2][3,1,3,1,0,0][3,1,3,1,0,0]
39 [1,1,1,1,0,0][1,1,1,1,0,0][2,0,0,2,2,2][2,0,0,2,2,2][3,3,1,1,0,0][3,3,1,1,0,0]
40 [1,1,1,1,0,0][1,1,1,1,0,0][2,0,0,2,2,2][2,0,0,2,2,2][3,3,3,3,0,0][3,3,3,3,0,0]
41 [1,1,1,1,0,0][1,1,1,1,0,0][2,0,2,0,2,2][2,0,2,0,2,2][1,1,1,1,0,0][1,1,1,1,0,0]
42 [1,1,1,1,0,0][1,1,1,1,0,0][2,0,2,0,2,2][2,0,2,0,2,2][1,1,3,3,0,0][1,1,3,3,0,0]
43 [1,1,1,1,0,0][1,1,1,1,0,0][2,0,2,0,2,2][2,0,2,0,2,2][1,3,1,3,0,0][1,3,1,3,0,0]
44 [1,1,1,1,0,0][1,1,1,1,0,0][2,0,2,0,2,2][2,0,2,0,2,2][1,3,3,1,0,0][1,3,3,1,0,0]
45 [1,1,1,1,0,0][1,1,1,1,0,0][2,0,2,0,2,2][2,0,2,0,2,2][3,1,1,3,0,0][3,1,1,3,0,0]
46 [1,1,1,1,0,0][1,1,1,1,0,0][2,0,2,0,2,2][2,0,2,0,2,2][3,1,3,1,0,0][3,1,3,1,0,0]
47 [1,1,1,1,0,0][1,1,1,1,0,0][2,0,2,0,2,2][2,0,2,0,2,2][3,3,1,1,0,0][3,3,1,1,0,0]
48 [1,1,1,1,0,0][1,1,1,1,0,0][2,0,2,0,2,2][2,0,2,0,2,2][3,3,3,3,0,0][3,3,3,3,0,0]
49 [1,1,1,1,0,0][1,1,1,1,0,0][2,2,0,0,2,2][2,2,0,0,2,2][1,1,1,1,0,0][1,1,1,1,0,0]
50 [1,1,1,1,0,0][1,1,1,1,0,0][2,2,0,0,2,2][2,2,0,0,2,2][1,1,3,3,0,0][1,1,3,3,0,0]
51 [1,1,1,1,0,0][1,1,1,1,0,0][2,2,0,0,2,2][2,2,0,0,2,2][1,3,1,3,0,0][1,3,1,3,0,0]
52 [1,1,1,1,0,0][1,1,1,1,0,0][2,2,0,0,2,2][2,2,0,0,2,2][1,3,3,1,0,0][1,3,3,1,0,0]
53 [1,1,1,1,0,0][1,1,1,1,0,0][2,2,0,0,2,2][2,2,0,0,2,2][3,1,1,3,0,0][3,1,1,3,0,0]
54 [1,1,1,1,0,0][1,1,1,1,0,0][2,2,0,0,2,2][2,2,0,0,2,2][3,1,3,1,0,0][3,1,3,1,0,0]
55 [1,1,1,1,0,0][1,1,1,1,0,0][2,2,0,0,2,2][2,2,0,0,2,2][3,3,1,1,0,0][3,3,1,1,0,0]
56 [1,1,1,1,0,0][1,1,1,1,0,0][2,2,0,0,2,2][2,2,0,0,2,2][3,3,3,3,0,0][3,3,3,3,0,0]
57 [1,1,1,1,0,0][1,1,1,1,0,0][2,2,2,2,2,2][2,2,2,2,2,2][1,1,1,1,0,0][1,1,1,1,0,0]
58 [1,1,1,1,0,0][1,1,1,1,0,0][2,2,2,2,2,2][2,2,2,2,2,2][1,1,3,3,0,0][1,1,3,3,0,0]
59 [1,1,1,1,0,0][1,1,1,1,0,0][2,2,2,2,2,2][2,2,2,2,2,2][1,3,1,3,0,0][1,3,1,3,0,0]
60 [1,1,1,1,0,0][1,1,1,1,0,0][2,2,2,2,2,2][2,2,2,2,2,2][1,3,3,1,0,0][1,3,3,1,0,0]
61 [1,1,1,1,0,0][1,1,1,1,0,0][2,2,2,2,2,2][2,2,2,2,2,2][3,1,1,3,0,0][3,1,1,3,0,0]
62 [1,1,1,1,0,0][1,1,1,1,0,0][2,2,2,2,2,2][2,2,2,2,2,2][3,1,3,1,0,0][3,1,3,1,0,0]
63 [1,1,1,1,0,0][1,1,1,1,0,0][2,2,2,2,2,2][2,2,2,2,2,2][3,3,1,1,0,0][3,3,1,1,0,0]
64 [1,1,1,1,0,0][1,1,1,1,0,0][2,2,2,2,2,2][2,2,2,2,2,2][3,3,3,3,0,0][3,3,3,3,0,0]
65 [1,1,1,1,0,0][1,1,3,3,0,0][0,0,0,0,2,2][0,0,0,0,2,2][1,1,1,1,0,0][1,1,3,3,0,0]
66 [1,1,1,1,0,0][1,1,3,3,0,0][0,0,0,0,2,2][0,0,0,0,2,2][1,1,3,3,0,0][1,1,1,1,0,0]
71 [1,1,1,1,0,0][1,1,3,3,0,0][0,0,0,0,2,2][0,0,0,0,2,2][3,3,1,1,0,0][3,3,3,3,0,0]
72 [1,1,1,1,0,0][1,1,3,3,0,0][0,0,0,0,2,2][0,0,0,0,2,2][3,3,3,3,0,0][3,3,1,1,0,0]
73 [1,1,1,1,0,0][1,1,3,3,0,0][0,0,2,2,2,2][0,0,2,2,2,2][1,1,1,1,0,0][1,1,3,3,0,0]
74 [1,1,1,1,0,0][1,1,3,3,0,0][0,0,2,2,2,2][0,0,2,2,2,2][1,1,3,3,0,0][1,1,1,1,0,0]
79 [1,1,1,1,0,0][1,1,3,3,0,0][0,0,2,2,2,2][0,0,2,2,2,2][3,3,1,1,0,0][3,3,3,3,0,0]
80 [1,1,1,1,0,0][1,1,3,3,0,0][0,0,2,2,2,2][0,0,2,2,2,2][3,3,3,3,0,0][3,3,1,1,0,0]
113 [1,1,1,1,0,0][1,1,3,3,0,0][2,2,0,0,2,2][2,2,0,0,2,2][1,1,1,1,0,0][1,1,3,3,0,0]
114 [1,1,1,1,0,0][1,1,3,3,0,0][2,2,0,0,2,2][2,2,0,0,2,2][1,1,3,3,0,0][1,1,1,1,0,0]
119 [1,1,1,1,0,0][1,1,3,3,0,0][2,2,0,0,2,2][2,2,0,0,2,2][3,3,1,1,0,0][3,3,3,3,0,0]
120 [1,1,1,1,0,0][1,1,3,3,0,0][2,2,0,0,2,2][2,2,0,0,2,2][3,3,3,3,0,0][3,3,1,1,0,0]
121 [1,1,1,1,0,0][1,1,3,3,0,0][2,2,2,2,2,2][2,2,2,2,2,2][1,1,1,1,0,0][1,1,3,3,0,0]
122 [1,1,1,1,0,0][1,1,3,3,0,0][2,2,2,2,2,2][2,2,2,2,2,2][1,1,3,3,0,0][1,1,1,1,0,0]
127 [1,1,1,1,0,0][1,1,3,3,0,0][2,2,2,2,2,2][2,2,2,2,2,2][3,3,1,1,0,0][3,3,3,3,0,0]
128 [1,1,1,1,0,0][1,1,3,3,0,0][2,2,2,2,2,2][2,2,2,2,2,2][3,3,3,3,0,0][3,3,1,1,0,0]
129 [1,1,1,1,0,0][1,3,1,3,0,0][0,0,0,0,2,2][0,0,0,0,2,2][1,1,1,1,0,0][1,3,1,3,0,0]
131 [1,1,1,1,0,0][1,3,1,3,0,0][0,0,0,0,2,2][0,0,0,0,2,2][1,3,1,3,0,0][1,1,1,1,0,0]
134 [1,1,1,1,0,0][1,3,1,3,0,0][0,0,0,0,2,2][0,0,0,0,2,2][3,1,3,1,0,0][3,3,3,3,0,0]
136 [1,1,1,1,0,0][1,3,1,3,0,0][0,0,0,0,2,2][0,0,0,0,2,2][3,3,3,3,0,0][3,1,3,1,0,0]
145 [1,1,1,1,0,0][1,3,1,3,0,0][0,2,0,2,2,2][0,2,0,2,2,2][1,1,1,1,0,0][1,3,1,3,0,0]
147 [1,1,1,1,0,0][1,3,1,3,0,0][0,2,0,2,2,2][0,2,0,2,2,2][1,3,1,3,0,0][1,1,1,1,0,0]
150 [1,1,1,1,0,0][1,3,1,3,0,0][0,2,0,2,2,2][0,2,0,2,2,2][3,1,3,1,0,0][3,3,3,3,0,0]
152 [1,1,1,1,0,0][1,3,1,3,0,0][0,2,0,2,2,2][0,2,0,2,2,2][3,3,3,3,0,0][3,1,3,1,0,0]
169 [1,1,1,1,0,0][1,3,1,3,0,0][2,0,2,0,2,2][2,0,2,0,2,2][1,1,1,1,0,0][1,3,1,3,0,0]
171 [1,1,1,1,0,0][1,3,1,3,0,0][2,0,2,0,2,2][2,0,2,0,2,2][1,3,1,3,0,0][1,1,1,1,0,0]
174 [1,1,1,1,0,0][1,3,1,3,0,0][2,0,2,0,2,2][2,0,2,0,2,2][3,1,3,1,0,0][3,3,3,3,0,0]
176 [1,1,1,1,0,0][1,3,1,3,0,0][2,0,2,0,2,2][2,0,2,0,2,2][3,3,3,3,0,0][3,1,3,1,0,0]
185 [1,1,1,1,0,0][1,3,1,3,0,0][2,2,2,2,2,2][2,2,2,2,2,2][1,1,1,1,0,0][1,3,1,3,0,0]
187 [1,1,1,1,0,0][1,3,1,3,0,0][2,2,2,2,2,2][2,2,2,2,2,2][1,3,1,3,0,0][1,1,1,1,0,0]
190 [1,1,1,1,0,0][1,3,1,3,0,0][2,2,2,2,2,2][2,2,2,2,2,2][3,1,3,1,0,0][3,3,3,3,0,0]
192 [1,1,1,1,0,0][1,3,1,3,0,0][2,2,2,2,2,2][2,2,2,2,2,2][3,3,3,3,0,0][3,1,3,1,0,0]
321 [1,1,1,1,0,0][3,1,3,1,0,0][0,0,0,0,2,2][0,0,0,0,2,2][1,1,1,1,0,0][3,1,3,1,0,0]
323 [1,1,1,1,0,0][3,1,3,1,0,0][0,0,0,0,2,2][0,0,0,0,2,2][1,3,1,3,0,0][3,3,3,3,0,0]
326 [1,1,1,1,0,0][3,1,3,1,0,0][0,0,0,0,2,2][0,0,0,0,2,2][3,1,3,1,0,0][1,1,1,1,0,0]
328 [1,1,1,1,0,0][3,1,3,1,0,0][0,0,0,0,2,2][0,0,0,0,2,2][3,3,3,3,0,0][1,3,1,3,0,0]
337 [1,1,1,1,0,0][3,1,3,1,0,0][0,2,0,2,2,2][0,2,0,2,2,2][1,1,1,1,0,0][3,1,3,1,0,0]
339 [1,1,1,1,0,0][3,1,3,1,0,0][0,2,0,2,2,2][0,2,0,2,2,2][1,3,1,3,0,0][3,3,3,3,0,0]
342 [1,1,1,1,0,0][3,1,3,1,0,0][0,2,0,2,2,2][0,2,0,2,2,2][3,1,3,1,0,0][1,1,1,1,0,0]
344 [1,1,1,1,0,0][3,1,3,1,0,0][0,2,0,2,2,2][0,2,0,2,2,2][3,3,3,3,0,0][1,3,1,3,0,0]
361 [1,1,1,1,0,0][3,1,3,1,0,0][2,0,2,0,2,2][2,0,2,0,2,2][1,1,1,1,0,0][3,1,3,1,0,0]
363 [1,1,1,1,0,0][3,1,3,1,0,0][2,0,2,0,2,2][2,0,2,0,2,2][1,3,1,3,0,0][3,3,3,3,0,0]
366 [1,1,1,1,0,0][3,1,3,1,0,0][2,0,2,0,2,2][2,0,2,0,2,2][3,1,3,1,0,0][1,1,1,1,0,0]
368 [1,1,1,1,0,0][3,1,3,1,0,0][2,0,2,0,2,2][2,0,2,0,2,2][3,3,3,3,0,0][1,3,1,3,0,0]
377 [1,1,1,1,0,0][3,1,3,1,0,0][2,2,2,2,2,2][2,2,2,2,2,2][1,1,1,1,0,0][3,1,3,1,0,0]
379 [1,1,1,1,0,0][3,1,3,1,0,0][2,2,2,2,2,2][2,2,2,2,2,2][1,3,1,3,0,0][3,3,3,3,0,0]
382 [1,1,1,1,0,0][3,1,3,1,0,0][2,2,2,2,2,2][2,2,2,2,2,2][3,1,3,1,0,0][1,1,1,1,0,0]
384 [1,1,1,1,0,0][3,1,3,1,0,0][2,2,2,2,2,2][2,2,2,2,2,2][3,3,3,3,0,0][1,3,1,3,0,0]
385 [1,1,1,1,0,0][3,3,1,1,0,0][0,0,0,0,2,2][0,0,0,0,2,2][1,1,1,1,0,0][3,3,1,1,0,0]
386 [1,1,1,1,0,0][3,3,1,1,0,0][0,0,0,0,2,2][0,0,0,0,2,2][1,1,3,3,0,0][3,3,3,3,0,0]
391 [1,1,1,1,0,0][3,3,1,1,0,0][0,0,0,0,2,2][0,0,0,0,2,2][3,3,1,1,0,0][1,1,1,1,0,0]
392 [1,1,1,1,0,0][3,3,1,1,0,0][0,0,0,0,2,2][0,0,0,0,2,2][3,3,3,3,0,0][1,1,3,3,0,0]
393 [1,1,1,1,0,0][3,3,1,1,0,0][0,0,2,2,2,2][0,0,2,2,2,2][1,1,1,1,0,0][3,3,1,1,0,0]
394 [1,1,1,1,0,0][3,3,1,1,0,0][0,0,2,2,2,2][0,0,2,2,2,2][1,1,3,3,0,0][3,3,3,3,0,0]
399 [1,1,1,1,0,0][3,3,1,1,0,0][0,0,2,2,2,2][0,0,2,2,2,2][3,3,1,1,0,0][1,1,1,1,0,0]
400 [1,1,1,1,0,0][3,3,1,1,0,0][0,0,2,2,2,2][0,0,2,2,2,2][3,3,3,3,0,0][1,1,3,3,0,0]
433 [1,1,1,1,0,0][3,3,1,1,0,0][2,2,0,0,2,2][2,2,0,0,2,2][1,1,1,1,0,0][3,3,1,1,0,0]
434 [1,1,1,1,0,0][3,3,1,1,0,0][2,2,0,0,2,2][2,2,0,0,2,2][1,1,3,3,0,0][3,3,3,3,0,0]
439 [1,1,1,1,0,0][3,3,1,1,0,0][2,2,0,0,2,2][2,2,0,0,2,2][3,3,1,1,0,0][1,1,1,1,0,0]
440 [1,1,1,1,0,0][3,3,1,1,0,0][2,2,0,0,2,2][2,2,0,0,2,2][3,3,3,3,0,0][1,1,3,3,0,0]
441 [1,1,1,1,0,0][3,3,1,1,0,0][2,2,2,2,2,2][2,2,2,2,2,2][1,1,1,1,0,0][3,3,1,1,0,0]
442 [1,1,1,1,0,0][3,3,1,1,0,0][2,2,2,2,2,2][2,2,2,2,2,2][1,1,3,3,0,0][3,3,3,3,0,0]
447 [1,1,1,1,0,0][3,3,1,1,0,0][2,2,2,2,2,2][2,2,2,2,2,2][3,3,1,1,0,0][1,1,1,1,0,0]
448 [1,1,1,1,0,0][3,3,1,1,0,0][2,2,2,2,2,2][2,2,2,2,2,2][3,3,3,3,0,0][1,1,3,3,0,0]
449 [1,1,1,1,0,0][3,3,3,3,0,0][0,0,0,0,2,2][0,0,0,0,2,2][1,1,1,1,0,0][3,3,3,3,0,0]
450 [1,1,1,1,0,0][3,3,3,3,0,0][0,0,0,0,2,2][0,0,0,0,2,2][1,1,3,3,0,0][3,3,1,1,0,0]
451 [1,1,1,1,0,0][3,3,3,3,0,0][0,0,0,0,2,2][0,0,0,0,2,2][1,3,1,3,0,0][3,1,3,1,0,0]
454 [1,1,1,1,0,0][3,3,3,3,0,0][0,0,0,0,2,2][0,0,0,0,2,2][3,1,3,1,0,0][1,3,1,3,0,0]
455 [1,1,1,1,0,0][3,3,3,3,0,0][0,0,0,0,2,2][0,0,0,0,2,2][3,3,1,1,0,0][1,1,3,3,0,0]
456 [1,1,1,1,0,0][3,3,3,3,0,0][0,0,0,0,2,2][0,0,0,0,2,2][3,3,3,3,0,0][1,1,1,1,0,0]
457 [1,1,1,1,0,0][3,3,3,3,0,0][0,0,2,2,2,2][0,0,2,2,2,2][1,1,1,1,0,0][3,3,3,3,0,0]
458 [1,1,1,1,0,0][3,3,3,3,0,0][0,0,2,2,2,2][0,0,2,2,2,2][1,1,3,3,0,0][3,3,1,1,0,0]
463 [1,1,1,1,0,0][3,3,3,3,0,0][0,0,2,2,2,2][0,0,2,2,2,2][3,3,1,1,0,0][1,1,3,3,0,0]
464 [1,1,1,1,0,0][3,3,3,3,0,0][0,0,2,2,2,2][0,0,2,2,2,2][3,3,3,3,0,0][1,1,1,1,0,0]
465 [1,1,1,1,0,0][3,3,3,3,0,0][0,2,0,2,2,2][0,2,0,2,2,2][1,1,1,1,0,0][3,3,3,3,0,0]
467 [1,1,1,1,0,0][3,3,3,3,0,0][0,2,0,2,2,2][0,2,0,2,2,2][1,3,1,3,0,0][3,1,3,1,0,0]
470 [1,1,1,1,0,0][3,3,3,3,0,0][0,2,0,2,2,2][0,2,0,2,2,2][3,1,3,1,0,0][1,3,1,3,0,0]
472 [1,1,1,1,0,0][3,3,3,3,0,0][0,2,0,2,2,2][0,2,0,2,2,2][3,3,3,3,0,0][1,1,1,1,0,0]
489 [1,1,1,1,0,0][3,3,3,3,0,0][2,0,2,0,2,2][2,0,2,0,2,2][1,1,1,1,0,0][3,3,3,3,0,0]
491 [1,1,1,1,0,0][3,3,3,3,0,0][2,0,2,0,2,2][2,0,2,0,2,2][1,3,1,3,0,0][3,1,3,1,0,0]
494 [1,1,1,1,0,0][3,3,3,3,0,0][2,0,2,0,2,2][2,0,2,0,2,2][3,1,3,1,0,0][1,3,1,3,0,0]
496 [1,1,1,1,0,0][3,3,3,3,0,0][2,0,2,0,2,2][2,0,2,0,2,2][3,3,3,3,0,0][1,1,1,1,0,0]
497 [1,1,1,1,0,0][3,3,3,3,0,0][2,2,0,0,2,2][2,2,0,0,2,2][1,1,1,1,0,0][3,3,3,3,0,0]
498 [1,1,1,1,0,0][3,3,3,3,0,0][2,2,0,0,2,2][2,2,0,0,2,2][1,1,3,3,0,0][3,3,1,1,0,0]
503 [1,1,1,1,0,0][3,3,3,3,0,0][2,2,0,0,2,2][2,2,0,0,2,2][3,3,1,1,0,0][1,1,3,3,0,0]
504 [1,1,1,1,0,0][3,3,3,3,0,0][2,2,0,0,2,2][2,2,0,0,2,2][3,3,3,3,0,0][1,1,1,1,0,0]
505 [1,1,1,1,0,0][3,3,3,3,0,0][2,2,2,2,2,2][2,2,2,2,2,2][1,1,1,1,0,0][3,3,3,3,0,0]
506 [1,1,1,1,0,0][3,3,3,3,0,0][2,2,2,2,2,2][2,2,2,2,2,2][1,1,3,3,0,0][3,3,1,1,0,0]
507 [1,1,1,1,0,0][3,3,3,3,0,0][2,2,2,2,2,2][2,2,2,2,2,2][1,3,1,3,0,0][3,1,3,1,0,0]
510 [1,1,1,1,0,0][3,3,3,3,0,0][2,2,2,2,2,2][2,2,2,2,2,2][3,1,3,1,0,0][1,3,1,3,0,0]
511 [1,1,1,1,0,0][3,3,3,3,0,0][2,2,2,2,2,2][2,2,2,2,2,2][3,3,1,1,0,0][1,1,3,3,0,0]
512 [1,1,1,1,0,0][3,3,3,3,0,0][2,2,2,2,2,2][2,2,2,2,2,2][3,3,3,3,0,0][1,1,1,1,0,0]
513 [1,1,3,3,0,0][1,1,1,1,0,0][0,0,0,0,2,2][0,0,0,0,2,2][1,1,1,1,0,0][1,1,3,3,0,0]
514 [1,1,3,3,0,0][1,1,1,1,0,0][0,0,0,0,2,2][0,0,0,0,2,2][1,1,3,3,0,0][1,1,1,1,0,0]
519 [1,1,3,3,0,0][1,1,1,1,0,0][0,0,0,0,2,2][0,0,0,0,2,2][3,3,1,1,0,0][3,3,3,3,0,0]
520 [1,1,3,3,0,0][1,1,1,1,0,0][0,0,0,0,2,2][0,0,0,0,2,2][3,3,3,3,0,0][3,3,1,1,0,0]
521 [1,1,3,3,0,0][1,1,1,1,0,0][0,0,2,2,2,2][0,0,2,2,2,2][1,1,1,1,0,0][1,1,3,3,0,0]
522 [1,1,3,3,0,0][1,1,1,1,0,0][0,0,2,2,2,2][0,0,2,2,2,2][1,1,3,3,0,0][1,1,1,1,0,0]
527 [1,1,3,3,0,0][1,1,1,1,0,0][0,0,2,2,2,2][0,0,2,2,2,2][3,3,1,1,0,0][3,3,3,3,0,0]
528 [1,1,3,3,0,0][1,1,1,1,0,0][0,0,2,2,2,2][0,0,2,2,2,2][3,3,3,3,0,0][3,3,1,1,0,0]
561 [1,1,3,3,0,0][1,1,1,1,0,0][2,2,0,0,2,2][2,2,0,0,2,2][1,1,1,1,0,0][1,1,3,3,0,0]
562 [1,1,3,3,0,0][1,1,1,1,0,0][2,2,0,0,2,2][2,2,0,0,2,2][1,1,3,3,0,0][1,1,1,1,0,0]
567 [1,1,3,3,0,0][1,1,1,1,0,0][2,2,0,0,2,2][2,2,0,0,2,2][3,3,1,1,0,0][3,3,3,3,0,0]
568 [1,1,3,3,0,0][1,1,1,1,0,0][2,2,0,0,2,2][2,2,0,0,2,2][3,3,3,3,0,0][3,3,1,1,0,0]
569 [1,1,3,3,0,0][1,1,1,1,0,0][2,2,2,2,2,2][2,2,2,2,2,2][1,1,1,1,0,0][1,1,3,3,0,0]
570 [1,1,3,3,0,0][1,1,1,1,0,0][2,2,2,2,2,2][2,2,2,2,2,2][1,1,3,3,0,0][1,1,1,1,0,0]
575 [1,1,3,3,0,0][1,1,1,1,0,0][2,2,2,2,2,2][2,2,2,2,2,2][3,3,1,1,0,0][3,3,3,3,0,0]
576 [1,1,3,3,0,0][1,1,1,1,0,0][2,2,2,2,2,2][2,2,2,2,2,2][3,3,3,3,0,0][3,3,1,1,0,0]
577 [1,1,3,3,0,0][1,1,3,3,0,0][0,0,0,0,2,2][0,0,0,0,2,2][1,1,1,1,0,0][1,1,1,1,0,0]
578 [1,1,3,3,0,0][1,1,3,3,0,0][0,0,0,0,2,2][0,0,0,0,2,2][1,1,3,3,0,0][1,1,3,3,0,0]
579 [1,1,3,3,0,0][1,1,3,3,0,0][0,0,0,0,2,2][0,0,0,0,2,2][1,3,1,3,0,0][1,3,1,3,0,0]
580 [1,1,3,3,0,0][1,1,3,3,0,0][0,0,0,0,2,2][0,0,0,0,2,2][1,3,3,1,0,0][1,3,3,1,0,0]
581 [1,1,3,3,0,0][1,1,3,3,0,0][0,0,0,0,2,2][0,0,0,0,2,2][3,1,1,3,0,0][3,1,1,3,0,0]
582 [1,1,3,3,0,0][1,1,3,3,0,0][0,0,0,0,2,2][0,0,0,0,2,2][3,1,3,1,0,0][3,1,3,1,0,0]
583 [1,1,3,3,0,0][1,1,3,3,0,0][0,0,0,0,2,2][0,0,0,0,2,2][3,3,1,1,0,0][3,3,1,1,0,0]
584 [1,1,3,3,0,0][1,1,3,3,0,0][0,0,0,0,2,2][0,0,0,0,2,2][3,3,3,3,0,0][3,3,3,3,0,0]
585 [1,1,3,3,0,0][1,1,3,3,0,0][0,0,2,2,2,2][0,0,2,2,2,2][1,1,1,1,0,0][1,1,1,1,0,0]
586 [1,1,3,3,0,0][1,1,3,3,0,0][0,0,2,2,2,2][0,0,2,2,2,2][1,1,3,3,0,0][1,1,3,3,0,0]
587 [1,1,3,3,0,0][1,1,3,3,0,0][0,0,2,2,2,2][0,0,2,2,2,2][1,3,1,3,0,0][1,3,1,3,0,0]
588 [1,1,3,3,0,0][1,1,3,3,0,0][0,0,2,2,2,2][0,0,2,2,2,2][1,3,3,1,0,0][1,3,3,1,0,0]
589 [1,1,3,3,0,0][1,1,3,3,0,0][0,0,2,2,2,2][0,0,2,2,2,2][3,1,1,3,0,0][3,1,1,3,0,0]
590 [1,1,3,3,0,0][1,1,3,3,0,0][0,0,2,2,2,2][0,0,2,2,2,2][3,1,3,1,0,0][3,1,3,1,0,0]
591 [1,1,3,3,0,0][1,1,3,3,0,0][0,0,2,2,2,2][0,0,2,2,2,2][3,3,1,1,0,0][3,3,1,1,0,0]
592 [1,1,3,3,0,0][1,1,3,3,0,0][0,0,2,2,2,2][0,0,2,2,2,2][3,3,3,3,0,0][3,3,3,3,0,0]
593 [1,1,3,3,0,0][1,1,3,3,0,0][0,2,0,2,2,2][0,2,0,2,2,2][1,1,1,1,0,0][1,1,1,1,0,0]
594 [1,1,3,3,0,0][1,1,3,3,0,0][0,2,0,2,2,2][0,2,0,2,2,2][1,1,3,3,0,0][1,1,3,3,0,0]
595 [1,1,3,3,0,0][1,1,3,3,0,0][0,2,0,2,2,2][0,2,0,2,2,2][1,3,1,3,0,0][1,3,1,3,0,0]
596 [1,1,3,3,0,0][1,1,3,3,0,0][0,2,0,2,2,2][0,2,0,2,2,2][1,3,3,1,0,0][1,3,3,1,0,0]
597 [1,1,3,3,0,0][1,1,3,3,0,0][0,2,0,2,2,2][0,2,0,2,2,2][3,1,1,3,0,0][3,1,1,3,0,0]
598 [1,1,3,3,0,0][1,1,3,3,0,0][0,2,0,2,2,2][0,2,0,2,2,2][3,1,3,1,0,0][3,1,3,1,0,0]
599 [1,1,3,3,0,0][1,1,3,3,0,0][0,2,0,2,2,2][0,2,0,2,2,2][3,3,1,1,0,0][3,3,1,1,0,0]
600 [1,1,3,3,0,0][1,1,3,3,0,0][0,2,0,2,2,2][0,2,0,2,2,2][3,3,3,3,0,0][3,3,3,3,0,0]
601 [1,1,3,3,0,0][1,1,3,3,0,0][0,2,2,0,2,2][0,2,2,0,2,2][1,1,1,1,0,0][1,1,1,1,0,0]
602 [1,1,3,3,0,0][1,1,3,3,0,0][0,2,2,0,2,2][0,2,2,0,2,2][1,1,3,3,0,0][1,1,3,3,0,0]
603 [1,1,3,3,0,0][1,1,3,3,0,0][0,2,2,0,2,2][0,2,2,0,2,2][1,3,1,3,0,0][1,3,1,3,0,0]
604 [1,1,3,3,0,0][1,1,3,3,0,0][0,2,2,0,2,2][0,2,2,0,2,2][1,3,3,1,0,0][1,3,3,1,0,0]
605 [1,1,3,3,0,0][1,1,3,3,0,0][0,2,2,0,2,2][0,2,2,0,2,2][3,1,1,3,0,0][3,1,1,3,0,0]
606 [1,1,3,3,0,0][1,1,3,3,0,0][0,2,2,0,2,2][0,2,2,0,2,2][3,1,3,1,0,0][3,1,3,1,0,0]
607 [1,1,3,3,0,0][1,1,3,3,0,0][0,2,2,0,2,2][0,2,2,0,2,2][3,3,1,1,0,0][3,3,1,1,0,0]
608 [1,1,3,3,0,0][1,1,3,3,0,0][0,2,2,0,2,2][0,2,2,0,2,2][3,3,3,3,0,0][3,3,3,3,0,0]
609 [1,1,3,3,0,0][1,1,3,3,0,0][2,0,0,2,2,2][2,0,0,2,2,2][1,1,1,1,0,0][1,1,1,1,0,0]
610 [1,1,3,3,0,0][1,1,3,3,0,0][2,0,0,2,2,2][2,0,0,2,2,2][1,1,3,3,0,0][1,1,3,3,0,0]
611 [1,1,3,3,0,0][1,1,3,3,0,0][2,0,0,2,2,2][2,0,0,2,2,2][1,3,1,3,0,0][1,3,1,3,0,0]
612 [1,1,3,3,0,0][1,1,3,3,0,0][2,0,0,2,2,2][2,0,0,2,2,2][1,3,3,1,0,0][1,3,3,1,0,0]
613 [1,1,3,3,0,0][1,1,3,3,0,0][2,0,0,2,2,2][2,0,0,2,2,2][3,1,1,3,0,0][3,1,1,3,0,0]
614 [1,1,3,3,0,0][1,1,3,3,0,0][2,0,0,2,2,2][2,0,0,2,2,2][3,1,3,1,0,0][3,1,3,1,0,0]
615 [1,1,3,3,0,0][1,1,3,3,0,0][2,0,0,2,2,2][2,0,0,2,2,2][3,3,1,1,0,0][3,3,1,1,0,0]
616 [1,1,3,3,0,0][1,1,3,3,0,0][2,0,0,2,2,2][2,0,0,2,2,2][3,3,3,3,0,0][3,3,3,3,0,0]
617 [1,1,3,3,0,0][1,1,3,3,0,0][2,0,2,0,2,2][2,0,2,0,2,2][1,1,1,1,0,0][1,1,1,1,0,0]
618 [1,1,3,3,0,0][1,1,3,3,0,0][2,0,2,0,2,2][2,0,2,0,2,2][1,1,3,3,0,0][1,1,3,3,0,0]
619 [1,1,3,3,0,0][1,1,3,3,0,0][2,0,2,0,2,2][2,0,2,0,2,2][1,3,1,3,0,0][1,3,1,3,0,0]
620 [1,1,3,3,0,0][1,1,3,3,0,0][2,0,2,0,2,2][2,0,2,0,2,2][1,3,3,1,0,0][1,3,3,1,0,0]
621 [1,1,3,3,0,0][1,1,3,3,0,0][2,0,2,0,2,2][2,0,2,0,2,2][3,1,1,3,0,0][3,1,1,3,0,0]
622 [1,1,3,3,0,0][1,1,3,3,0,0][2,0,2,0,2,2][2,0,2,0,2,2][3,1,3,1,0,0][3,1,3,1,0,0]
623 [1,1,3,3,0,0][1,1,3,3,0,0][2,0,2,0,2,2][2,0,2,0,2,2][3,3,1,1,0,0][3,3,1,1,0,0]
624 [1,1,3,3,0,0][1,1,3,3,0,0][2,0,2,0,2,2][2,0,2,0,2,2][3,3,3,3,0,0][3,3,3,3,0,0]
625 [1,1,3,3,0,0][1,1,3,3,0,0][2,2,0,0,2,2][2,2,0,0,2,2][1,1,1,1,0,0][1,1,1,1,0,0]
626 [1,1,3,3,0,0][1,1,3,3,0,0][2,2,0,0,2,2][2,2,0,0,2,2][1,1,3,3,0,0][1,1,3,3,0,0]
627 [1,1,3,3,0,0][1,1,3,3,0,0][2,2,0,0,2,2][2,2,0,0,2,2][1,3,1,3,0,0][1,3,1,3,0,0]
628 [1,1,3,3,0,0][1,1,3,3,0,0][2,2,0,0,2,2][2,2,0,0,2,2][1,3,3,1,0,0][1,3,3,1,0,0]
629 [1,1,3,3,0,0][1,1,3,3,0,0][2,2,0,0,2,2][2,2,0,0,2,2][3,1,1,3,0,0][3,1,1,3,0,0]
630 [1,1,3,3,0,0][1,1,3,3,0,0][2,2,0,0,2,2][2,2,0,0,2,2][3,1,3,1,0,0][3,1,3,1,0,0]
631 [1,1,3,3,0,0][1,1,3,3,0,0][2,2,0,0,2,2][2,2,0,0,2,2][3,3,1,1,0,0][3,3,1,1,0,0]
632 [1,1,3,3,0,0][1,1,3,3,0,0][2,2,0,0,2,2][2,2,0,0,2,2][3,3,3,3,0,0][3,3,3,3,0,0]
633 [1,1,3,3,0,0][1,1,3,3,0,0][2,2,2,2,2,2][2,2,2,2,2,2][1,1,1,1,0,0][1,1,1,1,0,0]
634 [1,1,3,3,0,0][1,1,3,3,0,0][2,2,2,2,2,2][2,2,2,2,2,2][1,1,3,3,0,0][1,1,3,3,0,0]
635 [1,1,3,3,0,0][1,1,3,3,0,0][2,2,2,2,2,2][2,2,2,2,2,2][1,3,1,3,0,0][1,3,1,3,0,0]
636 [1,1,3,3,0,0][1,1,3,3,0,0][2,2,2,2,2,2][2,2,2,2,2,2][1,3,3,1,0,0][1,3,3,1,0,0]
637 [1,1,3,3,0,0][1,1,3,3,0,0][2,2,2,2,2,2][2,2,2,2,2,2][3,1,1,3,0,0][3,1,1,3,0,0]
638 [1,1,3,3,0,0][1,1,3,3,0,0][2,2,2,2,2,2][2,2,2,2,2,2][3,1,3,1,0,0][3,1,3,1,0,0]
639 [1,1,3,3,0,0][1,1,3,3,0,0][2,2,2,2,2,2][2,2,2,2,2,2][3,3,1,1,0,0][3,3,1,1,0,0]
640 [1,1,3,3,0,0][1,1,3,3,0,0][2,2,2,2,2,2][2,2,2,2,2,2][3,3,3,3,0,0][3,3,3,3,0,0]
897 [1,1,3,3,0,0][3,3,1,1,0,0][0,0,0,0,2,2][0,0,0,0,2,2][1,1,1,1,0,0][3,3,3,3,0,0]
898 [1,1,3,3,0,0][3,3,1,1,0,0][0,0,0,0,2,2][0,0,0,0,2,2][1,1,3,3,0,0][3,3,1,1,0,0]
903 [1,1,3,3,0,0][3,3,1,1,0,0][0,0,0,0,2,2][0,0,0,0,2,2][3,3,1,1,0,0][1,1,3,3,0,0]
904 [1,1,3,3,0,0][3,3,1,1,0,0][0,0,0,0,2,2][0,0,0,0,2,2][3,3,3,3,0,0][1,1,1,1,0,0]
905 [1,1,3,3,0,0][3,3,1,1,0,0][0,0,2,2,2,2][0,0,2,2,2,2][1,1,1,1,0,0][3,3,3,3,0,0]
906 [1,1,3,3,0,0][3,3,1,1,0,0][0,0,2,2,2,2][0,0,2,2,2,2][1,1,3,3,0,0][3,3,1,1,0,0]
911 [1,1,3,3,0,0][3,3,1,1,0,0][0,0,2,2,2,2][0,0,2,2,2,2][3,3,1,1,0,0][1,1,3,3,0,0]
912 [1,1,3,3,0,0][3,3,1,1,0,0][0,0,2,2,2,2][0,0,2,2,2,2][3,3,3,3,0,0][1,1,1,1,0,0]
945 [1,1,3,3,0,0][3,3,1,1,0,0][2,2,0,0,2,2][2,2,0,0,2,2][1,1,1,1,0,0][3,3,3,3,0,0]
946 [1,1,3,3,0,0][3,3,1,1,0,0][2,2,0,0,2,2][2,2,0,0,2,2][1,1,3,3,0,0][3,3,1,1,0,0]
951 [1,1,3,3,0,0][3,3,1,1,0,0][2,2,0,0,2,2][2,2,0,0,2,2][3,3,1,1,0,0][1,1,3,3,0,0]
952 [1,1,3,3,0,0][3,3,1,1,0,0][2,2,0,0,2,2][2,2,0,0,2,2][3,3,3,3,0,0][1,1,1,1,0,0]
953 [1,1,3,3,0,0][3,3,1,1,0,0][2,2,2,2,2,2][2,2,2,2,2,2][1,1,1,1,0,0][3,3,3,3,0,0]
954 [1,1,3,3,0,0][3,3,1,1,0,0][2,2,2,2,2,2][2,2,2,2,2,2][1,1,3,3,0,0][3,3,1,1,0,0]
959 [1,1,3,3,0,0][3,3,1,1,0,0][2,2,2,2,2,2][2,2,2,2,2,2][3,3,1,1,0,0][1,1,3,3,0,0]
960 [1,1,3,3,0,0][3,3,1,1,0,0][2,2,2,2,2,2][2,2,2,2,2,2][3,3,3,3,0,0][1,1,1,1,0,0]
961 [1,1,3,3,0,0][3,3,3,3,0,0][0,0,0,0,2,2][0,0,0,0,2,2][1,1,1,1,0,0][3,3,1,1,0,0]
962 [1,1,3,3,0,0][3,3,3,3,0,0][0,0,0,0,2,2][0,0,0,0,2,2][1,1,3,3,0,0][3,3,3,3,0,0]
967 [1,1,3,3,0,0][3,3,3,3,0,0][0,0,0,0,2,2][0,0,0,0,2,2][3,3,1,1,0,0][1,1,1,1,0,0]
968 [1,1,3,3,0,0][3,3,3,3,0,0][0,0,0,0,2,2][0,0,0,0,2,2][3,3,3,3,0,0][1,1,3,3,0,0]
969 [1,1,3,3,0,0][3,3,3,3,0,0][0,0,2,2,2,2][0,0,2,2,2,2][1,1,1,1,0,0][3,3,1,1,0,0]
970 [1,1,3,3,0,0][3,3,3,3,0,0][0,0,2,2,2,2][0,0,2,2,2,2][1,1,3,3,0,0][3,3,3,3,0,0]
975 [1,1,3,3,0,0][3,3,3,3,0,0][0,0,2,2,2,2][0,0,2,2,2,2][3,3,1,1,0,0][1,1,1,1,0,0]
976 [1,1,3,3,0,0][3,3,3,3,0,0][0,0,2,2,2,2][0,0,2,2,2,2][3,3,3,3,0,0][1,1,3,3,0,0]
1009 [1,1,3,3,0,0][3,3,3,3,0,0][2,2,0,0,2,2][2,2,0,0,2,2][1,1,1,1,0,0][3,3,1,1,0,0]
1010 [1,1,3,3,0,0][3,3,3,3,0,0][2,2,0,0,2,2][2,2,0,0,2,2][1,1,3,3,0,0][3,3,3,3,0,0]
1015 [1,1,3,3,0,0][3,3,3,3,0,0][2,2,0,0,2,2][2,2,0,0,2,2][3,3,1,1,0,0][1,1,1,1,0,0]
1016 [1,1,3,3,0,0][3,3,3,3,0,0][2,2,0,0,2,2][2,2,0,0,2,2][3,3,3,3,0,0][1,1,3,3,0,0]
1017 [1,1,3,3,0,0][3,3,3,3,0,0][2,2,2,2,2,2][2,2,2,2,2,2][1,1,1,1,0,0][3,3,1,1,0,0]
1018 [1,1,3,3,0,0][3,3,3,3,0,0][2,2,2,2,2,2][2,2,2,2,2,2][1,1,3,3,0,0][3,3,3,3,0,0]
1023 [1,1,3,3,0,0][3,3,3,3,0,0][2,2,2,2,2,2][2,2,2,2,2,2][3,3,1,1,0,0][1,1,1,1,0,0]
1024 [1,1,3,3,0,0][3,3,3,3,0,0][2,2,2,2,2,2][2,2,2,2,2,2][3,3,3,3,0,0][1,1,3,3,0,0]
1025 [1,3,1,3,0,0][1,1,1,1,0,0][0,0,0,0,2,2][0,0,0,0,2,2][1,1,1,1,0,0][1,3,1,3,0,0]
1027 [1,3,1,3,0,0][1,1,1,1,0,0][0,0,0,0,2,2][0,0,0,0,2,2][1,3,1,3,0,0][1,1,1,1,0,0]
1030 [1,3,1,3,0,0][1,1,1,1,0,0][0,0,0,0,2,2][0,0,0,0,2,2][3,1,3,1,0,0][3,3,3,3,0,0]
1032 [1,3,1,3,0,0][1,1,1,1,0,0][0,0,0,0,2,2][0,0,0,0,2,2][3,3,3,3,0,0][3,1,3,1,0,0]
1041 [1,3,1,3,0,0][1,1,1,1,0,0][0,2,0,2,2,2][0,2,0,2,2,2][1,1,1,1,0,0][1,3,1,3,0,0]
1043 [1,3,1,3,0,0][1,1,1,1,0,0][0,2,0,2,2,2][0,2,0,2,2,2][1,3,1,3,0,0][1,1,1,1,0,0]
1046 [1,3,1,3,0,0][1,1,1,1,0,0][0,2,0,2,2,2][0,2,0,2,2,2][3,1,3,1,0,0][3,3,3,3,0,0]
1048 [1,3,1,3,0,0][1,1,1,1,0,0][0,2,0,2,2,2][0,2,0,2,2,2][3,3,3,3,0,0][3,1,3,1,0,0]
1065 [1,3,1,3,0,0][1,1,1,1,0,0][2,0,2,0,2,2][2,0,2,0,2,2][1,1,1,1,0,0][1,3,1,3,0,0]
1067 [1,3,1,3,0,0][1,1,1,1,0,0][2,0,2,0,2,2][2,0,2,0,2,2][1,3,1,3,0,0][1,1,1,1,0,0]
1070 [1,3,1,3,0,0][1,1,1,1,0,0][2,0,2,0,2,2][2,0,2,0,2,2][3,1,3,1,0,0][3,3,3,3,0,0]
1072 [1,3,1,3,0,0][1,1,1,1,0,0][2,0,2,0,2,2][2,0,2,0,2,2][3,3,3,3,0,0][3,1,3,1,0,0]
1081 [1,3,1,3,0,0][1,1,1,1,0,0][2,2,2,2,2,2][2,2,2,2,2,2][1,1,1,1,0,0][1,3,1,3,0,0]
1083 [1,3,1,3,0,0][1,1,1,1,0,0][2,2,2,2,2,2][2,2,2,2,2,2][1,3,1,3,0,0][1,1,1,1,0,0]
1086 [1,3,1,3,0,0][1,1,1,1,0,0][2,2,2,2,2,2][2,2,2,2,2,2][3,1,3,1,0,0][3,3,3,3,0,0]
1088 [1,3,1,3,0,0][1,1,1,1,0,0][2,2,2,2,2,2][2,2,2,2,2,2][3,3,3,3,0,0][3,1,3,1,0,0]
1153 [1,3,1,3,0,0][1,3,1,3,0,0][0,0,0,0,2,2][0,0,0,0,2,2][1,1,1,1,0,0][1,1,1,1,0,0]
1154 [1,3,1,3,0,0][1,3,1,3,0,0][0,0,0,0,2,2][0,0,0,0,2,2][1,1,3,3,0,0][1,1,3,3,0,0]
1155 [1,3,1,3,0,0][1,3,1,3,0,0][0,0,0,0,2,2][0,0,0,0,2,2][1,3,1,3,0,0][1,3,1,3,0,0]
1156 [1,3,1,3,0,0][1,3,1,3,0,0][0,0,0,0,2,2][0,0,0,0,2,2][1,3,3,1,0,0][1,3,3,1,0,0]
1157 [1,3,1,3,0,0][1,3,1,3,0,0][0,0,0,0,2,2][0,0,0,0,2,2][3,1,1,3,0,0][3,1,1,3,0,0]
1158 [1,3,1,3,0,0][1,3,1,3,0,0][0,0,0,0,2,2][0,0,0,0,2,2][3,1,3,1,0,0][3,1,3,1,0,0]
1159 [1,3,1,3,0,0][1,3,1,3,0,0][0,0,0,0,2,2][0,0,0,0,2,2][3,3,1,1,0,0][3,3,1,1,0,0]
1160 [1,3,1,3,0,0][1,3,1,3,0,0][0,0,0,0,2,2][0,0,0,0,2,2][3,3,3,3,0,0][3,3,3,3,0,0]
1161 [1,3,1,3,0,0][1,3,1,3,0,0][0,0,2,2,2,2][0,0,2,2,2,2][1,1,1,1,0,0][1,1,1,1,0,0]
1162 [1,3,1,3,0,0][1,3,1,3,0,0][0,0,2,2,2,2][0,0,2,2,2,2][1,1,3,3,0,0][1,1,3,3,0,0]
1163 [1,3,1,3,0,0][1,3,1,3,0,0][0,0,2,2,2,2][0,0,2,2,2,2][1,3,1,3,0,0][1,3,1,3,0,0]
1164 [1,3,1,3,0,0][1,3,1,3,0,0][0,0,2,2,2,2][0,0,2,2,2,2][1,3,3,1,0,0][1,3,3,1,0,0]
1165 [1,3,1,3,0,0][1,3,1,3,0,0][0,0,2,2,2,2][0,0,2,2,2,2][3,1,1,3,0,0][3,1,1,3,0,0]
1166 [1,3,1,3,0,0][1,3,1,3,0,0][0,0,2,2,2,2][0,0,2,2,2,2][3,1,3,1,0,0][3,1,3,1,0,0]
1167 [1,3,1,3,0,0][1,3,1,3,0,0][0,0,2,2,2,2][0,0,2,2,2,2][3,3,1,1,0,0][3,3,1,1,0,0]
1168 [1,3,1,3,0,0][1,3,1,3,0,0][0,0,2,2,2,2][0,0,2,2,2,2][3,3,3,3,0,0][3,3,3,3,0,0]
1169 [1,3,1,3,0,0][1,3,1,3,0,0][0,2,0,2,2,2][0,2,0,2,2,2][1,1,1,1,0,0][1,1,1,1,0,0]
1170 [1,3,1,3,0,0][1,3,1,3,0,0][0,2,0,2,2,2][0,2,0,2,2,2][1,1,3,3,0,0][1,1,3,3,0,0]
1171 [1,3,1,3,0,0][1,3,1,3,0,0][0,2,0,2,2,2][0,2,0,2,2,2][1,3,1,3,0,0][1,3,1,3,0,0]
1172 [1,3,1,3,0,0][1,3,1,3,0,0][0,2,0,2,2,2][0,2,0,2,2,2][1,3,3,1,0,0][1,3,3,1,0,0]
1173 [1,3,1,3,0,0][1,3,1,3,0,0][0,2,0,2,2,2][0,2,0,2,2,2][3,1,1,3,0,0][3,1,1,3,0,0]
1174 [1,3,1,3,0,0][1,3,1,3,0,0][0,2,0,2,2,2][0,2,0,2,2,2][3,1,3,1,0,0][3,1,3,1,0,0]
1175 [1,3,1,3,0,0][1,3,1,3,0,0][0,2,0,2,2,2][0,2,0,2,2,2][3,3,1,1,0,0][3,3,1,1,0,0]
1176 [1,3,1,3,0,0][1,3,1,3,0,0][0,2,0,2,2,2][0,2,0,2,2,2][3,3,3,3,0,0][3,3,3,3,0,0]
1177 [1,3,1,3,0,0][1,3,1,3,0,0][0,2,2,0,2,2][0,2,2,0,2,2][1,1,1,1,0,0][1,1,1,1,0,0]
1178 [1,3,1,3,0,0][1,3,1,3,0,0][0,2,2,0,2,2][0,2,2,0,2,2][1,1,3,3,0,0][1,1,3,3,0,0]
1179 [1,3,1,3,0,0][1,3,1,3,0,0][0,2,2,0,2,2][0,2,2,0,2,2][1,3,1,3,0,0][1,3,1,3,0,0]
1180 [1,3,1,3,0,0][1,3,1,3,0,0][0,2,2,0,2,2][0,2,2,0,2,2][1,3,3,1,0,0][1,3,3,1,0,0]
1181 [1,3,1,3,0,0][1,3,1,3,0,0][0,2,2,0,2,2][0,2,2,0,2,2][3,1,1,3,0,0][3,1,1,3,0,0]
1182 [1,3,1,3,0,0][1,3,1,3,0,0][0,2,2,0,2,2][0,2,2,0,2,2][3,1,3,1,0,0][3,1,3,1,0,0]
1183 [1,3,1,3,0,0][1,3,1,3,0,0][0,2,2,0,2,2][0,2,2,0,2,2][3,3,1,1,0,0][3,3,1,1,0,0]
1184 [1,3,1,3,0,0][1,3,1,3,0,0][0,2,2,0,2,2][0,2,2,0,2,2][3,3,3,3,0,0][3,3,3,3,0,0]
1185 [1,3,1,3,0,0][1,3,1,3,0,0][2,0,0,2,2,2][2,0,0,2,2,2][1,1,1,1,0,0][1,1,1,1,0,0]
1186 [1,3,1,3,0,0][1,3,1,3,0,0][2,0,0,2,2,2][2,0,0,2,2,2][1,1,3,3,0,0][1,1,3,3,0,0]
1187 [1,3,1,3,0,0][1,3,1,3,0,0][2,0,0,2,2,2][2,0,0,2,2,2][1,3,1,3,0,0][1,3,1,3,0,0]
1188 [1,3,1,3,0,0][1,3,1,3,0,0][2,0,0,2,2,2][2,0,0,2,2,2][1,3,3,1,0,0][1,3,3,1,0,0]
1189 [1,3,1,3,0,0][1,3,1,3,0,0][2,0,0,2,2,2][2,0,0,2,2,2][3,1,1,3,0,0][3,1,1,3,0,0]
1190 [1,3,1,3,0,0][1,3,1,3,0,0][2,0,0,2,2,2][2,0,0,2,2,2][3,1,3,1,0,0][3,1,3,1,0,0]
1191 [1,3,1,3,0,0][1,3,1,3,0,0][2,0,0,2,2,2][2,0,0,2,2,2][3,3,1,1,0,0][3,3,1,1,0,0]
1192 [1,3,1,3,0,0][1,3,1,3,0,0][2,0,0,2,2,2][2,0,0,2,2,2][3,3,3,3,0,0][3,3,3,3,0,0]
1193 [1,3,1,3,0,0][1,3,1,3,0,0][2,0,2,0,2,2][2,0,2,0,2,2][1,1,1,1,0,0][1,1,1,1,0,0]
1194 [1,3,1,3,0,0][1,3,1,3,0,0][2,0,2,0,2,2][2,0,2,0,2,2][1,1,3,3,0,0][1,1,3,3,0,0]
1195 [1,3,1,3,0,0][1,3,1,3,0,0][2,0,2,0,2,2][2,0,2,0,2,2][1,3,1,3,0,0][1,3,1,3,0,0]
1196 [1,3,1,3,0,0][1,3,1,3,0,0][2,0,2,0,2,2][2,0,2,0,2,2][1,3,3,1,0,0][1,3,3,1,0,0]
1197 [1,3,1,3,0,0][1,3,1,3,0,0][2,0,2,0,2,2][2,0,2,0,2,2][3,1,1,3,0,0][3,1,1,3,0,0]
1198 [1,3,1,3,0,0][1,3,1,3,0,0][2,0,2,0,2,2][2,0,2,0,2,2][3,1,3,1,0,0][3,1,3,1,0,0]
1199 [1,3,1,3,0,0][1,3,1,3,0,0][2,0,2,0,2,2][2,0,2,0,2,2][3,3,1,1,0,0][3,3,1,1,0,0]
1200 [1,3,1,3,0,0][1,3,1,3,0,0][2,0,2,0,2,2][2,0,2,0,2,2][3,3,3,3,0,0][3,3,3,3,0,0]
1201 [1,3,1,3,0,0][1,3,1,3,0,0][2,2,0,0,2,2][2,2,0,0,2,2][1,1,1,1,0,0][1,1,1,1,0,0]
1202 [1,3,1,3,0,0][1,3,1,3,0,0][2,2,0,0,2,2][2,2,0,0,2,2][1,1,3,3,0,0][1,1,3,3,0,0]
1203 [1,3,1,3,0,0][1,3,1,3,0,0][2,2,0,0,2,2][2,2,0,0,2,2][1,3,1,3,0,0][1,3,1,3,0,0]
1204 [1,3,1,3,0,0][1,3,1,3,0,0][2,2,0,0,2,2][2,2,0,0,2,2][1,3,3,1,0,0][1,3,3,1,0,0]
1205 [1,3,1,3,0,0][1,3,1,3,0,0][2,2,0,0,2,2][2,2,0,0,2,2][3,1,1,3,0,0][3,1,1,3,0,0]
1206 [1,3,1,3,0,0][1,3,1,3,0,0][2,2,0,0,2,2][2,2,0,0,2,2][3,1,3,1,0,0][3,1,3,1,0,0]
1207 [1,3,1,3,0,0][1,3,1,3,0,0][2,2,0,0,2,2][2,2,0,0,2,2][3,3,1,1,0,0][3,3,1,1,0,0]
1208 [1,3,1,3,0,0][1,3,1,3,0,0][2,2,0,0,2,2][2,2,0,0,2,2][3,3,3,3,0,0][3,3,3,3,0,0]
1209 [1,3,1,3,0,0][1,3,1,3,0,0][2,2,2,2,2,2][2,2,2,2,2,2][1,1,1,1,0,0][1,1,1,1,0,0]
1210 [1,3,1,3,0,0][1,3,1,3,0,0][2,2,2,2,2,2][2,2,2,2,2,2][1,1,3,3,0,0][1,1,3,3,0,0]
1211 [1,3,1,3,0,0][1,3,1,3,0,0][2,2,2,2,2,2][2,2,2,2,2,2][1,3,1,3,0,0][1,3,1,3,0,0]
1212 [1,3,1,3,0,0][1,3,1,3,0,0][2,2,2,2,2,2][2,2,2,2,2,2][1,3,3,1,0,0][1,3,3,1,0,0]
1213 [1,3,1,3,0,0][1,3,1,3,0,0][2,2,2,2,2,2][2,2,2,2,2,2][3,1,1,3,0,0][3,1,1,3,0,0]
1214 [1,3,1,3,0,0][1,3,1,3,0,0][2,2,2,2,2,2][2,2,2,2,2,2][3,1,3,1,0,0][3,1,3,1,0,0]
1215 [1,3,1,3,0,0][1,3,1,3,0,0][2,2,2,2,2,2][2,2,2,2,2,2][3,3,1,1,0,0][3,3,1,1,0,0]
1216 [1,3,1,3,0,0][1,3,1,3,0,0][2,2,2,2,2,2][2,2,2,2,2,2][3,3,3,3,0,0][3,3,3,3,0,0]
1345 [1,3,1,3,0,0][3,1,3,1,0,0][0,0,0,0,2,2][0,0,0,0,2,2][1,1,1,1,0,0][3,3,3,3,0,0]
1347 [1,3,1,3,0,0][3,1,3,1,0,0][0,0,0,0,2,2][0,0,0,0,2,2][1,3,1,3,0,0][3,1,3,1,0,0]
1350 [1,3,1,3,0,0][3,1,3,1,0,0][0,0,0,0,2,2][0,0,0,0,2,2][3,1,3,1,0,0][1,3,1,3,0,0]
1352 [1,3,1,3,0,0][3,1,3,1,0,0][0,0,0,0,2,2][0,0,0,0,2,2][3,3,3,3,0,0][1,1,1,1,0,0]
1361 [1,3,1,3,0,0][3,1,3,1,0,0][0,2,0,2,2,2][0,2,0,2,2,2][1,1,1,1,0,0][3,3,3,3,0,0]
1363 [1,3,1,3,0,0][3,1,3,1,0,0][0,2,0,2,2,2][0,2,0,2,2,2][1,3,1,3,0,0][3,1,3,1,0,0]
1366 [1,3,1,3,0,0][3,1,3,1,0,0][0,2,0,2,2,2][0,2,0,2,2,2][3,1,3,1,0,0][1,3,1,3,0,0]
1368 [1,3,1,3,0,0][3,1,3,1,0,0][0,2,0,2,2,2][0,2,0,2,2,2][3,3,3,3,0,0][1,1,1,1,0,0]
1385 [1,3,1,3,0,0][3,1,3,1,0,0][2,0,2,0,2,2][2,0,2,0,2,2][1,1,1,1,0,0][3,3,3,3,0,0]
1387 [1,3,1,3,0,0][3,1,3,1,0,0][2,0,2,0,2,2][2,0,2,0,2,2][1,3,1,3,0,0][3,1,3,1,0,0]
1390 [1,3,1,3,0,0][3,1,3,1,0,0][2,0,2,0,2,2][2,0,2,0,2,2][3,1,3,1,0,0][1,3,1,3,0,0]
1392 [1,3,1,3,0,0][3,1,3,1,0,0][2,0,2,0,2,2][2,0,2,0,2,2][3,3,3,3,0,0][1,1,1,1,0,0]
1401 [1,3,1,3,0,0][3,1,3,1,0,0][2,2,2,2,2,2][2,2,2,2,2,2][1,1,1,1,0,0][3,3,3,3,0,0]
1403 [1,3,1,3,0,0][3,1,3,1,0,0][2,2,2,2,2,2][2,2,2,2,2,2][1,3,1,3,0,0][3,1,3,1,0,0]
1406 [1,3,1,3,0,0][3,1,3,1,0,0][2,2,2,2,2,2][2,2,2,2,2,2][3,1,3,1,0,0][1,3,1,3,0,0]
1408 [1,3,1,3,0,0][3,1,3,1,0,0][2,2,2,2,2,2][2,2,2,2,2,2][3,3,3,3,0,0][1,1,1,1,0,0]
1473 [1,3,1,3,0,0][3,3,3,3,0,0][0,0,0,0,2,2][0,0,0,0,2,2][1,1,1,1,0,0][3,1,3,1,0,0]
1475 [1,3,1,3,0,0][3,3,3,3,0,0][0,0,0,0,2,2][0,0,0,0,2,2][1,3,1,3,0,0][3,3,3,3,0,0]
1478 [1,3,1,3,0,0][3,3,3,3,0,0][0,0,0,0,2,2][0,0,0,0,2,2][3,1,3,1,0,0][1,1,1,1,0,0]
1480 [1,3,1,3,0,0][3,3,3,3,0,0][0,0,0,0,2,2][0,0,0,0,2,2][3,3,3,3,0,0][1,3,1,3,0,0]
1489 [1,3,1,3,0,0][3,3,3,3,0,0][0,2,0,2,2,2][0,2,0,2,2,2][1,1,1,1,0,0][3,1,3,1,0,0]
1491 [1,3,1,3,0,0][3,3,3,3,0,0][0,2,0,2,2,2][0,2,0,2,2,2][1,3,1,3,0,0][3,3,3,3,0,0]
1494 [1,3,1,3,0,0][3,3,3,3,0,0][0,2,0,2,2,2][0,2,0,2,2,2][3,1,3,1,0,0][1,1,1,1,0,0]
1496 [1,3,1,3,0,0][3,3,3,3,0,0][0,2,0,2,2,2][0,2,0,2,2,2][3,3,3,3,0,0][1,3,1,3,0,0]
1513 [1,3,1,3,0,0][3,3,3,3,0,0][2,0,2,0,2,2][2,0,2,0,2,2][1,1,1,1,0,0][3,1,3,1,0,0]
1515 [1,3,1,3,0,0][3,3,3,3,0,0][2,0,2,0,2,2][2,0,2,0,2,2][1,3,1,3,0,0][3,3,3,3,0,0]
1518 [1,3,1,3,0,0][3,3,3,3,0,0][2,0,2,0,2,2][2,0,2,0,2,2][3,1,3,1,0,0][1,1,1,1,0,0]
1520 [1,3,1,3,0,0][3,3,3,3,0,0][2,0,2,0,2,2][2,0,2,0,2,2][3,3,3,3,0,0][1,3,1,3,0,0]
1529 [1,3,1,3,0,0][3,3,3,3,0,0][2,2,2,2,2,2][2,2,2,2,2,2][1,1,1,1,0,0][3,1,3,1,0,0]
1531 [1,3,1,3,0,0][3,3,3,3,0,0][2,2,2,2,2,2][2,2,2,2,2,2][1,3,1,3,0,0][3,3,3,3,0,0]
1534 [1,3,1,3,0,0][3,3,3,3,0,0][2,2,2,2,2,2][2,2,2,2,2,2][3,1,3,1,0,0][1,1,1,1,0,0]
1536 [1,3,1,3,0,0][3,3,3,3,0,0][2,2,2,2,2,2][2,2,2,2,2,2][3,3,3,3,0,0][1,3,1,3,0,0]
1729 [1,3,3,1,0,0][1,3,3,1,0,0][0,0,0,0,2,2][0,0,0,0,2,2][1,1,1,1,0,0][1,1,1,1,0,0]
1730 [1,3,3,1,0,0][1,3,3,1,0,0][0,0,0,0,2,2][0,0,0,0,2,2][1,1,3,3,0,0][1,1,3,3,0,0]
1731 [1,3,3,1,0,0][1,3,3,1,0,0][0,0,0,0,2,2][0,0,0,0,2,2][1,3,1,3,0,0][1,3,1,3,0,0]
1732 [1,3,3,1,0,0][1,3,3,1,0,0][0,0,0,0,2,2][0,0,0,0,2,2][1,3,3,1,0,0][1,3,3,1,0,0]
1733 [1,3,3,1,0,0][1,3,3,1,0,0][0,0,0,0,2,2][0,0,0,0,2,2][3,1,1,3,0,0][3,1,1,3,0,0]
1734 [1,3,3,1,0,0][1,3,3,1,0,0][0,0,0,0,2,2][0,0,0,0,2,2][3,1,3,1,0,0][3,1,3,1,0,0]
1735 [1,3,3,1,0,0][1,3,3,1,0,0][0,0,0,0,2,2][0,0,0,0,2,2][3,3,1,1,0,0][3,3,1,1,0,0]
1736 [1,3,3,1,0,0][1,3,3,1,0,0][0,0,0,0,2,2][0,0,0,0,2,2][3,3,3,3,0,0][3,3,3,3,0,0]
1737 [1,3,3,1,0,0][1,3,3,1,0,0][0,0,2,2,2,2][0,0,2,2,2,2][1,1,1,1,0,0][1,1,1,1,0,0]
1738 [1,3,3,1,0,0][1,3,3,1,0,0][0,0,2,2,2,2][0,0,2,2,2,2][1,1,3,3,0,0][1,1,3,3,0,0]
1739 [1,3,3,1,0,0][1,3,3,1,0,0][0,0,2,2,2,2][0,0,2,2,2,2][1,3,1,3,0,0][1,3,1,3,0,0]
1740 [1,3,3,1,0,0][1,3,3,1,0,0][0,0,2,2,2,2][0,0,2,2,2,2][1,3,3,1,0,0][1,3,3,1,0,0]
1741 [1,3,3,1,0,0][1,3,3,1,0,0][0,0,2,2,2,2][0,0,2,2,2,2][3,1,1,3,0,0][3,1,1,3,0,0]
1742 [1,3,3,1,0,0][1,3,3,1,0,0][0,0,2,2,2,2][0,0,2,2,2,2][3,1,3,1,0,0][3,1,3,1,0,0]
1743 [1,3,3,1,0,0][1,3,3,1,0,0][0,0,2,2,2,2][0,0,2,2,2,2][3,3,1,1,0,0][3,3,1,1,0,0]
1744 [1,3,3,1,0,0][1,3,3,1,0,0][0,0,2,2,2,2][0,0,2,2,2,2][3,3,3,3,0,0][3,3,3,3,0,0]
1745 [1,3,3,1,0,0][1,3,3,1,0,0][0,2,0,2,2,2][0,2,0,2,2,2][1,1,1,1,0,0][1,1,1,1,0,0]
1746 [1,3,3,1,0,0][1,3,3,1,0,0][0,2,0,2,2,2][0,2,0,2,2,2][1,1,3,3,0,0][1,1,3,3,0,0]
1747 [1,3,3,1,0,0][1,3,3,1,0,0][0,2,0,2,2,2][0,2,0,2,2,2][1,3,1,3,0,0][1,3,1,3,0,0]
1748 [1,3,3,1,0,0][1,3,3,1,0,0][0,2,0,2,2,2][0,2,0,2,2,2][1,3,3,1,0,0][1,3,3,1,0,0]
1749 [1,3,3,1,0,0][1,3,3,1,0,0][0,2,0,2,2,2][0,2,0,2,2,2][3,1,1,3,0,0][3,1,1,3,0,0]
1750 [1,3,3,1,0,0][1,3,3,1,0,0][0,2,0,2,2,2][0,2,0,2,2,2][3,1,3,1,0,0][3,1,3,1,0,0]
1751 [1,3,3,1,0,0][1,3,3,1,0,0][0,2,0,2,2,2][0,2,0,2,2,2][3,3,1,1,0,0][3,3,1,1,0,0]
1752 [1,3,3,1,0,0][1,3,3,1,0,0][0,2,0,2,2,2][0,2,0,2,2,2][3,3,3,3,0,0][3,3,3,3,0,0]
1753 [1,3,3,1,0,0][1,3,3,1,0,0][0,2,2,0,2,2][0,2,2,0,2,2][1,1,1,1,0,0][1,1,1,1,0,0]
1754 [1,3,3,1,0,0][1,3,3,1,0,0][0,2,2,0,2,2][0,2,2,0,2,2][1,1,3,3,0,0][1,1,3,3,0,0]
1755 [1,3,3,1,0,0][1,3,3,1,0,0][0,2,2,0,2,2][0,2,2,0,2,2][1,3,1,3,0,0][1,3,1,3,0,0]
1756 [1,3,3,1,0,0][1,3,3,1,0,0][0,2,2,0,2,2][0,2,2,0,2,2][1,3,3,1,0,0][1,3,3,1,0,0]
1757 [1,3,3,1,0,0][1,3,3,1,0,0][0,2,2,0,2,2][0,2,2,0,2,2][3,1,1,3,0,0][3,1,1,3,0,0]
1758 [1,3,3,1,0,0][1,3,3,1,0,0][0,2,2,0,2,2][0,2,2,0,2,2][3,1,3,1,0,0][3,1,3,1,0,0]
1759 [1,3,3,1,0,0][1,3,3,1,0,0][0,2,2,0,2,2][0,2,2,0,2,2][3,3,1,1,0,0][3,3,1,1,0,0]
1760 [1,3,3,1,0,0][1,3,3,1,0,0][0,2,2,0,2,2][0,2,2,0,2,2][3,3,3,3,0,0][3,3,3,3,0,0]
1761 [1,3,3,1,0,0][1,3,3,1,0,0][2,0,0,2,2,2][2,0,0,2,2,2][1,1,1,1,0,0][1,1,1,1,0,0]
1762 [1,3,3,1,0,0][1,3,3,1,0,0][2,0,0,2,2,2][2,0,0,2,2,2][1,1,3,3,0,0][1,1,3,3,0,0]
1763 [1,3,3,1,0,0][1,3,3,1,0,0][2,0,0,2,2,2][2,0,0,2,2,2][1,3,1,3,0,0][1,3,1,3,0,0]
1764 [1,3,3,1,0,0][1,3,3,1,0,0][2,0,0,2,2,2][2,0,0,2,2,2][1,3,3,1,0,0][1,3,3,1,0,0]
1765 [1,3,3,1,0,0][1,3,3,1,0,0][2,0,0,2,2,2][2,0,0,2,2,2][3,1,1,3,0,0][3,1,1,3,0,0]
1766 [1,3,3,1,0,0][1,3,3,1,0,0][2,0,0,2,2,2][2,0,0,2,2,2][3,1,3,1,0,0][3,1,3,1,0,0]
1767 [1,3,3,1,0,0][1,3,3,1,0,0][2,0,0,2,2,2][2,0,0,2,2,2][3,3,1,1,0,0][3,3,1,1,0,0]
1768 [1,3,3,1,0,0][1,3,3,1,0,0][2,0,0,2,2,2][2,0,0,2,2,2][3,3,3,3,0,0][3,3,3,3,0,0]
1769 [1,3,3,1,0,0][1,3,3,1,0,0][2,0,2,0,2,2][2,0,2,0,2,2][1,1,1,1,0,0][1,1,1,1,0,0]
1770 [1,3,3,1,0,0][1,3,3,1,0,0][2,0,2,0,2,2][2,0,2,0,2,2][1,1,3,3,0,0][1,1,3,3,0,0]
1771 [1,3,3,1,0,0][1,3,3,1,0,0][2,0,2,0,2,2][2,0,2,0,2,2][1,3,1,3,0,0][1,3,1,3,0,0]
1772 [1,3,3,1,0,0][1,3,3,1,0,0][2,0,2,0,2,2][2,0,2,0,2,2][1,3,3,1,0,0][1,3,3,1,0,0]
1773 [1,3,3,1,0,0][1,3,3,1,0,0][2,0,2,0,2,2][2,0,2,0,2,2][3,1,1,3,0,0][3,1,1,3,0,0]
1774 [1,3,3,1,0,0][1,3,3,1,0,0][2,0,2,0,2,2][2,0,2,0,2,2][3,1,3,1,0,0][3,1,3,1,0,0]
1775 [1,3,3,1,0,0][1,3,3,1,0,0][2,0,2,0,2,2][2,0,2,0,2,2][3,3,1,1,0,0][3,3,1,1,0,0]
1776 [1,3,3,1,0,0][1,3,3,1,0,0][2,0,2,0,2,2][2,0,2,0,2,2][3,3,3,3,0,0][3,3,3,3,0,0]
1777 [1,3,3,1,0,0][1,3,3,1,0,0][2,2,0,0,2,2][2,2,0,0,2,2][1,1,1,1,0,0][1,1,1,1,0,0]
1778 [1,3,3,1,0,0][1,3,3,1,0,0][2,2,0,0,2,2][2,2,0,0,2,2][1,1,3,3,0,0][1,1,3,3,0,0]
1779 [1,3,3,1,0,0][1,3,3,1,0,0][2,2,0,0,2,2][2,2,0,0,2,2][1,3,1,3,0,0][1,3,1,3,0,0]
1780 [1,3,3,1,0,0][1,3,3,1,0,0][2,2,0,0,2,2][2,2,0,0,2,2][1,3,3,1,0,0][1,3,3,1,0,0]
1781 [1,3,3,1,0,0][1,3,3,1,0,0][2,2,0,0,2,2][2,2,0,0,2,2][3,1,1,3,0,0][3,1,1,3,0,0]
1782 [1,3,3,1,0,0][1,3,3,1,0,0][2,2,0,0,2,2][2,2,0,0,2,2][3,1,3,1,0,0][3,1,3,1,0,0]
1783 [1,3,3,1,0,0][1,3,3,1,0,0][2,2,0,0,2,2][2,2,0,0,2,2][3,3,1,1,0,0][3,3,1,1,0,0]
1784 [1,3,3,1,0,0][1,3,3,1,0,0][2,2,0,0,2,2][2,2,0,0,2,2][3,3,3,3,0,0][3,3,3,3,0,0]
1785 [1,3,3,1,0,0][1,3,3,1,0,0][2,2,2,2,2,2][2,2,2,2,2,2][1,1,1,1,0,0][1,1,1,1,0,0]
1786 [1,3,3,1,0,0][1,3,3,1,0,0][2,2,2,2,2,2][2,2,2,2,2,2][1,1,3,3,0,0][1,1,3,3,0,0]
1787 [1,3,3,1,0,0][1,3,3,1,0,0][2,2,2,2,2,2][2,2,2,2,2,2][1,3,1,3,0,0][1,3,1,3,0,0]
1788 [1,3,3,1,0,0][1,3,3,1,0,0][2,2,2,2,2,2][2,2,2,2,2,2][1,3,3,1,0,0][1,3,3,1,0,0]
1789 [1,3,3,1,0,0][1,3,3,1,0,0][2,2,2,2,2,2][2,2,2,2,2,2][3,1,1,3,0,0][3,1,1,3,0,0]
1790 [1,3,3,1,0,0][1,3,3,1,0,0][2,2,2,2,2,2][2,2,2,2,2,2][3,1,3,1,0,0][3,1,3,1,0,0]
1791 [1,3,3,1,0,0][1,3,3,1,0,0][2,2,2,2,2,2][2,2,2,2,2,2][3,3,1,1,0,0][3,3,1,1,0,0]
1792 [1,3,3,1,0,0][1,3,3,1,0,0][2,2,2,2,2,2][2,2,2,2,2,2][3,3,3,3,0,0][3,3,3,3,0,0]
2305 [3,1,1,3,0,0][3,1,1,3,0,0][0,0,0,0,2,2][0,0,0,0,2,2][1,1,1,1,0,0][1,1,1,1,0,0]
2306 [3,1,1,3,0,0][3,1,1,3,0,0][0,0,0,0,2,2][0,0,0,0,2,2][1,1,3,3,0,0][1,1,3,3,0,0]
2307 [3,1,1,3,0,0][3,1,1,3,0,0][0,0,0,0,2,2][0,0,0,0,2,2][1,3,1,3,0,0][1,3,1,3,0,0]
2308 [3,1,1,3,0,0][3,1,1,3,0,0][0,0,0,0,2,2][0,0,0,0,2,2][1,3,3,1,0,0][1,3,3,1,0,0]
2309 [3,1,1,3,0,0][3,1,1,3,0,0][0,0,0,0,2,2][0,0,0,0,2,2][3,1,1,3,0,0][3,1,1,3,0,0]
2310 [3,1,1,3,0,0][3,1,1,3,0,0][0,0,0,0,2,2][0,0,0,0,2,2][3,1,3,1,0,0][3,1,3,1,0,0]
2311 [3,1,1,3,0,0][3,1,1,3,0,0][0,0,0,0,2,2][0,0,0,0,2,2][3,3,1,1,0,0][3,3,1,1,0,0]
2312 [3,1,1,3,0,0][3,1,1,3,0,0][0,0,0,0,2,2][0,0,0,0,2,2][3,3,3,3,0,0][3,3,3,3,0,0]
2313 [3,1,1,3,0,0][3,1,1,3,0,0][0,0,2,2,2,2][0,0,2,2,2,2][1,1,1,1,0,0][1,1,1,1,0,0]
2314 [3,1,1,3,0,0][3,1,1,3,0,0][0,0,2,2,2,2][0,0,2,2,2,2][1,1,3,3,0,0][1,1,3,3,0,0]
2315 [3,1,1,3,0,0][3,1,1,3,0,0][0,0,2,2,2,2][0,0,2,2,2,2][1,3,1,3,0,0][1,3,1,3,0,0]
2316 [3,1,1,3,0,0][3,1,1,3,0,0][0,0,2,2,2,2][0,0,2,2,2,2][1,3,3,1,0,0][1,3,3,1,0,0]
2317 [3,1,1,3,0,0][3,1,1,3,0,0][0,0,2,2,2,2][0,0,2,2,2,2][3,1,1,3,0,0][3,1,1,3,0,0]
2318 [3,1,1,3,0,0][3,1,1,3,0,0][0,0,2,2,2,2][0,0,2,2,2,2][3,1,3,1,0,0][3,1,3,1,0,0]
2319 [3,1,1,3,0,0][3,1,1,3,0,0][0,0,2,2,2,2][0,0,2,2,2,2][3,3,1,1,0,0][3,3,1,1,0,0]
2320 [3,1,1,3,0,0][3,1,1,3,0,0][0,0,2,2,2,2][0,0,2,2,2,2][3,3,3,3,0,0][3,3,3,3,0,0]
2321 [3,1,1,3,0,0][3,1,1,3,0,0][0,2,0,2,2,2][0,2,0,2,2,2][1,1,1,1,0,0][1,1,1,1,0,0]
2322 [3,1,1,3,0,0][3,1,1,3,0,0][0,2,0,2,2,2][0,2,0,2,2,2][1,1,3,3,0,0][1,1,3,3,0,0]
2323 [3,1,1,3,0,0][3,1,1,3,0,0][0,2,0,2,2,2][0,2,0,2,2,2][1,3,1,3,0,0][1,3,1,3,0,0]
2324 [3,1,1,3,0,0][3,1,1,3,0,0][0,2,0,2,2,2][0,2,0,2,2,2][1,3,3,1,0,0][1,3,3,1,0,0]
2325 [3,1,1,3,0,0][3,1,1,3,0,0][0,2,0,2,2,2][0,2,0,2,2,2][3,1,1,3,0,0][3,1,1,3,0,0]
2326 [3,1,1,3,0,0][3,1,1,3,0,0][0,2,0,2,2,2][0,2,0,2,2,2][3,1,3,1,0,0][3,1,3,1,0,0]
2327 [3,1,1,3,0,0][3,1,1,3,0,0][0,2,0,2,2,2][0,2,0,2,2,2][3,3,1,1,0,0][3,3,1,1,0,0]
2328 [3,1,1,3,0,0][3,1,1,3,0,0][0,2,0,2,2,2][0,2,0,2,2,2][3,3,3,3,0,0][3,3,3,3,0,0]
2329 [3,1,1,3,0,0][3,1,1,3,0,0][0,2,2,0,2,2][0,2,2,0,2,2][1,1,1,1,0,0][1,1,1,1,0,0]
2330 [3,1,1,3,0,0][3,1,1,3,0,0][0,2,2,0,2,2][0,2,2,0,2,2][1,1,3,3,0,0][1,1,3,3,0,0]
2331 [3,1,1,3,0,0][3,1,1,3,0,0][0,2,2,0,2,2][0,2,2,0,2,2][1,3,1,3,0,0][1,3,1,3,0,0]
2332 [3,1,1,3,0,0][3,1,1,3,0,0][0,2,2,0,2,2][0,2,2,0,2,2][1,3,3,1,0,0][1,3,3,1,0,0]
2333 [3,1,1,3,0,0][3,1,1,3,0,0][0,2,2,0,2,2][0,2,2,0,2,2][3,1,1,3,0,0][3,1,1,3,0,0]
2334 [3,1,1,3,0,0][3,1,1,3,0,0][0,2,2,0,2,2][0,2,2,0,2,2][3,1,3,1,0,0][3,1,3,1,0,0]
2335 [3,1,1,3,0,0][3,1,1,3,0,0][0,2,2,0,2,2][0,2,2,0,2,2][3,3,1,1,0,0][3,3,1,1,0,0]
2336 [3,1,1,3,0,0][3,1,1,3,0,0][0,2,2,0,2,2][0,2,2,0,2,2][3,3,3,3,0,0][3,3,3,3,0,0]
2337 [3,1,1,3,0,0][3,1,1,3,0,0][2,0,0,2,2,2][2,0,0,2,2,2][1,1,1,1,0,0][1,1,1,1,0,0]
2338 [3,1,1,3,0,0][3,1,1,3,0,0][2,0,0,2,2,2][2,0,0,2,2,2][1,1,3,3,0,0][1,1,3,3,0,0]
2339 [3,1,1,3,0,0][3,1,1,3,0,0][2,0,0,2,2,2][2,0,0,2,2,2][1,3,1,3,0,0][1,3,1,3,0,0]
2340 [3,1,1,3,0,0][3,1,1,3,0,0][2,0,0,2,2,2][2,0,0,2,2,2][1,3,3,1,0,0][1,3,3,1,0,0]
2341 [3,1,1,3,0,0][3,1,1,3,0,0][2,0,0,2,2,2][2,0,0,2,2,2][3,1,1,3,0,0][3,1,1,3,0,0]
2342 [3,1,1,3,0,0][3,1,1,3,0,0][2,0,0,2,2,2][2,0,0,2,2,2][3,1,3,1,0,0][3,1,3,1,0,0]
2343 [3,1,1,3,0,0][3,1,1,3,0,0][2,0,0,2,2,2][2,0,0,2,2,2][3,3,1,1,0,0][3,3,1,1,0,0]
2344 [3,1,1,3,0,0][3,1,1,3,0,0][2,0,0,2,2,2][2,0,0,2,2,2][3,3,3,3,0,0][3,3,3,3,0,0]
2345 [3,1,1,3,0,0][3,1,1,3,0,0][2,0,2,0,2,2][2,0,2,0,2,2][1,1,1,1,0,0][1,1,1,1,0,0]
2346 [3,1,1,3,0,0][3,1,1,3,0,0][2,0,2,0,2,2][2,0,2,0,2,2][1,1,3,3,0,0][1,1,3,3,0,0]
2347 [3,1,1,3,0,0][3,1,1,3,0,0][2,0,2,0,2,2][2,0,2,0,2,2][1,3,1,3,0,0][1,3,1,3,0,0]
2348 [3,1,1,3,0,0][3,1,1,3,0,0][2,0,2,0,2,2][2,0,2,0,2,2][1,3,3,1,0,0][1,3,3,1,0,0]
2349 [3,1,1,3,0,0][3,1,1,3,0,0][2,0,2,0,2,2][2,0,2,0,2,2][3,1,1,3,0,0][3,1,1,3,0,0]
2350 [3,1,1,3,0,0][3,1,1,3,0,0][2,0,2,0,2,2][2,0,2,0,2,2][3,1,3,1,0,0][3,1,3,1,0,0]
2351 [3,1,1,3,0,0][3,1,1,3,0,0][2,0,2,0,2,2][2,0,2,0,2,2][3,3,1,1,0,0][3,3,1,1,0,0]
2352 [3,1,1,3,0,0][3,1,1,3,0,0][2,0,2,0,2,2][2,0,2,0,2,2][3,3,3,3,0,0][3,3,3,3,0,0]
2353 [3,1,1,3,0,0][3,1,1,3,0,0][2,2,0,0,2,2][2,2,0,0,2,2][1,1,1,1,0,0][1,1,1,1,0,0]
2354 [3,1,1,3,0,0][3,1,1,3,0,0][2,2,0,0,2,2][2,2,0,0,2,2][1,1,3,3,0,0][1,1,3,3,0,0]
2355 [3,1,1,3,0,0][3,1,1,3,0,0][2,2,0,0,2,2][2,2,0,0,2,2][1,3,1,3,0,0][1,3,1,3,0,0]
2356 [3,1,1,3,0,0][3,1,1,3,0,0][2,2,0,0,2,2][2,2,0,0,2,2][1,3,3,1,0,0][1,3,3,1,0,0]
2357 [3,1,1,3,0,0][3,1,1,3,0,0][2,2,0,0,2,2][2,2,0,0,2,2][3,1,1,3,0,0][3,1,1,3,0,0]
2358 [3,1,1,3,0,0][3,1,1,3,0,0][2,2,0,0,2,2][2,2,0,0,2,2][3,1,3,1,0,0][3,1,3,1,0,0]
2359 [3,1,1,3,0,0][3,1,1,3,0,0][2,2,0,0,2,2][2,2,0,0,2,2][3,3,1,1,0,0][3,3,1,1,0,0]
2360 [3,1,1,3,0,0][3,1,1,3,0,0][2,2,0,0,2,2][2,2,0,0,2,2][3,3,3,3,0,0][3,3,3,3,0,0]
2361 [3,1,1,3,0,0][3,1,1,3,0,0][2,2,2,2,2,2][2,2,2,2,2,2][1,1,1,1,0,0][1,1,1,1,0,0]
2362 [3,1,1,3,0,0][3,1,1,3,0,0][2,2,2,2,2,2][2,2,2,2,2,2][1,1,3,3,0,0][1,1,3,3,0,0]
2363 [3,1,1,3,0,0][3,1,1,3,0,0][2,2,2,2,2,2][2,2,2,2,2,2][1,3,1,3,0,0][1,3,1,3,0,0]
2364 [3,1,1,3,0,0][3,1,1,3,0,0][2,2,2,2,2,2][2,2,2,2,2,2][1,3,3,1,0,0][1,3,3,1,0,0]
2365 [3,1,1,3,0,0][3,1,1,3,0,0][2,2,2,2,2,2][2,2,2,2,2,2][3,1,1,3,0,0][3,1,1,3,0,0]
2366 [3,1,1,3,0,0][3,1,1,3,0,0][2,2,2,2,2,2][2,2,2,2,2,2][3,1,3,1,0,0][3,1,3,1,0,0]
2367 [3,1,1,3,0,0][3,1,1,3,0,0][2,2,2,2,2,2][2,2,2,2,2,2][3,3,1,1,0,0][3,3,1,1,0,0]
2368 [3,1,1,3,0,0][3,1,1,3,0,0][2,2,2,2,2,2][2,2,2,2,2,2][3,3,3,3,0,0][3,3,3,3,0,0]
2561 [3,1,3,1,0,0][1,1,1,1,0,0][0,0,0,0,2,2][0,0,0,0,2,2][1,1,1,1,0,0][3,1,3,1,0,0]
2563 [3,1,3,1,0,0][1,1,1,1,0,0][0,0,0,0,2,2][0,0,0,0,2,2][1,3,1,3,0,0][3,3,3,3,0,0]
2566 [3,1,3,1,0,0][1,1,1,1,0,0][0,0,0,0,2,2][0,0,0,0,2,2][3,1,3,1,0,0][1,1,1,1,0,0]
2568 [3,1,3,1,0,0][1,1,1,1,0,0][0,0,0,0,2,2][0,0,0,0,2,2][3,3,3,3,0,0][1,3,1,3,0,0]
2577 [3,1,3,1,0,0][1,1,1,1,0,0][0,2,0,2,2,2][0,2,0,2,2,2][1,1,1,1,0,0][3,1,3,1,0,0]
2579 [3,1,3,1,0,0][1,1,1,1,0,0][0,2,0,2,2,2][0,2,0,2,2,2][1,3,1,3,0,0][3,3,3,3,0,0]
2582 [3,1,3,1,0,0][1,1,1,1,0,0][0,2,0,2,2,2][0,2,0,2,2,2][3,1,3,1,0,0][1,1,1,1,0,0]
2584 [3,1,3,1,0,0][1,1,1,1,0,0][0,2,0,2,2,2][0,2,0,2,2,2][3,3,3,3,0,0][1,3,1,3,0,0]
2601 [3,1,3,1,0,0][1,1,1,1,0,0][2,0,2,0,2,2][2,0,2,0,2,2][1,1,1,1,0,0][3,1,3,1,0,0]
2603 [3,1,3,1,0,0][1,1,1,1,0,0][2,0,2,0,2,2][2,0,2,0,2,2][1,3,1,3,0,0][3,3,3,3,0,0]
2606 [3,1,3,1,0,0][1,1,1,1,0,0][2,0,2,0,2,2][2,0,2,0,2,2][3,1,3,1,0,0][1,1,1,1,0,0]
2608 [3,1,3,1,0,0][1,1,1,1,0,0][2,0,2,0,2,2][2,0,2,0,2,2][3,3,3,3,0,0][1,3,1,3,0,0]
2617 [3,1,3,1,0,0][1,1,1,1,0,0][2,2,2,2,2,2][2,2,2,2,2,2][1,1,1,1,0,0][3,1,3,1,0,0]
2619 [3,1,3,1,0,0][1,1,1,1,0,0][2,2,2,2,2,2][2,2,2,2,2,2][1,3,1,3,0,0][3,3,3,3,0,0]
2622 [3,1,3,1,0,0][1,1,1,1,0,0][2,2,2,2,2,2][2,2,2,2,2,2][3,1,3,1,0,0][1,1,1,1,0,0]
2624 [3,1,3,1,0,0][1,1,1,1,0,0][2,2,2,2,2,2][2,2,2,2,2,2][3,3,3,3,0,0][1,3,1,3,0,0]
2689 [3,1,3,1,0,0][1,3,1,3,0,0][0,0,0,0,2,2][0,0,0,0,2,2][1,1,1,1,0,0][3,3,3,3,0,0]
2691 [3,1,3,1,0,0][1,3,1,3,0,0][0,0,0,0,2,2][0,0,0,0,2,2][1,3,1,3,0,0][3,1,3,1,0,0]
2694 [3,1,3,1,0,0][1,3,1,3,0,0][0,0,0,0,2,2][0,0,0,0,2,2][3,1,3,1,0,0][1,3,1,3,0,0]
2696 [3,1,3,1,0,0][1,3,1,3,0,0][0,0,0,0,2,2][0,0,0,0,2,2][3,3,3,3,0,0][1,1,1,1,0,0]
2705 [3,1,3,1,0,0][1,3,1,3,0,0][0,2,0,2,2,2][0,2,0,2,2,2][1,1,1,1,0,0][3,3,3,3,0,0]
2707 [3,1,3,1,0,0][1,3,1,3,0,0][0,2,0,2,2,2][0,2,0,2,2,2][1,3,1,3,0,0][3,1,3,1,0,0]
2710 [3,1,3,1,0,0][1,3,1,3,0,0][0,2,0,2,2,2][0,2,0,2,2,2][3,1,3,1,0,0][1,3,1,3,0,0]
2712 [3,1,3,1,0,0][1,3,1,3,0,0][0,2,0,2,2,2][0,2,0,2,2,2][3,3,3,3,0,0][1,1,1,1,0,0]
2729 [3,1,3,1,0,0][1,3,1,3,0,0][2,0,2,0,2,2][2,0,2,0,2,2][1,1,1,1,0,0][3,3,3,3,0,0]
2731 [3,1,3,1,0,0][1,3,1,3,0,0][2,0,2,0,2,2][2,0,2,0,2,2][1,3,1,3,0,0][3,1,3,1,0,0]
2734 [3,1,3,1,0,0][1,3,1,3,0,0][2,0,2,0,2,2][2,0,2,0,2,2][3,1,3,1,0,0][1,3,1,3,0,0]
2736 [3,1,3,1,0,0][1,3,1,3,0,0][2,0,2,0,2,2][2,0,2,0,2,2][3,3,3,3,0,0][1,1,1,1,0,0]
2745 [3,1,3,1,0,0][1,3,1,3,0,0][2,2,2,2,2,2][2,2,2,2,2,2][1,1,1,1,0,0][3,3,3,3,0,0]
2747 [3,1,3,1,0,0][1,3,1,3,0,0][2,2,2,2,2,2][2,2,2,2,2,2][1,3,1,3,0,0][3,1,3,1,0,0]
2750 [3,1,3,1,0,0][1,3,1,3,0,0][2,2,2,2,2,2][2,2,2,2,2,2][3,1,3,1,0,0][1,3,1,3,0,0]
2752 [3,1,3,1,0,0][1,3,1,3,0,0][2,2,2,2,2,2][2,2,2,2,2,2][3,3,3,3,0,0][1,1,1,1,0,0]
2881 [3,1,3,1,0,0][3,1,3,1,0,0][0,0,0,0,2,2][0,0,0,0,2,2][1,1,1,1,0,0][1,1,1,1,0,0]
2882 [3,1,3,1,0,0][3,1,3,1,0,0][0,0,0,0,2,2][0,0,0,0,2,2][1,1,3,3,0,0][1,1,3,3,0,0]
2883 [3,1,3,1,0,0][3,1,3,1,0,0][0,0,0,0,2,2][0,0,0,0,2,2][1,3,1,3,0,0][1,3,1,3,0,0]
2884 [3,1,3,1,0,0][3,1,3,1,0,0][0,0,0,0,2,2][0,0,0,0,2,2][1,3,3,1,0,0][1,3,3,1,0,0]
2885 [3,1,3,1,0,0][3,1,3,1,0,0][0,0,0,0,2,2][0,0,0,0,2,2][3,1,1,3,0,0][3,1,1,3,0,0]
2886 [3,1,3,1,0,0][3,1,3,1,0,0][0,0,0,0,2,2][0,0,0,0,2,2][3,1,3,1,0,0][3,1,3,1,0,0]
2887 [3,1,3,1,0,0][3,1,3,1,0,0][0,0,0,0,2,2][0,0,0,0,2,2][3,3,1,1,0,0][3,3,1,1,0,0]
2888 [3,1,3,1,0,0][3,1,3,1,0,0][0,0,0,0,2,2][0,0,0,0,2,2][3,3,3,3,0,0][3,3,3,3,0,0]
2889 [3,1,3,1,0,0][3,1,3,1,0,0][0,0,2,2,2,2][0,0,2,2,2,2][1,1,1,1,0,0][1,1,1,1,0,0]
2890 [3,1,3,1,0,0][3,1,3,1,0,0][0,0,2,2,2,2][0,0,2,2,2,2][1,1,3,3,0,0][1,1,3,3,0,0]
2891 [3,1,3,1,0,0][3,1,3,1,0,0][0,0,2,2,2,2][0,0,2,2,2,2][1,3,1,3,0,0][1,3,1,3,0,0]
2892 [3,1,3,1,0,0][3,1,3,1,0,0][0,0,2,2,2,2][0,0,2,2,2,2][1,3,3,1,0,0][1,3,3,1,0,0]
2893 [3,1,3,1,0,0][3,1,3,1,0,0][0,0,2,2,2,2][0,0,2,2,2,2][3,1,1,3,0,0][3,1,1,3,0,0]
2894 [3,1,3,1,0,0][3,1,3,1,0,0][0,0,2,2,2,2][0,0,2,2,2,2][3,1,3,1,0,0][3,1,3,1,0,0]
2895 [3,1,3,1,0,0][3,1,3,1,0,0][0,0,2,2,2,2][0,0,2,2,2,2][3,3,1,1,0,0][3,3,1,1,0,0]
2896 [3,1,3,1,0,0][3,1,3,1,0,0][0,0,2,2,2,2][0,0,2,2,2,2][3,3,3,3,0,0][3,3,3,3,0,0]
2897 [3,1,3,1,0,0][3,1,3,1,0,0][0,2,0,2,2,2][0,2,0,2,2,2][1,1,1,1,0,0][1,1,1,1,0,0]
2898 [3,1,3,1,0,0][3,1,3,1,0,0][0,2,0,2,2,2][0,2,0,2,2,2][1,1,3,3,0,0][1,1,3,3,0,0]
2899 [3,1,3,1,0,0][3,1,3,1,0,0][0,2,0,2,2,2][0,2,0,2,2,2][1,3,1,3,0,0][1,3,1,3,0,0]
2900 [3,1,3,1,0,0][3,1,3,1,0,0][0,2,0,2,2,2][0,2,0,2,2,2][1,3,3,1,0,0][1,3,3,1,0,0]
2901 [3,1,3,1,0,0][3,1,3,1,0,0][0,2,0,2,2,2][0,2,0,2,2,2][3,1,1,3,0,0][3,1,1,3,0,0]
2902 [3,1,3,1,0,0][3,1,3,1,0,0][0,2,0,2,2,2][0,2,0,2,2,2][3,1,3,1,0,0][3,1,3,1,0,0]
2903 [3,1,3,1,0,0][3,1,3,1,0,0][0,2,0,2,2,2][0,2,0,2,2,2][3,3,1,1,0,0][3,3,1,1,0,0]
2904 [3,1,3,1,0,0][3,1,3,1,0,0][0,2,0,2,2,2][0,2,0,2,2,2][3,3,3,3,0,0][3,3,3,3,0,0]
2905 [3,1,3,1,0,0][3,1,3,1,0,0][0,2,2,0,2,2][0,2,2,0,2,2][1,1,1,1,0,0][1,1,1,1,0,0]
2906 [3,1,3,1,0,0][3,1,3,1,0,0][0,2,2,0,2,2][0,2,2,0,2,2][1,1,3,3,0,0][1,1,3,3,0,0]
2907 [3,1,3,1,0,0][3,1,3,1,0,0][0,2,2,0,2,2][0,2,2,0,2,2][1,3,1,3,0,0][1,3,1,3,0,0]
2908 [3,1,3,1,0,0][3,1,3,1,0,0][0,2,2,0,2,2][0,2,2,0,2,2][1,3,3,1,0,0][1,3,3,1,0,0]
2909 [3,1,3,1,0,0][3,1,3,1,0,0][0,2,2,0,2,2][0,2,2,0,2,2][3,1,1,3,0,0][3,1,1,3,0,0]
2910 [3,1,3,1,0,0][3,1,3,1,0,0][0,2,2,0,2,2][0,2,2,0,2,2][3,1,3,1,0,0][3,1,3,1,0,0]
2911 [3,1,3,1,0,0][3,1,3,1,0,0][0,2,2,0,2,2][0,2,2,0,2,2][3,3,1,1,0,0][3,3,1,1,0,0]
2912 [3,1,3,1,0,0][3,1,3,1,0,0][0,2,2,0,2,2][0,2,2,0,2,2][3,3,3,3,0,0][3,3,3,3,0,0]
2913 [3,1,3,1,0,0][3,1,3,1,0,0][2,0,0,2,2,2][2,0,0,2,2,2][1,1,1,1,0,0][1,1,1,1,0,0]
2914 [3,1,3,1,0,0][3,1,3,1,0,0][2,0,0,2,2,2][2,0,0,2,2,2][1,1,3,3,0,0][1,1,3,3,0,0]
2915 [3,1,3,1,0,0][3,1,3,1,0,0][2,0,0,2,2,2][2,0,0,2,2,2][1,3,1,3,0,0][1,3,1,3,0,0]
2916 [3,1,3,1,0,0][3,1,3,1,0,0][2,0,0,2,2,2][2,0,0,2,2,2][1,3,3,1,0,0][1,3,3,1,0,0]
2917 [3,1,3,1,0,0][3,1,3,1,0,0][2,0,0,2,2,2][2,0,0,2,2,2][3,1,1,3,0,0][3,1,1,3,0,0]
2918 [3,1,3,1,0,0][3,1,3,1,0,0][2,0,0,2,2,2][2,0,0,2,2,2][3,1,3,1,0,0][3,1,3,1,0,0]
2919 [3,1,3,1,0,0][3,1,3,1,0,0][2,0,0,2,2,2][2,0,0,2,2,2][3,3,1,1,0,0][3,3,1,1,0,0]
2920 [3,1,3,1,0,0][3,1,3,1,0,0][2,0,0,2,2,2][2,0,0,2,2,2][3,3,3,3,0,0][3,3,3,3,0,0]
2921 [3,1,3,1,0,0][3,1,3,1,0,0][2,0,2,0,2,2][2,0,2,0,2,2][1,1,1,1,0,0][1,1,1,1,0,0]
2922 [3,1,3,1,0,0][3,1,3,1,0,0][2,0,2,0,2,2][2,0,2,0,2,2][1,1,3,3,0,0][1,1,3,3,0,0]
2923 [3,1,3,1,0,0][3,1,3,1,0,0][2,0,2,0,2,2][2,0,2,0,2,2][1,3,1,3,0,0][1,3,1,3,0,0]
2924 [3,1,3,1,0,0][3,1,3,1,0,0][2,0,2,0,2,2][2,0,2,0,2,2][1,3,3,1,0,0][1,3,3,1,0,0]
2925 [3,1,3,1,0,0][3,1,3,1,0,0][2,0,2,0,2,2][2,0,2,0,2,2][3,1,1,3,0,0][3,1,1,3,0,0]
2926 [3,1,3,1,0,0][3,1,3,1,0,0][2,0,2,0,2,2][2,0,2,0,2,2][3,1,3,1,0,0][3,1,3,1,0,0]
2927 [3,1,3,1,0,0][3,1,3,1,0,0][2,0,2,0,2,2][2,0,2,0,2,2][3,3,1,1,0,0][3,3,1,1,0,0]
2928 [3,1,3,1,0,0][3,1,3,1,0,0][2,0,2,0,2,2][2,0,2,0,2,2][3,3,3,3,0,0][3,3,3,3,0,0]
2929 [3,1,3,1,0,0][3,1,3,1,0,0][2,2,0,0,2,2][2,2,0,0,2,2][1,1,1,1,0,0][1,1,1,1,0,0]
2930 [3,1,3,1,0,0][3,1,3,1,0,0][2,2,0,0,2,2][2,2,0,0,2,2][1,1,3,3,0,0][1,1,3,3,0,0]
2931 [3,1,3,1,0,0][3,1,3,1,0,0][2,2,0,0,2,2][2,2,0,0,2,2][1,3,1,3,0,0][1,3,1,3,0,0]
2932 [3,1,3,1,0,0][3,1,3,1,0,0][2,2,0,0,2,2][2,2,0,0,2,2][1,3,3,1,0,0][1,3,3,1,0,0]
2933 [3,1,3,1,0,0][3,1,3,1,0,0][2,2,0,0,2,2][2,2,0,0,2,2][3,1,1,3,0,0][3,1,1,3,0,0]
2934 [3,1,3,1,0,0][3,1,3,1,0,0][2,2,0,0,2,2][2,2,0,0,2,2][3,1,3,1,0,0][3,1,3,1,0,0]
2935 [3,1,3,1,0,0][3,1,3,1,0,0][2,2,0,0,2,2][2,2,0,0,2,2][3,3,1,1,0,0][3,3,1,1,0,0]
2936 [3,1,3,1,0,0][3,1,3,1,0,0][2,2,0,0,2,2][2,2,0,0,2,2][3,3,3,3,0,0][3,3,3,3,0,0]
2937 [3,1,3,1,0,0][3,1,3,1,0,0][2,2,2,2,2,2][2,2,2,2,2,2][1,1,1,1,0,0][1,1,1,1,0,0]
2938 [3,1,3,1,0,0][3,1,3,1,0,0][2,2,2,2,2,2][2,2,2,2,2,2][1,1,3,3,0,0][1,1,3,3,0,0]
2939 [3,1,3,1,0,0][3,1,3,1,0,0][2,2,2,2,2,2][2,2,2,2,2,2][1,3,1,3,0,0][1,3,1,3,0,0]
2940 [3,1,3,1,0,0][3,1,3,1,0,0][2,2,2,2,2,2][2,2,2,2,2,2][1,3,3,1,0,0][1,3,3,1,0,0]
2941 [3,1,3,1,0,0][3,1,3,1,0,0][2,2,2,2,2,2][2,2,2,2,2,2][3,1,1,3,0,0][3,1,1,3,0,0]
2942 [3,1,3,1,0,0][3,1,3,1,0,0][2,2,2,2,2,2][2,2,2,2,2,2][3,1,3,1,0,0][3,1,3,1,0,0]
2943 [3,1,3,1,0,0][3,1,3,1,0,0][2,2,2,2,2,2][2,2,2,2,2,2][3,3,1,1,0,0][3,3,1,1,0,0]
2944 [3,1,3,1,0,0][3,1,3,1,0,0][2,2,2,2,2,2][2,2,2,2,2,2][3,3,3,3,0,0][3,3,3,3,0,0]
3009 [3,1,3,1,0,0][3,3,3,3,0,0][0,0,0,0,2,2][0,0,0,0,2,2][1,1,1,1,0,0][1,3,1,3,0,0]
3011 [3,1,3,1,0,0][3,3,3,3,0,0][0,0,0,0,2,2][0,0,0,0,2,2][1,3,1,3,0,0][1,1,1,1,0,0]
3014 [3,1,3,1,0,0][3,3,3,3,0,0][0,0,0,0,2,2][0,0,0,0,2,2][3,1,3,1,0,0][3,3,3,3,0,0]
3016 [3,1,3,1,0,0][3,3,3,3,0,0][0,0,0,0,2,2][0,0,0,0,2,2][3,3,3,3,0,0][3,1,3,1,0,0]
3025 [3,1,3,1,0,0][3,3,3,3,0,0][0,2,0,2,2,2][0,2,0,2,2,2][1,1,1,1,0,0][1,3,1,3,0,0]
3027 [3,1,3,1,0,0][3,3,3,3,0,0][0,2,0,2,2,2][0,2,0,2,2,2][1,3,1,3,0,0][1,1,1,1,0,0]
3030 [3,1,3,1,0,0][3,3,3,3,0,0][0,2,0,2,2,2][0,2,0,2,2,2][3,1,3,1,0,0][3,3,3,3,0,0]
3032 [3,1,3,1,0,0][3,3,3,3,0,0][0,2,0,2,2,2][0,2,0,2,2,2][3,3,3,3,0,0][3,1,3,1,0,0]
3049 [3,1,3,1,0,0][3,3,3,3,0,0][2,0,2,0,2,2][2,0,2,0,2,2][1,1,1,1,0,0][1,3,1,3,0,0]
3051 [3,1,3,1,0,0][3,3,3,3,0,0][2,0,2,0,2,2][2,0,2,0,2,2][1,3,1,3,0,0][1,1,1,1,0,0]
3054 [3,1,3,1,0,0][3,3,3,3,0,0][2,0,2,0,2,2][2,0,2,0,2,2][3,1,3,1,0,0][3,3,3,3,0,0]
3056 [3,1,3,1,0,0][3,3,3,3,0,0][2,0,2,0,2,2][2,0,2,0,2,2][3,3,3,3,0,0][3,1,3,1,0,0]
3065 [3,1,3,1,0,0][3,3,3,3,0,0][2,2,2,2,2,2][2,2,2,2,2,2][1,1,1,1,0,0][1,3,1,3,0,0]
3067 [3,1,3,1,0,0][3,3,3,3,0,0][2,2,2,2,2,2][2,2,2,2,2,2][1,3,1,3,0,0][1,1,1,1,0,0]
3070 [3,1,3,1,0,0][3,3,3,3,0,0][2,2,2,2,2,2][2,2,2,2,2,2][3,1,3,1,0,0][3,3,3,3,0,0]
3072 [3,1,3,1,0,0][3,3,3,3,0,0][2,2,2,2,2,2][2,2,2,2,2,2][3,3,3,3,0,0][3,1,3,1,0,0]
3073 [3,3,1,1,0,0][1,1,1,1,0,0][0,0,0,0,2,2][0,0,0,0,2,2][1,1,1,1,0,0][3,3,1,1,0,0]
3074 [3,3,1,1,0,0][1,1,1,1,0,0][0,0,0,0,2,2][0,0,0,0,2,2][1,1,3,3,0,0][3,3,3,3,0,0]
3079 [3,3,1,1,0,0][1,1,1,1,0,0][0,0,0,0,2,2][0,0,0,0,2,2][3,3,1,1,0,0][1,1,1,1,0,0]
3080 [3,3,1,1,0,0][1,1,1,1,0,0][0,0,0,0,2,2][0,0,0,0,2,2][3,3,3,3,0,0][1,1,3,3,0,0]
3081 [3,3,1,1,0,0][1,1,1,1,0,0][0,0,2,2,2,2][0,0,2,2,2,2][1,1,1,1,0,0][3,3,1,1,0,0]
3082 [3,3,1,1,0,0][1,1,1,1,0,0][0,0,2,2,2,2][0,0,2,2,2,2][1,1,3,3,0,0][3,3,3,3,0,0]
3087 [3,3,1,1,0,0][1,1,1,1,0,0][0,0,2,2,2,2][0,0,2,2,2,2][3,3,1,1,0,0][1,1,1,1,0,0]
3088 [3,3,1,1,0,0][1,1,1,1,0,0][0,0,2,2,2,2][0,0,2,2,2,2][3,3,3,3,0,0][1,1,3,3,0,0]
3121 [3,3,1,1,0,0][1,1,1,1,0,0][2,2,0,0,2,2][2,2,0,0,2,2][1,1,1,1,0,0][3,3,1,1,0,0]
3122 [3,3,1,1,0,0][1,1,1,1,0,0][2,2,0,0,2,2][2,2,0,0,2,2][1,1,3,3,0,0][3,3,3,3,0,0]
3127 [3,3,1,1,0,0][1,1,1,1,0,0][2,2,0,0,2,2][2,2,0,0,2,2][3,3,1,1,0,0][1,1,1,1,0,0]
3128 [3,3,1,1,0,0][1,1,1,1,0,0][2,2,0,0,2,2][2,2,0,0,2,2][3,3,3,3,0,0][1,1,3,3,0,0]
3129 [3,3,1,1,0,0][1,1,1,1,0,0][2,2,2,2,2,2][2,2,2,2,2,2][1,1,1,1,0,0][3,3,1,1,0,0]
3130 [3,3,1,1,0,0][1,1,1,1,0,0][2,2,2,2,2,2][2,2,2,2,2,2][1,1,3,3,0,0][3,3,3,3,0,0]
3135 [3,3,1,1,0,0][1,1,1,1,0,0][2,2,2,2,2,2][2,2,2,2,2,2][3,3,1,1,0,0][1,1,1,1,0,0]
3136 [3,3,1,1,0,0][1,1,1,1,0,0][2,2,2,2,2,2][2,2,2,2,2,2][3,3,3,3,0,0][1,1,3,3,0,0]
3137 [3,3,1,1,0,0][1,1,3,3,0,0][0,0,0,0,2,2][0,0,0,0,2,2][1,1,1,1,0,0][3,3,3,3,0,0]
3138 [3,3,1,1,0,0][1,1,3,3,0,0][0,0,0,0,2,2][0,0,0,0,2,2][1,1,3,3,0,0][3,3,1,1,0,0]
3143 [3,3,1,1,0,0][1,1,3,3,0,0][0,0,0,0,2,2][0,0,0,0,2,2][3,3,1,1,0,0][1,1,3,3,0,0]
3144 [3,3,1,1,0,0][1,1,3,3,0,0][0,0,0,0,2,2][0,0,0,0,2,2][3,3,3,3,0,0][1,1,1,1,0,0]
3145 [3,3,1,1,0,0][1,1,3,3,0,0][0,0,2,2,2,2][0,0,2,2,2,2][1,1,1,1,0,0][3,3,3,3,0,0]
3146 [3,3,1,1,0,0][1,1,3,3,0,0][0,0,2,2,2,2][0,0,2,2,2,2][1,1,3,3,0,0][3,3,1,1,0,0]
3151 [3,3,1,1,0,0][1,1,3,3,0,0][0,0,2,2,2,2][0,0,2,2,2,2][3,3,1,1,0,0][1,1,3,3,0,0]
3152 [3,3,1,1,0,0][1,1,3,3,0,0][0,0,2,2,2,2][0,0,2,2,2,2][3,3,3,3,0,0][1,1,1,1,0,0]
3185 [3,3,1,1,0,0][1,1,3,3,0,0][2,2,0,0,2,2][2,2,0,0,2,2][1,1,1,1,0,0][3,3,3,3,0,0]
3186 [3,3,1,1,0,0][1,1,3,3,0,0][2,2,0,0,2,2][2,2,0,0,2,2][1,1,3,3,0,0][3,3,1,1,0,0]
3191 [3,3,1,1,0,0][1,1,3,3,0,0][2,2,0,0,2,2][2,2,0,0,2,2][3,3,1,1,0,0][1,1,3,3,0,0]
3192 [3,3,1,1,0,0][1,1,3,3,0,0][2,2,0,0,2,2][2,2,0,0,2,2][3,3,3,3,0,0][1,1,1,1,0,0]
3193 [3,3,1,1,0,0][1,1,3,3,0,0][2,2,2,2,2,2][2,2,2,2,2,2][1,1,1,1,0,0][3,3,3,3,0,0]
3194 [3,3,1,1,0,0][1,1,3,3,0,0][2,2,2,2,2,2][2,2,2,2,2,2][1,1,3,3,0,0][3,3,1,1,0,0]
3199 [3,3,1,1,0,0][1,1,3,3,0,0][2,2,2,2,2,2][2,2,2,2,2,2][3,3,1,1,0,0][1,1,3,3,0,0]
3200 [3,3,1,1,0,0][1,1,3,3,0,0][2,2,2,2,2,2][2,2,2,2,2,2][3,3,3,3,0,0][1,1,1,1,0,0]
3457 [3,3,1,1,0,0][3,3,1,1,0,0][0,0,0,0,2,2][0,0,0,0,2,2][1,1,1,1,0,0][1,1,1,1,0,0]
3458 [3,3,1,1,0,0][3,3,1,1,0,0][0,0,0,0,2,2][0,0,0,0,2,2][1,1,3,3,0,0][1,1,3,3,0,0]
3459 [3,3,1,1,0,0][3,3,1,1,0,0][0,0,0,0,2,2][0,0,0,0,2,2][1,3,1,3,0,0][1,3,1,3,0,0]
3460 [3,3,1,1,0,0][3,3,1,1,0,0][0,0,0,0,2,2][0,0,0,0,2,2][1,3,3,1,0,0][1,3,3,1,0,0]
3461 [3,3,1,1,0,0][3,3,1,1,0,0][0,0,0,0,2,2][0,0,0,0,2,2][3,1,1,3,0,0][3,1,1,3,0,0]
3462 [3,3,1,1,0,0][3,3,1,1,0,0][0,0,0,0,2,2][0,0,0,0,2,2][3,1,3,1,0,0][3,1,3,1,0,0]
3463 [3,3,1,1,0,0][3,3,1,1,0,0][0,0,0,0,2,2][0,0,0,0,2,2][3,3,1,1,0,0][3,3,1,1,0,0]
3464 [3,3,1,1,0,0][3,3,1,1,0,0][0,0,0,0,2,2][0,0,0,0,2,2][3,3,3,3,0,0][3,3,3,3,0,0]
3465 [3,3,1,1,0,0][3,3,1,1,0,0][0,0,2,2,2,2][0,0,2,2,2,2][1,1,1,1,0,0][1,1,1,1,0,0]
3466 [3,3,1,1,0,0][3,3,1,1,0,0][0,0,2,2,2,2][0,0,2,2,2,2][1,1,3,3,0,0][1,1,3,3,0,0]
3467 [3,3,1,1,0,0][3,3,1,1,0,0][0,0,2,2,2,2][0,0,2,2,2,2][1,3,1,3,0,0][1,3,1,3,0,0]
3468 [3,3,1,1,0,0][3,3,1,1,0,0][0,0,2,2,2,2][0,0,2,2,2,2][1,3,3,1,0,0][1,3,3,1,0,0]
3469 [3,3,1,1,0,0][3,3,1,1,0,0][0,0,2,2,2,2][0,0,2,2,2,2][3,1,1,3,0,0][3,1,1,3,0,0]
3470 [3,3,1,1,0,0][3,3,1,1,0,0][0,0,2,2,2,2][0,0,2,2,2,2][3,1,3,1,0,0][3,1,3,1,0,0]
3471 [3,3,1,1,0,0][3,3,1,1,0,0][0,0,2,2,2,2][0,0,2,2,2,2][3,3,1,1,0,0][3,3,1,1,0,0]
3472 [3,3,1,1,0,0][3,3,1,1,0,0][0,0,2,2,2,2][0,0,2,2,2,2][3,3,3,3,0,0][3,3,3,3,0,0]
3473 [3,3,1,1,0,0][3,3,1,1,0,0][0,2,0,2,2,2][0,2,0,2,2,2][1,1,1,1,0,0][1,1,1,1,0,0]
3474 [3,3,1,1,0,0][3,3,1,1,0,0][0,2,0,2,2,2][0,2,0,2,2,2][1,1,3,3,0,0][1,1,3,3,0,0]
3475 [3,3,1,1,0,0][3,3,1,1,0,0][0,2,0,2,2,2][0,2,0,2,2,2][1,3,1,3,0,0][1,3,1,3,0,0]
3476 [3,3,1,1,0,0][3,3,1,1,0,0][0,2,0,2,2,2][0,2,0,2,2,2][1,3,3,1,0,0][1,3,3,1,0,0]
3477 [3,3,1,1,0,0][3,3,1,1,0,0][0,2,0,2,2,2][0,2,0,2,2,2][3,1,1,3,0,0][3,1,1,3,0,0]
3478 [3,3,1,1,0,0][3,3,1,1,0,0][0,2,0,2,2,2][0,2,0,2,2,2][3,1,3,1,0,0][3,1,3,1,0,0]
3479 [3,3,1,1,0,0][3,3,1,1,0,0][0,2,0,2,2,2][0,2,0,2,2,2][3,3,1,1,0,0][3,3,1,1,0,0]
3480 [3,3,1,1,0,0][3,3,1,1,0,0][0,2,0,2,2,2][0,2,0,2,2,2][3,3,3,3,0,0][3,3,3,3,0,0]
3481 [3,3,1,1,0,0][3,3,1,1,0,0][0,2,2,0,2,2][0,2,2,0,2,2][1,1,1,1,0,0][1,1,1,1,0,0]
3482 [3,3,1,1,0,0][3,3,1,1,0,0][0,2,2,0,2,2][0,2,2,0,2,2][1,1,3,3,0,0][1,1,3,3,0,0]
3483 [3,3,1,1,0,0][3,3,1,1,0,0][0,2,2,0,2,2][0,2,2,0,2,2][1,3,1,3,0,0][1,3,1,3,0,0]
3484 [3,3,1,1,0,0][3,3,1,1,0,0][0,2,2,0,2,2][0,2,2,0,2,2][1,3,3,1,0,0][1,3,3,1,0,0]
3485 [3,3,1,1,0,0][3,3,1,1,0,0][0,2,2,0,2,2][0,2,2,0,2,2][3,1,1,3,0,0][3,1,1,3,0,0]
3486 [3,3,1,1,0,0][3,3,1,1,0,0][0,2,2,0,2,2][0,2,2,0,2,2][3,1,3,1,0,0][3,1,3,1,0,0]
3487 [3,3,1,1,0,0][3,3,1,1,0,0][0,2,2,0,2,2][0,2,2,0,2,2][3,3,1,1,0,0][3,3,1,1,0,0]
3488 [3,3,1,1,0,0][3,3,1,1,0,0][0,2,2,0,2,2][0,2,2,0,2,2][3,3,3,3,0,0][3,3,3,3,0,0]
3489 [3,3,1,1,0,0][3,3,1,1,0,0][2,0,0,2,2,2][2,0,0,2,2,2][1,1,1,1,0,0][1,1,1,1,0,0]
3490 [3,3,1,1,0,0][3,3,1,1,0,0][2,0,0,2,2,2][2,0,0,2,2,2][1,1,3,3,0,0][1,1,3,3,0,0]
3491 [3,3,1,1,0,0][3,3,1,1,0,0][2,0,0,2,2,2][2,0,0,2,2,2][1,3,1,3,0,0][1,3,1,3,0,0]
3492 [3,3,1,1,0,0][3,3,1,1,0,0][2,0,0,2,2,2][2,0,0,2,2,2][1,3,3,1,0,0][1,3,3,1,0,0]
3493 [3,3,1,1,0,0][3,3,1,1,0,0][2,0,0,2,2,2][2,0,0,2,2,2][3,1,1,3,0,0][3,1,1,3,0,0]
3494 [3,3,1,1,0,0][3,3,1,1,0,0][2,0,0,2,2,2][2,0,0,2,2,2][3,1,3,1,0,0][3,1,3,1,0,0]
3495 [3,3,1,1,0,0][3,3,1,1,0,0][2,0,0,2,2,2][2,0,0,2,2,2][3,3,1,1,0,0][3,3,1,1,0,0]
3496 [3,3,1,1,0,0][3,3,1,1,0,0][2,0,0,2,2,2][2,0,0,2,2,2][3,3,3,3,0,0][3,3,3,3,0,0]
3497 [3,3,1,1,0,0][3,3,1,1,0,0][2,0,2,0,2,2][2,0,2,0,2,2][1,1,1,1,0,0][1,1,1,1,0,0]
3498 [3,3,1,1,0,0][3,3,1,1,0,0][2,0,2,0,2,2][2,0,2,0,2,2][1,1,3,3,0,0][1,1,3,3,0,0]
3499 [3,3,1,1,0,0][3,3,1,1,0,0][2,0,2,0,2,2][2,0,2,0,2,2][1,3,1,3,0,0][1,3,1,3,0,0]
3500 [3,3,1,1,0,0][3,3,1,1,0,0][2,0,2,0,2,2][2,0,2,0,2,2][1,3,3,1,0,0][1,3,3,1,0,0]
3501 [3,3,1,1,0,0][3,3,1,1,0,0][2,0,2,0,2,2][2,0,2,0,2,2][3,1,1,3,0,0][3,1,1,3,0,0]
3502 [3,3,1,1,0,0][3,3,1,1,0,0][2,0,2,0,2,2][2,0,2,0,2,2][3,1,3,1,0,0][3,1,3,1,0,0]
3503 [3,3,1,1,0,0][3,3,1,1,0,0][2,0,2,0,2,2][2,0,2,0,2,2][3,3,1,1,0,0][3,3,1,1,0,0]
3504 [3,3,1,1,0,0][3,3,1,1,0,0][2,0,2,0,2,2][2,0,2,0,2,2][3,3,3,3,0,0][3,3,3,3,0,0]
3505 [3,3,1,1,0,0][3,3,1,1,0,0][2,2,0,0,2,2][2,2,0,0,2,2][1,1,1,1,0,0][1,1,1,1,0,0]
3506 [3,3,1,1,0,0][3,3,1,1,0,0][2,2,0,0,2,2][2,2,0,0,2,2][1,1,3,3,0,0][1,1,3,3,0,0]
3507 [3,3,1,1,0,0][3,3,1,1,0,0][2,2,0,0,2,2][2,2,0,0,2,2][1,3,1,3,0,0][1,3,1,3,0,0]
3508 [3,3,1,1,0,0][3,3,1,1,0,0][2,2,0,0,2,2][2,2,0,0,2,2][1,3,3,1,0,0][1,3,3,1,0,0]
3509 [3,3,1,1,0,0][3,3,1,1,0,0][2,2,0,0,2,2][2,2,0,0,2,2][3,1,1,3,0,0][3,1,1,3,0,0]
3510 [3,3,1,1,0,0][3,3,1,1,0,0][2,2,0,0,2,2][2,2,0,0,2,2][3,1,3,1,0,0][3,1,3,1,0,0]
3511 [3,3,1,1,0,0][3,3,1,1,0,0][2,2,0,0,2,2][2,2,0,0,2,2][3,3,1,1,0,0][3,3,1,1,0,0]
3512 [3,3,1,1,0,0][3,3,1,1,0,0][2,2,0,0,2,2][2,2,0,0,2,2][3,3,3,3,0,0][3,3,3,3,0,0]
3513 [3,3,1,1,0,0][3,3,1,1,0,0][2,2,2,2,2,2][2,2,2,2,2,2][1,1,1,1,0,0][1,1,1,1,0,0]
3514 [3,3,1,1,0,0][3,3,1,1,0,0][2,2,2,2,2,2][2,2,2,2,2,2][1,1,3,3,0,0][1,1,3,3,0,0]
3515 [3,3,1,1,0,0][3,3,1,1,0,0][2,2,2,2,2,2][2,2,2,2,2,2][1,3,1,3,0,0][1,3,1,3,0,0]
3516 [3,3,1,1,0,0][3,3,1,1,0,0][2,2,2,2,2,2][2,2,2,2,2,2][1,3,3,1,0,0][1,3,3,1,0,0]
3517 [3,3,1,1,0,0][3,3,1,1,0,0][2,2,2,2,2,2][2,2,2,2,2,2][3,1,1,3,0,0][3,1,1,3,0,0]
3518 [3,3,1,1,0,0][3,3,1,1,0,0][2,2,2,2,2,2][2,2,2,2,2,2][3,1,3,1,0,0][3,1,3,1,0,0]
3519 [3,3,1,1,0,0][3,3,1,1,0,0][2,2,2,2,2,2][2,2,2,2,2,2][3,3,1,1,0,0][3,3,1,1,0,0]
3520 [3,3,1,1,0,0][3,3,1,1,0,0][2,2,2,2,2,2][2,2,2,2,2,2][3,3,3,3,0,0][3,3,3,3,0,0]
3521 [3,3,1,1,0,0][3,3,3,3,0,0][0,0,0,0,2,2][0,0,0,0,2,2][1,1,1,1,0,0][1,1,3,3,0,0]
3522 [3,3,1,1,0,0][3,3,3,3,0,0][0,0,0,0,2,2][0,0,0,0,2,2][1,1,3,3,0,0][1,1,1,1,0,0]
3527 [3,3,1,1,0,0][3,3,3,3,0,0][0,0,0,0,2,2][0,0,0,0,2,2][3,3,1,1,0,0][3,3,3,3,0,0]
3528 [3,3,1,1,0,0][3,3,3,3,0,0][0,0,0,0,2,2][0,0,0,0,2,2][3,3,3,3,0,0][3,3,1,1,0,0]
3529 [3,3,1,1,0,0][3,3,3,3,0,0][0,0,2,2,2,2][0,0,2,2,2,2][1,1,1,1,0,0][1,1,3,3,0,0]
3530 [3,3,1,1,0,0][3,3,3,3,0,0][0,0,2,2,2,2][0,0,2,2,2,2][1,1,3,3,0,0][1,1,1,1,0,0]
3535 [3,3,1,1,0,0][3,3,3,3,0,0][0,0,2,2,2,2][0,0,2,2,2,2][3,3,1,1,0,0][3,3,3,3,0,0]
3536 [3,3,1,1,0,0][3,3,3,3,0,0][0,0,2,2,2,2][0,0,2,2,2,2][3,3,3,3,0,0][3,3,1,1,0,0]
3569 [3,3,1,1,0,0][3,3,3,3,0,0][2,2,0,0,2,2][2,2,0,0,2,2][1,1,1,1,0,0][1,1,3,3,0,0]
3570 [3,3,1,1,0,0][3,3,3,3,0,0][2,2,0,0,2,2][2,2,0,0,2,2][1,1,3,3,0,0][1,1,1,1,0,0]
3575 [3,3,1,1,0,0][3,3,3,3,0,0][2,2,0,0,2,2][2,2,0,0,2,2][3,3,1,1,0,0][3,3,3,3,0,0]
3576 [3,3,1,1,0,0][3,3,3,3,0,0][2,2,0,0,2,2][2,2,0,0,2,2][3,3,3,3,0,0][3,3,1,1,0,0]
3577 [3,3,1,1,0,0][3,3,3,3,0,0][2,2,2,2,2,2][2,2,2,2,2,2][1,1,1,1,0,0][1,1,3,3,0,0]
3578 [3,3,1,1,0,0][3,3,3,3,0,0][2,2,2,2,2,2][2,2,2,2,2,2][1,1,3,3,0,0][1,1,1,1,0,0]
3583 [3,3,1,1,0,0][3,3,3,3,0,0][2,2,2,2,2,2][2,2,2,2,2,2][3,3,1,1,0,0][3,3,3,3,0,0]
3584 [3,3,1,1,0,0][3,3,3,3,0,0][2,2,2,2,2,2][2,2,2,2,2,2][3,3,3,3,0,0][3,3,1,1,0,0]
3585 [3,3,3,3,0,0][1,1,1,1,0,0][0,0,0,0,2,2][0,0,0,0,2,2][1,1,1,1,0,0][3,3,3,3,0,0]
3586 [3,3,3,3,0,0][1,1,1,1,0,0][0,0,0,0,2,2][0,0,0,0,2,2][1,1,3,3,0,0][3,3,1,1,0,0]
3587 [3,3,3,3,0,0][1,1,1,1,0,0][0,0,0,0,2,2][0,0,0,0,2,2][1,3,1,3,0,0][3,1,3,1,0,0]
3590 [3,3,3,3,0,0][1,1,1,1,0,0][0,0,0,0,2,2][0,0,0,0,2,2][3,1,3,1,0,0][1,3,1,3,0,0]
3591 [3,3,3,3,0,0][1,1,1,1,0,0][0,0,0,0,2,2][0,0,0,0,2,2][3,3,1,1,0,0][1,1,3,3,0,0]
3592 [3,3,3,3,0,0][1,1,1,1,0,0][0,0,0,0,2,2][0,0,0,0,2,2][3,3,3,3,0,0][1,1,1,1,0,0]
3593 [3,3,3,3,0,0][1,1,1,1,0,0][0,0,2,2,2,2][0,0,2,2,2,2][1,1,1,1,0,0][3,3,3,3,0,0]
3594 [3,3,3,3,0,0][1,1,1,1,0,0][0,0,2,2,2,2][0,0,2,2,2,2][1,1,3,3,0,0][3,3,1,1,0,0]
3599 [3,3,3,3,0,0][1,1,1,1,0,0][0,0,2,2,2,2][0,0,2,2,2,2][3,3,1,1,0,0][1,1,3,3,0,0]
3600 [3,3,3,3,0,0][1,1,1,1,0,0][0,0,2,2,2,2][0,0,2,2,2,2][3,3,3,3,0,0][1,1,1,1,0,0]
3601 [3,3,3,3,0,0][1,1,1,1,0,0][0,2,0,2,2,2][0,2,0,2,2,2][1,1,1,1,0,0][3,3,3,3,0,0]
3603 [3,3,3,3,0,0][1,1,1,1,0,0][0,2,0,2,2,2][0,2,0,2,2,2][1,3,1,3,0,0][3,1,3,1,0,0]
3606 [3,3,3,3,0,0][1,1,1,1,0,0][0,2,0,2,2,2][0,2,0,2,2,2][3,1,3,1,0,0][1,3,1,3,0,0]
3608 [3,3,3,3,0,0][1,1,1,1,0,0][0,2,0,2,2,2][0,2,0,2,2,2][3,3,3,3,0,0][1,1,1,1,0,0]
3625 [3,3,3,3,0,0][1,1,1,1,0,0][2,0,2,0,2,2][2,0,2,0,2,2][1,1,1,1,0,0][3,3,3,3,0,0]
3627 [3,3,3,3,0,0][1,1,1,1,0,0][2,0,2,0,2,2][2,0,2,0,2,2][1,3,1,3,0,0][3,1,3,1,0,0]
3630 [3,3,3,3,0,0][1,1,1,1,0,0][2,0,2,0,2,2][2,0,2,0,2,2][3,1,3,1,0,0][1,3,1,3,0,0]
3632 [3,3,3,3,0,0][1,1,1,1,0,0][2,0,2,0,2,2][2,0,2,0,2,2][3,3,3,3,0,0][1,1,1,1,0,0]
3633 [3,3,3,3,0,0][1,1,1,1,0,0][2,2,0,0,2,2][2,2,0,0,2,2][1,1,1,1,0,0][3,3,3,3,0,0]
3634 [3,3,3,3,0,0][1,1,1,1,0,0][2,2,0,0,2,2][2,2,0,0,2,2][1,1,3,3,0,0][3,3,1,1,0,0]
3639 [3,3,3,3,0,0][1,1,1,1,0,0][2,2,0,0,2,2][2,2,0,0,2,2][3,3,1,1,0,0][1,1,3,3,0,0]
3640 [3,3,3,3,0,0][1,1,1,1,0,0][2,2,0,0,2,2][2,2,0,0,2,2][3,3,3,3,0,0][1,1,1,1,0,0]
3641 [3,3,3,3,0,0][1,1,1,1,0,0][2,2,2,2,2,2][2,2,2,2,2,2][1,1,1,1,0,0][3,3,3,3,0,0]
3642 [3,3,3,3,0,0][1,1,1,1,0,0][2,2,2,2,2,2][2,2,2,2,2,2][1,1,3,3,0,0][3,3,1,1,0,0]
3643 [3,3,3,3,0,0][1,1,1,1,0,0][2,2,2,2,2,2][2,2,2,2,2,2][1,3,1,3,0,0][3,1,3,1,0,0]
3646 [3,3,3,3,0,0][1,1,1,1,0,0][2,2,2,2,2,2][2,2,2,2,2,2][3,1,3,1,0,0][1,3,1,3,0,0]
3647 [3,3,3,3,0,0][1,1,1,1,0,0][2,2,2,2,2,2][2,2,2,2,2,2][3,3,1,1,0,0][1,1,3,3,0,0]
3648 [3,3,3,3,0,0][1,1,1,1,0,0][2,2,2,2,2,2][2,2,2,2,2,2][3,3,3,3,0,0][1,1,1,1,0,0]
3649 [3,3,3,3,0,0][1,1,3,3,0,0][0,0,0,0,2,2][0,0,0,0,2,2][1,1,1,1,0,0][3,3,1,1,0,0]
3650 [3,3,3,3,0,0][1,1,3,3,0,0][0,0,0,0,2,2][0,0,0,0,2,2][1,1,3,3,0,0][3,3,3,3,0,0]
3655 [3,3,3,3,0,0][1,1,3,3,0,0][0,0,0,0,2,2][0,0,0,0,2,2][3,3,1,1,0,0][1,1,1,1,0,0]
3656 [3,3,3,3,0,0][1,1,3,3,0,0][0,0,0,0,2,2][0,0,0,0,2,2][3,3,3,3,0,0][1,1,3,3,0,0]
3657 [3,3,3,3,0,0][1,1,3,3,0,0][0,0,2,2,2,2][0,0,2,2,2,2][1,1,1,1,0,0][3,3,1,1,0,0]
3658 [3,3,3,3,0,0][1,1,3,3,0,0][0,0,2,2,2,2][0,0,2,2,2,2][1,1,3,3,0,0][3,3,3,3,0,0]
3663 [3,3,3,3,0,0][1,1,3,3,0,0][0,0,2,2,2,2][0,0,2,2,2,2][3,3,1,1,0,0][1,1,1,1,0,0]
3664 [3,3,3,3,0,0][1,1,3,3,0,0][0,0,2,2,2,2][0,0,2,2,2,2][3,3,3,3,0,0][1,1,3,3,0,0]
3697 [3,3,3,3,0,0][1,1,3,3,0,0][2,2,0,0,2,2][2,2,0,0,2,2][1,1,1,1,0,0][3,3,1,1,0,0]
3698 [3,3,3,3,0,0][1,1,3,3,0,0][2,2,0,0,2,2][2,2,0,0,2,2][1,1,3,3,0,0][3,3,3,3,0,0]
3703 [3,3,3,3,0,0][1,1,3,3,0,0][2,2,0,0,2,2][2,2,0,0,2,2][3,3,1,1,0,0][1,1,1,1,0,0]
3704 [3,3,3,3,0,0][1,1,3,3,0,0][2,2,0,0,2,2][2,2,0,0,2,2][3,3,3,3,0,0][1,1,3,3,0,0]
3705 [3,3,3,3,0,0][1,1,3,3,0,0][2,2,2,2,2,2][2,2,2,2,2,2][1,1,1,1,0,0][3,3,1,1,0,0]
3706 [3,3,3,3,0,0][1,1,3,3,0,0][2,2,2,2,2,2][2,2,2,2,2,2][1,1,3,3,0,0][3,3,3,3,0,0]
3711 [3,3,3,3,0,0][1,1,3,3,0,0][2,2,2,2,2,2][2,2,2,2,2,2][3,3,1,1,0,0][1,1,1,1,0,0]
3712 [3,3,3,3,0,0][1,1,3,3,0,0][2,2,2,2,2,2][2,2,2,2,2,2][3,3,3,3,0,0][1,1,3,3,0,0]
3713 [3,3,3,3,0,0][1,3,1,3,0,0][0,0,0,0,2,2][0,0,0,0,2,2][1,1,1,1,0,0][3,1,3,1,0,0]
3715 [3,3,3,3,0,0][1,3,1,3,0,0][0,0,0,0,2,2][0,0,0,0,2,2][1,3,1,3,0,0][3,3,3,3,0,0]
3718 [3,3,3,3,0,0][1,3,1,3,0,0][0,0,0,0,2,2][0,0,0,0,2,2][3,1,3,1,0,0][1,1,1,1,0,0]
3720 [3,3,3,3,0,0][1,3,1,3,0,0][0,0,0,0,2,2][0,0,0,0,2,2][3,3,3,3,0,0][1,3,1,3,0,0]
3729 [3,3,3,3,0,0][1,3,1,3,0,0][0,2,0,2,2,2][0,2,0,2,2,2][1,1,1,1,0,0][3,1,3,1,0,0]
3731 [3,3,3,3,0,0][1,3,1,3,0,0][0,2,0,2,2,2][0,2,0,2,2,2][1,3,1,3,0,0][3,3,3,3,0,0]
3734 [3,3,3,3,0,0][1,3,1,3,0,0][0,2,0,2,2,2][0,2,0,2,2,2][3,1,3,1,0,0][1,1,1,1,0,0]
3736 [3,3,3,3,0,0][1,3,1,3,0,0][0,2,0,2,2,2][0,2,0,2,2,2][3,3,3,3,0,0][1,3,1,3,0,0]
3753 [3,3,3,3,0,0][1,3,1,3,0,0][2,0,2,0,2,2][2,0,2,0,2,2][1,1,1,1,0,0][3,1,3,1,0,0]
3755 [3,3,3,3,0,0][1,3,1,3,0,0][2,0,2,0,2,2][2,0,2,0,2,2][1,3,1,3,0,0][3,3,3,3,0,0]
3758 [3,3,3,3,0,0][1,3,1,3,0,0][2,0,2,0,2,2][2,0,2,0,2,2][3,1,3,1,0,0][1,1,1,1,0,0]
3760 [3,3,3,3,0,0][1,3,1,3,0,0][2,0,2,0,2,2][2,0,2,0,2,2][3,3,3,3,0,0][1,3,1,3,0,0]
3769 [3,3,3,3,0,0][1,3,1,3,0,0][2,2,2,2,2,2][2,2,2,2,2,2][1,1,1,1,0,0][3,1,3,1,0,0]
3771 [3,3,3,3,0,0][1,3,1,3,0,0][2,2,2,2,2,2][2,2,2,2,2,2][1,3,1,3,0,0][3,3,3,3,0,0]
3774 [3,3,3,3,0,0][1,3,1,3,0,0][2,2,2,2,2,2][2,2,2,2,2,2][3,1,3,1,0,0][1,1,1,1,0,0]
3776 [3,3,3,3,0,0][1,3,1,3,0,0][2,2,2,2,2,2][2,2,2,2,2,2][3,3,3,3,0,0][1,3,1,3,0,0]
3905 [3,3,3,3,0,0][3,1,3,1,0,0][0,0,0,0,2,2][0,0,0,0,2,2][1,1,1,1,0,0][1,3,1,3,0,0]
3907 [3,3,3,3,0,0][3,1,3,1,0,0][0,0,0,0,2,2][0,0,0,0,2,2][1,3,1,3,0,0][1,1,1,1,0,0]
3910 [3,3,3,3,0,0][3,1,3,1,0,0][0,0,0,0,2,2][0,0,0,0,2,2][3,1,3,1,0,0][3,3,3,3,0,0]
3912 [3,3,3,3,0,0][3,1,3,1,0,0][0,0,0,0,2,2][0,0,0,0,2,2][3,3,3,3,0,0][3,1,3,1,0,0]
3921 [3,3,3,3,0,0][3,1,3,1,0,0][0,2,0,2,2,2][0,2,0,2,2,2][1,1,1,1,0,0][1,3,1,3,0,0]
3923 [3,3,3,3,0,0][3,1,3,1,0,0][0,2,0,2,2,2][0,2,0,2,2,2][1,3,1,3,0,0][1,1,1,1,0,0]
3926 [3,3,3,3,0,0][3,1,3,1,0,0][0,2,0,2,2,2][0,2,0,2,2,2][3,1,3,1,0,0][3,3,3,3,0,0]
3928 [3,3,3,3,0,0][3,1,3,1,0,0][0,2,0,2,2,2][0,2,0,2,2,2][3,3,3,3,0,0][3,1,3,1,0,0]
3945 [3,3,3,3,0,0][3,1,3,1,0,0][2,0,2,0,2,2][2,0,2,0,2,2][1,1,1,1,0,0][1,3,1,3,0,0]
3947 [3,3,3,3,0,0][3,1,3,1,0,0][2,0,2,0,2,2][2,0,2,0,2,2][1,3,1,3,0,0][1,1,1,1,0,0]
3950 [3,3,3,3,0,0][3,1,3,1,0,0][2,0,2,0,2,2][2,0,2,0,2,2][3,1,3,1,0,0][3,3,3,3,0,0]
3952 [3,3,3,3,0,0][3,1,3,1,0,0][2,0,2,0,2,2][2,0,2,0,2,2][3,3,3,3,0,0][3,1,3,1,0,0]
3961 [3,3,3,3,0,0][3,1,3,1,0,0][2,2,2,2,2,2][2,2,2,2,2,2][1,1,1,1,0,0][1,3,1,3,0,0]
3963 [3,3,3,3,0,0][3,1,3,1,0,0][2,2,2,2,2,2][2,2,2,2,2,2][1,3,1,3,0,0][1,1,1,1,0,0]
3966 [3,3,3,3,0,0][3,1,3,1,0,0][2,2,2,2,2,2][2,2,2,2,2,2][3,1,3,1,0,0][3,3,3,3,0,0]
3968 [3,3,3,3,0,0][3,1,3,1,0,0][2,2,2,2,2,2][2,2,2,2,2,2][3,3,3,3,0,0][3,1,3,1,0,0]
3969 [3,3,3,3,0,0][3,3,1,1,0,0][0,0,0,0,2,2][0,0,0,0,2,2][1,1,1,1,0,0][1,1,3,3,0,0]
3970 [3,3,3,3,0,0][3,3,1,1,0,0][0,0,0,0,2,2][0,0,0,0,2,2][1,1,3,3,0,0][1,1,1,1,0,0]
3975 [3,3,3,3,0,0][3,3,1,1,0,0][0,0,0,0,2,2][0,0,0,0,2,2][3,3,1,1,0,0][3,3,3,3,0,0]
3976 [3,3,3,3,0,0][3,3,1,1,0,0][0,0,0,0,2,2][0,0,0,0,2,2][3,3,3,3,0,0][3,3,1,1,0,0]
3977 [3,3,3,3,0,0][3,3,1,1,0,0][0,0,2,2,2,2][0,0,2,2,2,2][1,1,1,1,0,0][1,1,3,3,0,0]
3978 [3,3,3,3,0,0][3,3,1,1,0,0][0,0,2,2,2,2][0,0,2,2,2,2][1,1,3,3,0,0][1,1,1,1,0,0]
3983 [3,3,3,3,0,0][3,3,1,1,0,0][0,0,2,2,2,2][0,0,2,2,2,2][3,3,1,1,0,0][3,3,3,3,0,0]
3984 [3,3,3,3,0,0][3,3,1,1,0,0][0,0,2,2,2,2][0,0,2,2,2,2][3,3,3,3,0,0][3,3,1,1,0,0]
4017 [3,3,3,3,0,0][3,3,1,1,0,0][2,2,0,0,2,2][2,2,0,0,2,2][1,1,1,1,0,0][1,1,3,3,0,0]
4018 [3,3,3,3,0,0][3,3,1,1,0,0][2,2,0,0,2,2][2,2,0,0,2,2][1,1,3,3,0,0][1,1,1,1,0,0]
4023 [3,3,3,3,0,0][3,3,1,1,0,0][2,2,0,0,2,2][2,2,0,0,2,2][3,3,1,1,0,0][3,3,3,3,0,0]
4024 [3,3,3,3,0,0][3,3,1,1,0,0][2,2,0,0,2,2][2,2,0,0,2,2][3,3,3,3,0,0][3,3,1,1,0,0]
4025 [3,3,3,3,0,0][3,3,1,1,0,0][2,2,2,2,2,2][2,2,2,2,2,2][1,1,1,1,0,0][1,1,3,3,0,0]
4026 [3,3,3,3,0,0][3,3,1,1,0,0][2,2,2,2,2,2][2,2,2,2,2,2][1,1,3,3,0,0][1,1,1,1,0,0]
4031 [3,3,3,3,0,0][3,3,1,1,0,0][2,2,2,2,2,2][2,2,2,2,2,2][3,3,1,1,0,0][3,3,3,3,0,0]
4032 [3,3,3,3,0,0][3,3,1,1,0,0][2,2,2,2,2,2][2,2,2,2,2,2][3,3,3,3,0,0][3,3,1,1,0,0]
4033 [3,3,3,3,0,0][3,3,3,3,0,0][0,0,0,0,2,2][0,0,0,0,2,2][1,1,1,1,0,0][1,1,1,1,0,0]
4034 [3,3,3,3,0,0][3,3,3,3,0,0][0,0,0,0,2,2][0,0,0,0,2,2][1,1,3,3,0,0][1,1,3,3,0,0]
4035 [3,3,3,3,0,0][3,3,3,3,0,0][0,0,0,0,2,2][0,0,0,0,2,2][1,3,1,3,0,0][1,3,1,3,0,0]
4036 [3,3,3,3,0,0][3,3,3,3,0,0][0,0,0,0,2,2][0,0,0,0,2,2][1,3,3,1,0,0][1,3,3,1,0,0]
4037 [3,3,3,3,0,0][3,3,3,3,0,0][0,0,0,0,2,2][0,0,0,0,2,2][3,1,1,3,0,0][3,1,1,3,0,0]
4038 [3,3,3,3,0,0][3,3,3,3,0,0][0,0,0,0,2,2][0,0,0,0,2,2][3,1,3,1,0,0][3,1,3,1,0,0]
4039 [3,3,3,3,0,0][3,3,3,3,0,0][0,0,0,0,2,2][0,0,0,0,2,2][3,3,1,1,0,0][3,3,1,1,0,0]
4040 [3,3,3,3,0,0][3,3,3,3,0,0][0,0,0,0,2,2][0,0,0,0,2,2][3,3,3,3,0,0][3,3,3,3,0,0]
4041 [3,3,3,3,0,0][3,3,3,3,0,0][0,0,2,2,2,2][0,0,2,2,2,2][1,1,1,1,0,0][1,1,1,1,0,0]
4042 [3,3,3,3,0,0][3,3,3,3,0,0][0,0,2,2,2,2][0,0,2,2,2,2][1,1,3,3,0,0][1,1,3,3,0,0]
4043 [3,3,3,3,0,0][3,3,3,3,0,0][0,0,2,2,2,2][0,0,2,2,2,2][1,3,1,3,0,0][1,3,1,3,0,0]
4044 [3,3,3,3,0,0][3,3,3,3,0,0][0,0,2,2,2,2][0,0,2,2,2,2][1,3,3,1,0,0][1,3,3,1,0,0]
4045 [3,3,3,3,0,0][3,3,3,3,0,0][0,0,2,2,2,2][0,0,2,2,2,2][3,1,1,3,0,0][3,1,1,3,0,0]
4046 [3,3,3,3,0,0][3,3,3,3,0,0][0,0,2,2,2,2][0,0,2,2,2,2][3,1,3,1,0,0][3,1,3,1,0,0]
4047 [3,3,3,3,0,0][3,3,3,3,0,0][0,0,2,2,2,2][0,0,2,2,2,2][3,3,1,1,0,0][3,3,1,1,0,0]
4048 [3,3,3,3,0,0][3,3,3,3,0,0][0,0,2,2,2,2][0,0,2,2,2,2][3,3,3,3,0,0][3,3,3,3,0,0]
4049 [3,3,3,3,0,0][3,3,3,3,0,0][0,2,0,2,2,2][0,2,0,2,2,2][1,1,1,1,0,0][1,1,1,1,0,0]
4050 [3,3,3,3,0,0][3,3,3,3,0,0][0,2,0,2,2,2][0,2,0,2,2,2][1,1,3,3,0,0][1,1,3,3,0,0]
4051 [3,3,3,3,0,0][3,3,3,3,0,0][0,2,0,2,2,2][0,2,0,2,2,2][1,3,1,3,0,0][1,3,1,3,0,0]
4052 [3,3,3,3,0,0][3,3,3,3,0,0][0,2,0,2,2,2][0,2,0,2,2,2][1,3,3,1,0,0][1,3,3,1,0,0]
4053 [3,3,3,3,0,0][3,3,3,3,0,0][0,2,0,2,2,2][0,2,0,2,2,2][3,1,1,3,0,0][3,1,1,3,0,0]
4054 [3,3,3,3,0,0][3,3,3,3,0,0][0,2,0,2,2,2][0,2,0,2,2,2][3,1,3,1,0,0][3,1,3,1,0,0]
4055 [3,3,3,3,0,0][3,3,3,3,0,0][0,2,0,2,2,2][0,2,0,2,2,2][3,3,1,1,0,0][3,3,1,1,0,0]
4056 [3,3,3,3,0,0][3,3,3,3,0,0][0,2,0,2,2,2][0,2,0,2,2,2][3,3,3,3,0,0][3,3,3,3,0,0]
4057 [3,3,3,3,0,0][3,3,3,3,0,0][0,2,2,0,2,2][0,2,2,0,2,2][1,1,1,1,0,0][1,1,1,1,0,0]
4058 [3,3,3,3,0,0][3,3,3,3,0,0][0,2,2,0,2,2][0,2,2,0,2,2][1,1,3,3,0,0][1,1,3,3,0,0]
4059 [3,3,3,3,0,0][3,3,3,3,0,0][0,2,2,0,2,2][0,2,2,0,2,2][1,3,1,3,0,0][1,3,1,3,0,0]
4060 [3,3,3,3,0,0][3,3,3,3,0,0][0,2,2,0,2,2][0,2,2,0,2,2][1,3,3,1,0,0][1,3,3,1,0,0]
4061 [3,3,3,3,0,0][3,3,3,3,0,0][0,2,2,0,2,2][0,2,2,0,2,2][3,1,1,3,0,0][3,1,1,3,0,0]
4062 [3,3,3,3,0,0][3,3,3,3,0,0][0,2,2,0,2,2][0,2,2,0,2,2][3,1,3,1,0,0][3,1,3,1,0,0]
4063 [3,3,3,3,0,0][3,3,3,3,0,0][0,2,2,0,2,2][0,2,2,0,2,2][3,3,1,1,0,0][3,3,1,1,0,0]
4064 [3,3,3,3,0,0][3,3,3,3,0,0][0,2,2,0,2,2][0,2,2,0,2,2][3,3,3,3,0,0][3,3,3,3,0,0]
4065 [3,3,3,3,0,0][3,3,3,3,0,0][2,0,0,2,2,2][2,0,0,2,2,2][1,1,1,1,0,0][1,1,1,1,0,0]
4066 [3,3,3,3,0,0][3,3,3,3,0,0][2,0,0,2,2,2][2,0,0,2,2,2][1,1,3,3,0,0][1,1,3,3,0,0]
4067 [3,3,3,3,0,0][3,3,3,3,0,0][2,0,0,2,2,2][2,0,0,2,2,2][1,3,1,3,0,0][1,3,1,3,0,0]
4068 [3,3,3,3,0,0][3,3,3,3,0,0][2,0,0,2,2,2][2,0,0,2,2,2][1,3,3,1,0,0][1,3,3,1,0,0]
4069 [3,3,3,3,0,0][3,3,3,3,0,0][2,0,0,2,2,2][2,0,0,2,2,2][3,1,1,3,0,0][3,1,1,3,0,0]
4070 [3,3,3,3,0,0][3,3,3,3,0,0][2,0,0,2,2,2][2,0,0,2,2,2][3,1,3,1,0,0][3,1,3,1,0,0]
4071 [3,3,3,3,0,0][3,3,3,3,0,0][2,0,0,2,2,2][2,0,0,2,2,2][3,3,1,1,0,0][3,3,1,1,0,0]
4072 [3,3,3,3,0,0][3,3,3,3,0,0][2,0,0,2,2,2][2,0,0,2,2,2][3,3,3,3,0,0][3,3,3,3,0,0]
4073 [3,3,3,3,0,0][3,3,3,3,0,0][2,0,2,0,2,2][2,0,2,0,2,2][1,1,1,1,0,0][1,1,1,1,0,0]
4074 [3,3,3,3,0,0][3,3,3,3,0,0][2,0,2,0,2,2][2,0,2,0,2,2][1,1,3,3,0,0][1,1,3,3,0,0]
4075 [3,3,3,3,0,0][3,3,3,3,0,0][2,0,2,0,2,2][2,0,2,0,2,2][1,3,1,3,0,0][1,3,1,3,0,0]
4076 [3,3,3,3,0,0][3,3,3,3,0,0][2,0,2,0,2,2][2,0,2,0,2,2][1,3,3,1,0,0][1,3,3,1,0,0]
4077 [3,3,3,3,0,0][3,3,3,3,0,0][2,0,2,0,2,2][2,0,2,0,2,2][3,1,1,3,0,0][3,1,1,3,0,0]
4078 [3,3,3,3,0,0][3,3,3,3,0,0][2,0,2,0,2,2][2,0,2,0,2,2][3,1,3,1,0,0][3,1,3,1,0,0]
4079 [3,3,3,3,0,0][3,3,3,3,0,0][2,0,2,0,2,2][2,0,2,0,2,2][3,3,1,1,0,0][3,3,1,1,0,0]
4080 [3,3,3,3,0,0][3,3,3,3,0,0][2,0,2,0,2,2][2,0,2,0,2,2][3,3,3,3,0,0][3,3,3,3,0,0]
4081 [3,3,3,3,0,0][3,3,3,3,0,0][2,2,0,0,2,2][2,2,0,0,2,2][1,1,1,1,0,0][1,1,1,1,0,0]
4082 [3,3,3,3,0,0][3,3,3,3,0,0][2,2,0,0,2,2][2,2,0,0,2,2][1,1,3,3,0,0][1,1,3,3,0,0]
4083 [3,3,3,3,0,0][3,3,3,3,0,0][2,2,0,0,2,2][2,2,0,0,2,2][1,3,1,3,0,0][1,3,1,3,0,0]
4084 [3,3,3,3,0,0][3,3,3,3,0,0][2,2,0,0,2,2][2,2,0,0,2,2][1,3,3,1,0,0][1,3,3,1,0,0]
4085 [3,3,3,3,0,0][3,3,3,3,0,0][2,2,0,0,2,2][2,2,0,0,2,2][3,1,1,3,0,0][3,1,1,3,0,0]
4086 [3,3,3,3,0,0][3,3,3,3,0,0][2,2,0,0,2,2][2,2,0,0,2,2][3,1,3,1,0,0][3,1,3,1,0,0]
4087 [3,3,3,3,0,0][3,3,3,3,0,0][2,2,0,0,2,2][2,2,0,0,2,2][3,3,1,1,0,0][3,3,1,1,0,0]
4088 [3,3,3,3,0,0][3,3,3,3,0,0][2,2,0,0,2,2][2,2,0,0,2,2][3,3,3,3,0,0][3,3,3,3,0,0]
4089 [3,3,3,3,0,0][3,3,3,3,0,0][2,2,2,2,2,2][2,2,2,2,2,2][1,1,1,1,0,0][1,1,1,1,0,0]
4090 [3,3,3,3,0,0][3,3,3,3,0,0][2,2,2,2,2,2][2,2,2,2,2,2][1,1,3,3,0,0][1,1,3,3,0,0]
4091 [3,3,3,3,0,0][3,3,3,3,0,0][2,2,2,2,2,2][2,2,2,2,2,2][1,3,1,3,0,0][1,3,1,3,0,0]
4092 [3,3,3,3,0,0][3,3,3,3,0,0][2,2,2,2,2,2][2,2,2,2,2,2][1,3,3,1,0,0][1,3,3,1,0,0]
4093 [3,3,3,3,0,0][3,3,3,3,0,0][2,2,2,2,2,2][2,2,2,2,2,2][3,1,1,3,0,0][3,1,1,3,0,0]
4094 [3,3,3,3,0,0][3,3,3,3,0,0][2,2,2,2,2,2][2,2,2,2,2,2][3,1,3,1,0,0][3,1,3,1,0,0]
4095 [3,3,3,3,0,0][3,3,3,3,0,0][2,2,2,2,2,2][2,2,2,2,2,2][3,3,1,1,0,0][3,3,1,1,0,0]
4096 [3,3,3,3,0,0][3,3,3,3,0,0][2,2,2,2,2,2][2,2,2,2,2,2][3,3,3,3,0,0][3,3,3,3,0,0]
