1820
[1,3,3,1,0,0]
[3,1,1,3,0,0]
[0,2,2,0,2,2]
[0,2,2,0,2,2]
[1,3,3,1,0,0]
[3,1,1,3,0,0]

1821
[1,3,3,1,0,0]
[3,1,1,3,0,0]
[0,2,2,0,2,2]
[0,2,2,0,2,2]
[3,1,1,3,0,0]
[1,3,3,1,0,0]

1828
[1,3,3,1,0,0]
[3,1,1,3,0,0]
[2,0,0,2,2,2]
[2,0,0,2,2,2]
[1,3,3,1,0,0]
[3,1,1,3,0,0]

1829
[1,3,3,1,0,0]
[3,1,1,3,0,0]
[2,0,0,2,2,2]
[2,0,0,2,2,2]
[3,1,1,3,0,0]
[1,3,3,1,0,0]

2268
[3,1,1,3,0,0]
[1,3,3,1,0,0]
[0,2,2,0,2,2]
[0,2,2,0,2,2]
[1,3,3,1,0,0]
[3,1,1,3,0,0]

2269
[3,1,1,3,0,0]
[1,3,3,1,0,0]
[0,2,2,0,2,2]
[0,2,2,0,2,2]
[3,1,1,3,0,0]
[1,3,3,1,0,0]

2276
[3,1,1,3,0,0]
[1,3,3,1,0,0]
[2,0,0,2,2,2]
[2,0,0,2,2,2]
[1,3,3,1,0,0]
[3,1,1,3,0,0]

2277
[3,1,1,3,0,0]
[1,3,3,1,0,0]
[2,0,0,2,2,2]
[2,0,0,2,2,2]
[3,1,1,3,0,0]
[1,3,3,1,0,0]

