177 0 0 [0,0,0,0,0,0][0,0,0,0,1,1][0,0,0,0,1,1][0,0,0,0,1,1][0,0,0,1,2,2][0,0,0,1,2,2]
4 0 0 [0,0,0,0,0,0][0,0,0,0,0,0][0,0,0,0,0,0][0,0,0,0,1,1][0,1,1,1,3,3][0,1,1,1,3,3]
26 0 0 [0,0,0,0,0,0][0,0,0,0,0,0][0,0,0,1,2,2][0,0,0,1,2,2][0,0,0,1,2,2][0,0,0,1,2,2]
28 0 0 [0,0,0,0,0,0][0,0,0,0,0,0][0,0,0,1,2,2][0,0,0,1,2,2][0,0,1,0,2,2][0,0,1,0,2,2]
213 0 0 [0,0,0,0,0,0][0,0,0,0,1,1][0,0,0,1,2,2][0,0,0,1,2,2][0,0,1,1,1,1][0,0,1,1,1,1]
490 0 0 [0,0,0,0,1,1][0,0,0,0,1,1][0,0,0,1,2,2][0,0,0,1,2,2][0,0,1,1,0,0][0,0,1,1,1,1]
450 0 0 [0,0,0,0,1,1][0,0,0,0,1,1][0,0,0,0,1,1][0,0,1,1,1,1][0,0,2,2,0,1][0,0,2,2,0,1]
215 0 0 [0,0,0,0,0,0][0,0,0,0,1,1][0,0,0,1,2,2][0,0,0,1,2,2][0,1,1,0,1,1][0,1,1,0,1,1]
491 0 0 [0,0,0,0,1,1][0,0,0,0,1,1][0,0,0,1,2,2][0,0,0,1,2,2][0,1,1,0,0,0][0,1,1,0,1,1]
452 0 0 [0,0,0,0,1,1][0,0,0,0,1,1][0,0,0,0,1,1][0,0,1,1,1,1][0,1,2,2,0,0][0,1,2,2,0,0]
946 0 0 [0,0,0,0,1,1][0,0,0,1,2,2][0,0,0,1,2,2][0,0,1,1,0,0][1,1,0,0,0,0][1,1,1,1,0,0]
198 0 0 [0,0,0,0,0,0][0,0,0,0,1,1][0,0,0,1,0,1][0,0,1,0,0,1][0,0,2,2,2,2][0,0,2,2,2,2]
303 0 0 [0,0,0,0,0,0][0,0,0,1,2,2][0,0,0,1,2,2][0,0,1,1,1,1][0,1,0,1,1,1][0,1,1,0,1,1]
945 0 0 [0,0,0,0,1,1][0,0,0,1,2,2][0,0,0,1,2,2][0,0,1,1,0,0][0,1,0,1,1,1][0,1,1,0,1,1]
952 0 0 [0,0,0,0,1,1][0,0,0,1,2,2][0,0,0,1,2,2][0,0,1,1,1,1][0,1,0,1,1,1][0,1,1,0,0,0]
903 0 0 [0,0,0,0,1,1][0,0,0,1,0,1][0,0,0,1,1,0][0,1,1,0,0,0][0,2,2,1,1,1][0,2,2,1,1,1]
961 0 0 [0,0,0,0,1,1][0,0,0,1,2,2][0,0,0,1,2,2][0,1,1,0,0,0][1,0,1,0,1,1][1,1,0,0,1,1]
27 0 0 [0,0,0,0,0,0][0,0,0,0,0,0][0,0,0,1,2,2][0,0,0,1,2,2][0,0,0,1,3,3][0,0,0,1,3,3]
486 0 0 [0,0,0,0,1,1][0,0,0,0,1,1][0,0,0,1,2,2][0,0,0,1,2,2][0,0,0,1,2,2][0,0,0,1,2,2]
29 0 0 [0,0,0,0,0,0][0,0,0,0,0,0][0,0,0,1,2,2][0,0,0,1,2,2][0,0,1,0,3,3][0,0,1,0,3,3]
37 0 0 [0,0,0,0,0,0][0,0,0,0,0,0][0,0,0,1,2,2][0,0,0,1,3,3][0,0,1,0,2,2][0,0,1,0,3,3]
488 0 0 [0,0,0,0,1,1][0,0,0,0,1,1][0,0,0,1,2,2][0,0,0,1,2,2][0,0,1,0,2,2][0,0,1,0,2,2]
20 0 0 [0,0,0,0,0,0][0,0,0,0,0,0][0,0,0,0,1,1][0,0,1,1,1,1][0,1,3,3,1,1][0,1,3,3,1,1]
22 0 0 [0,0,0,0,0,0][0,0,0,0,0,0][0,0,0,0,1,1][0,0,1,1,1,1][1,1,3,3,0,1][1,1,3,3,0,1]
185 0 0 [0,0,0,0,0,0][0,0,0,0,1,1][0,0,0,0,1,1][0,0,1,1,1,1][0,0,2,2,2,2][0,0,2,2,2,2]
440 0 0 [0,0,0,0,1,1][0,0,0,0,1,1][0,0,0,0,1,1][0,0,1,1,0,0][0,0,2,2,2,2][0,0,2,2,2,2]
464 0 0 [0,0,0,0,1,1][0,0,0,0,1,1][0,0,0,1,0,1][0,0,1,0,1,0][0,0,2,2,2,2][0,0,2,2,2,2]
500 0 0 [0,0,0,0,1,1][0,0,0,0,1,1][0,0,0,1,2,2][0,0,1,0,2,2][0,0,2,2,0,1][0,0,2,2,1,0]
302 0 0 [0,0,0,0,0,0][0,0,0,1,2,2][0,0,0,1,2,2][0,0,1,1,1,1][0,0,2,2,0,1][0,0,2,2,0,1]
943 0 0 [0,0,0,0,1,1][0,0,0,1,2,2][0,0,0,1,2,2][0,0,1,1,0,0][0,0,2,2,0,1][0,0,2,2,0,1]
66 0 0 [0,0,0,0,0,0][0,0,0,0,0,0][0,0,0,1,3,3][0,0,0,1,3,3][1,1,1,1,0,0][1,1,1,1,1,1]
182 0 0 [0,0,0,0,0,0][0,0,0,0,1,1][0,0,0,0,1,1][0,0,1,1,0,0][0,1,3,3,1,1][0,1,3,3,1,1]
184 0 0 [0,0,0,0,0,0][0,0,0,0,1,1][0,0,0,0,1,1][0,0,1,1,0,0][1,1,3,3,0,1][1,1,3,3,0,1]
453 0 0 [0,0,0,0,1,1][0,0,0,0,1,1][0,0,0,0,1,1][0,0,1,1,1,1][0,1,2,2,1,1][0,1,2,2,1,1]
222 0 0 [0,0,0,0,0,0][0,0,0,0,1,1][0,0,0,1,3,3][0,0,0,1,3,3][1,1,1,1,0,0][1,1,1,1,0,0]
547 0 0 [0,0,0,0,1,1][0,0,0,0,1,1][0,0,1,1,0,0][0,0,1,1,1,1][0,1,1,1,2,2][0,1,1,1,2,2]
1065 0 0 [0,0,0,0,1,1][0,0,1,1,1,1][0,0,1,1,1,1][0,0,1,1,1,1][0,1,2,2,0,0][0,1,2,2,0,0]
476 0 0 [0,0,0,0,1,1][0,0,0,0,1,1][0,0,0,1,0,1][0,1,1,1,0,1][0,2,2,1,1,1][0,2,2,1,1,1]
957 0 0 [0,0,0,0,1,1][0,0,0,1,2,2][0,0,0,1,2,2][0,1,1,0,0,0][0,2,2,1,0,0][0,2,2,1,0,0]
496 0 0 [0,0,0,0,1,1][0,0,0,0,1,1][0,0,0,1,2,2][0,0,0,1,2,2][1,1,1,1,0,0][1,1,1,1,1,1]
947 0 0 [0,0,0,0,1,1][0,0,0,1,2,2][0,0,0,1,2,2][0,0,1,1,0,0][1,1,0,0,1,1][1,1,1,1,1,1]
953 0 0 [0,0,0,0,1,1][0,0,0,1,2,2][0,0,0,1,2,2][0,0,1,1,1,1][1,1,0,0,0,0][1,1,1,1,1,1]
954 0 0 [0,0,0,0,1,1][0,0,0,1,2,2][0,0,0,1,2,2][0,0,1,1,1,1][1,1,0,0,1,1][1,1,1,1,0,0]
482 0 0 [0,0,0,0,1,1][0,0,0,0,1,1][0,0,0,1,0,1][0,1,1,1,0,1][1,3,3,0,0,0][1,3,3,0,0,0]
199 0 0 [0,0,0,0,0,0][0,0,0,0,1,1][0,0,0,1,0,1][0,0,1,0,0,1][0,0,2,2,3,3][0,0,2,2,3,3]
48 0 0 [0,0,0,0,0,0][0,0,0,0,0,0][0,0,0,1,2,2][0,0,1,0,3,3][0,1,0,0,3,3][0,1,1,1,2,2]
895 0 0 [0,0,0,0,1,1][0,0,0,1,0,1][0,0,0,1,1,0][0,0,1,1,1,1][0,0,2,2,2,2][0,0,2,2,2,2]
502 0 0 [0,0,0,0,1,1][0,0,0,0,1,1][0,0,0,1,2,2][0,0,1,0,2,2][0,1,0,0,2,2][0,1,1,1,2,2]
207 0 0 [0,0,0,0,0,0][0,0,0,0,1,1][0,0,0,1,0,1][0,1,1,1,1,0][0,3,3,1,1,1][0,3,3,1,1,1]
210 0 0 [0,0,0,0,0,0][0,0,0,0,1,1][0,0,0,1,0,1][0,1,1,1,1,0][1,3,3,0,1,1][1,3,3,0,1,1]
211 0 0 [0,0,0,0,0,0][0,0,0,0,1,1][0,0,0,1,0,1][0,1,1,1,1,0][1,3,3,1,1,0][1,3,3,1,1,0]
575 0 0 [0,0,0,0,1,1][0,0,0,0,1,1][0,0,2,2,0,1][0,0,2,2,1,0][0,1,2,2,0,0][0,1,2,2,1,1]
344 0 0 [0,0,0,0,0,0][0,0,0,1,3,3][0,0,0,1,3,3][0,1,1,0,1,1][1,0,1,0,1,1][1,1,0,0,1,1]
1034 0 0 [0,0,0,0,1,1][0,0,1,1,0,0][0,1,0,1,1,1][0,1,1,0,1,1][0,1,1,1,2,2][0,1,1,1,2,2]
911 0 0 [0,0,0,0,1,1][0,0,0,1,0,1][0,0,2,2,2,2][0,0,2,2,2,2][1,1,0,0,0,0][1,1,1,0,0,1]
906 0 0 [0,0,0,0,1,1][0,0,0,1,0,1][0,0,0,1,1,0][0,1,1,0,0,0][1,3,3,0,1,1][1,3,3,0,1,1]
1360 0 0 [0,0,0,1,2,2][0,0,0,1,2,2][0,0,1,1,1,1][0,1,0,1,1,1][1,0,0,1,1,1][1,1,1,1,0,0]
1364 0 0 [0,0,0,1,2,2][0,0,0,1,2,2][0,0,1,1,1,1][0,1,1,0,1,1][1,0,1,0,1,1][1,1,1,1,0,0]
7 0 0 [0,0,0,0,0,0][0,0,0,0,0,0][0,0,0,0,0,0][0,0,1,1,1,1][0,0,3,3,3,3][0,0,3,3,3,3]
487 0 0 [0,0,0,0,1,1][0,0,0,0,1,1][0,0,0,1,2,2][0,0,0,1,2,2][0,0,0,1,3,3][0,0,0,1,3,3]
14 0 0 [0,0,0,0,0,0][0,0,0,0,0,0][0,0,0,0,1,1][0,0,1,1,0,0][0,0,3,3,3,3][0,0,3,3,3,3]
489 0 0 [0,0,0,0,1,1][0,0,0,0,1,1][0,0,0,1,2,2][0,0,0,1,2,2][0,0,1,0,3,3][0,0,1,0,3,3]
497 0 0 [0,0,0,0,1,1][0,0,0,0,1,1][0,0,0,1,2,2][0,0,0,1,3,3][0,0,1,0,2,2][0,0,1,0,3,3]
1290 0 0 [0,0,0,1,2,2][0,0,0,1,2,2][0,0,0,1,2,2][0,0,0,1,2,2][0,0,1,1,1,1][0,0,1,1,1,1]
186 0 0 [0,0,0,0,0,0][0,0,0,0,1,1][0,0,0,0,1,1][0,0,1,1,1,1][0,0,2,2,3,3][0,0,2,2,3,3]
441 0 0 [0,0,0,0,1,1][0,0,0,0,1,1][0,0,0,0,1,1][0,0,1,1,0,0][0,0,2,2,3,3][0,0,2,2,3,3]
187 0 0 [0,0,0,0,0,0][0,0,0,0,1,1][0,0,0,0,1,1][0,0,1,1,1,1][0,0,2,3,2,3][0,0,2,3,2,3]
442 0 0 [0,0,0,0,1,1][0,0,0,0,1,1][0,0,0,0,1,1][0,0,1,1,0,0][0,0,2,3,2,3][0,0,2,3,2,3]
465 0 0 [0,0,0,0,1,1][0,0,0,0,1,1][0,0,0,1,0,1][0,0,1,0,1,0][0,0,2,2,3,3][0,0,2,2,3,3]
532 0 0 [0,0,0,0,1,1][0,0,0,0,1,1][0,0,0,1,3,3][0,0,1,0,3,3][0,0,2,2,0,1][0,0,2,2,1,0]
466 0 0 [0,0,0,0,1,1][0,0,0,0,1,1][0,0,0,1,0,1][0,0,1,0,1,0][0,0,2,3,2,3][0,0,2,3,2,3]
467 0 0 [0,0,0,0,1,1][0,0,0,0,1,1][0,0,0,1,0,1][0,0,1,0,1,0][0,0,2,3,3,2][0,0,2,3,3,2]
62 0 0 [0,0,0,0,0,0][0,0,0,0,0,0][0,0,0,1,3,3][0,0,0,1,3,3][0,1,1,1,2,2][0,1,1,1,2,2]
64 0 0 [0,0,0,0,0,0][0,0,0,0,0,0][0,0,0,1,3,3][0,0,0,1,3,3][1,1,1,0,2,2][1,1,1,0,2,2]
72 0 0 [0,0,0,0,0,0][0,0,0,0,0,0][0,0,0,1,3,3][0,0,1,0,3,3][1,1,0,1,2,2][1,1,1,0,2,2]
74 0 0 [0,0,0,0,0,0][0,0,0,0,0,0][0,0,0,1,3,3][0,0,1,0,3,3][1,1,2,2,0,1][1,1,2,2,1,0]
1302 0 0 [0,0,0,1,2,2][0,0,0,1,2,2][0,0,1,0,2,2][0,0,1,0,2,2][0,0,1,1,1,1][0,0,1,1,1,1]
349 0 0 [0,0,0,0,0,0][0,0,1,1,1,1][0,0,1,1,1,1][0,0,1,1,1,1][0,0,2,2,2,2][0,0,2,2,2,2]
998 0 0 [0,0,0,0,1,1][0,0,1,1,0,0][0,0,1,1,1,1][0,0,1,1,1,1][0,0,2,2,2,2][0,0,2,2,2,2]
1494 0 0 [0,0,0,1,2,2][0,0,1,0,2,2][0,0,1,1,1,1][0,0,1,1,1,1][0,0,2,2,0,1][0,0,2,2,1,0]
492 0 0 [0,0,0,0,1,1][0,0,0,0,1,1][0,0,0,1,2,2][0,0,0,1,2,2][0,1,1,1,2,2][0,1,1,1,2,2]
1292 0 0 [0,0,0,1,2,2][0,0,0,1,2,2][0,0,0,1,2,2][0,0,0,1,2,2][0,1,1,0,1,1][0,1,1,0,1,1]
223 0 0 [0,0,0,0,0,0][0,0,0,0,1,1][0,0,0,1,3,3][0,0,0,1,3,3][1,1,1,1,1,1][1,1,1,1,1,1]
1304 0 0 [0,0,0,1,2,2][0,0,0,1,2,2][0,0,1,0,2,2][0,0,1,0,2,2][0,1,0,1,1,1][0,1,0,1,1,1]
231 0 0 [0,0,0,0,0,0][0,0,0,0,1,1][0,0,1,1,1,1][0,0,1,1,1,1][1,1,0,1,3,3][1,1,0,1,3,3]
1066 0 0 [0,0,0,0,1,1][0,0,1,1,1,1][0,0,1,1,1,1][0,0,1,1,1,1][0,1,2,2,1,1][0,1,2,2,1,1]
280 0 0 [0,0,0,0,0,0][0,0,0,0,1,1][0,1,1,1,3,3][0,1,1,1,3,3][1,1,1,1,0,0][1,1,1,1,0,0]
513 0 0 [0,0,0,0,1,1][0,0,0,0,1,1][0,0,0,1,2,2][0,1,1,1,2,2][0,2,2,1,0,0][0,2,2,1,1,1]
958 0 0 [0,0,0,0,1,1][0,0,0,1,2,2][0,0,0,1,2,2][0,1,1,0,0,0][0,2,2,1,1,1][0,2,2,1,1,1]
332 0 0 [0,0,0,0,0,0][0,0,0,1,3,3][0,0,0,1,3,3][0,0,1,1,1,1][1,1,0,0,1,1][1,1,1,1,1,1]
1141 0 0 [0,0,0,0,1,1][0,0,1,1,1,1][0,1,1,1,0,1][0,1,1,1,0,1][0,1,2,2,1,1][0,1,2,2,1,1]
494 0 0 [0,0,0,0,1,1][0,0,0,0,1,1][0,0,0,1,2,2][0,0,0,1,2,2][1,1,1,0,2,2][1,1,1,0,2,2]
457 0 0 [0,0,0,0,1,1][0,0,0,0,1,1][0,0,0,0,1,1][0,0,1,1,1,1][1,1,3,3,0,1][1,1,3,3,0,1]
1293 0 0 [0,0,0,1,2,2][0,0,0,1,2,2][0,0,0,1,2,2][0,0,0,1,2,2][1,1,1,1,0,0][1,1,1,1,0,0]
504 0 0 [0,0,0,0,1,1][0,0,0,0,1,1][0,0,0,1,2,2][0,0,1,0,2,2][1,1,0,1,2,2][1,1,1,0,2,2]
483 0 0 [0,0,0,0,1,1][0,0,0,0,1,1][0,0,0,1,0,1][0,1,1,1,0,1][1,3,3,0,1,1][1,3,3,0,1,1]
484 0 0 [0,0,0,0,1,1][0,0,0,0,1,1][0,0,0,1,0,1][0,1,1,1,0,1][1,3,3,1,0,1][1,3,3,1,0,1]
485 0 0 [0,0,0,0,1,1][0,0,0,0,1,1][0,0,0,1,0,1][0,1,1,1,0,1][1,3,3,1,1,0][1,3,3,1,1,0]
948 0 0 [0,0,0,0,1,1][0,0,0,1,2,2][0,0,0,1,2,2][0,0,1,1,0,0][1,1,2,2,0,1][1,1,2,2,0,1]
1306 0 0 [0,0,0,1,2,2][0,0,0,1,2,2][0,0,1,0,2,2][0,0,1,0,2,2][1,1,0,0,1,1][1,1,0,0,1,1]
1307 0 0 [0,0,0,1,2,2][0,0,0,1,2,2][0,0,1,0,2,2][0,0,1,0,2,2][1,1,1,1,0,0][1,1,1,1,0,0]
1359 0 0 [0,0,0,1,2,2][0,0,0,1,2,2][0,0,1,1,1,1][0,0,1,1,1,1][1,1,1,1,0,0][1,1,1,1,1,1]
609 0 0 [0,0,0,0,1,1][0,0,0,0,1,1][0,0,2,2,2,2][0,0,2,2,2,2][1,1,0,1,0,1][1,1,1,0,1,0]
912 0 0 [0,0,0,0,1,1][0,0,0,1,0,1][0,0,2,2,2,2][0,0,2,2,2,2][1,1,0,0,1,1][1,1,1,0,1,0]
1376 0 0 [0,0,0,1,2,2][0,0,0,1,2,2][0,0,2,2,0,1][0,0,2,2,0,1][1,1,0,0,1,1][1,1,1,1,0,0]
1069 0 0 [0,0,0,0,1,1][0,0,1,1,1,1][0,0,1,1,1,1][0,0,1,1,1,1][1,1,2,2,0,1][1,1,2,2,0,1]
1012 0 0 [0,0,0,0,1,1][0,0,1,1,0,0][0,0,2,2,2,2][0,0,2,2,2,2][1,1,0,0,1,1][1,1,0,0,1,1]
1013 0 0 [0,0,0,0,1,1][0,0,1,1,0,0][0,0,2,2,2,2][0,0,2,2,2,2][1,1,0,1,0,1][1,1,0,1,0,1]
1502 0 0 [0,0,0,1,2,2][0,0,1,0,2,2][0,0,2,2,0,1][0,0,2,2,1,0][1,1,0,0,1,1][1,1,0,0,1,1]
1143 0 0 [0,0,0,0,1,1][0,0,1,1,1,1][0,1,1,1,0,1][0,1,1,1,0,1][1,0,2,2,1,1][1,0,2,2,1,1]
1407 0 0 [0,0,0,1,2,2][0,0,0,1,2,2][0,1,1,0,1,1][0,1,1,0,1,1][1,1,1,1,0,0][1,1,1,1,1,1]
1150 0 0 [0,0,0,0,1,1][0,0,1,1,1,1][0,1,1,1,2,2][0,1,1,1,2,2][1,1,0,0,1,1][1,1,1,1,0,0]
896 0 0 [0,0,0,0,1,1][0,0,0,1,0,1][0,0,0,1,1,0][0,0,1,1,1,1][0,0,2,2,3,3][0,0,2,2,3,3]
71 0 0 [0,0,0,0,0,0][0,0,0,0,0,0][0,0,0,1,3,3][0,0,1,0,3,3][0,1,0,0,3,3][0,1,1,1,3,3]
76 0 0 [0,0,0,0,0,0][0,0,0,0,0,0][0,0,0,1,3,3][0,1,1,1,2,2][1,0,1,1,2,2][1,1,0,1,3,3]
503 0 0 [0,0,0,0,1,1][0,0,0,0,1,1][0,0,0,1,2,2][0,0,1,0,2,2][0,1,0,0,3,3][0,1,1,1,3,3]
204 0 0 [0,0,0,0,0,0][0,0,0,0,1,1][0,0,0,1,0,1][0,0,1,0,0,1][1,1,2,3,3,2][1,1,2,3,3,2]
576 0 0 [0,0,0,0,1,1][0,0,0,0,1,1][0,0,2,2,0,1][0,0,2,2,1,0][0,1,3,3,0,0][0,1,3,3,1,1]
583 0 0 [0,0,0,0,1,1][0,0,0,0,1,1][0,0,2,2,0,1][0,0,3,3,1,0][0,1,2,2,0,0][0,1,3,3,1,1]
255 0 0 [0,0,0,0,0,0][0,0,0,0,1,1][0,0,2,3,2,3][0,0,2,3,2,3][1,1,0,1,1,0][1,1,1,0,1,0]
266 0 0 [0,0,0,0,0,0][0,0,0,0,1,1][0,0,3,3,2,2][0,0,3,3,2,2][1,1,0,1,0,1][1,1,1,0,0,1]
1495 0 0 [0,0,0,1,2,2][0,0,1,0,2,2][0,0,1,1,1,1][0,0,1,1,1,1][0,1,0,0,2,2][0,1,1,1,2,2]
375 0 0 [0,0,0,0,0,0][0,0,1,1,1,1][0,1,0,1,1,1][0,1,1,0,1,1][1,0,1,1,3,3][1,0,1,1,3,3]
899 0 0 [0,0,0,0,1,1][0,0,0,1,0,1][0,0,0,1,1,0][0,0,1,1,1,1][1,1,2,2,2,2][1,1,2,2,2,2]
914 0 0 [0,0,0,0,1,1][0,0,0,1,0,1][0,0,2,2,3,3][0,0,2,2,3,3][1,1,0,0,0,0][1,1,1,0,0,1]
913 0 0 [0,0,0,0,1,1][0,0,0,1,0,1][0,0,2,2,2,2][0,0,2,2,2,2][1,1,0,1,1,0][1,1,1,1,1,1]
918 0 0 [0,0,0,0,1,1][0,0,0,1,0,1][0,0,2,3,3,2][0,0,2,3,3,2][1,1,0,0,0,0][1,1,1,0,0,1]
727 0 0 [0,0,0,0,1,1][0,0,0,0,1,1][0,0,3,3,0,1][0,1,2,2,0,0][1,0,2,2,0,0][1,1,3,3,0,1]
729 0 0 [0,0,0,0,1,1][0,0,0,0,1,1][0,0,3,3,0,1][0,1,2,2,0,0][1,0,3,3,0,0][1,1,2,2,0,1]
1093 0 0 [0,0,0,0,1,1][0,0,1,1,1,1][0,0,2,2,2,2][0,0,2,2,2,2][1,1,0,1,0,1][1,1,0,1,1,0]
908 0 0 [0,0,0,0,1,1][0,0,0,1,0,1][0,0,1,0,0,1][1,1,1,1,1,1][3,3,1,1,1,0][3,3,1,1,1,0]
910 0 0 [0,0,0,0,1,1][0,0,0,1,0,1][0,0,1,1,1,1][1,1,1,0,0,1][3,3,1,1,1,0][3,3,1,1,1,0]
1504 0 0 [0,0,0,1,2,2][0,0,1,0,2,2][0,1,0,0,2,2][0,1,1,1,2,2][1,1,1,1,0,0][1,1,1,1,0,0]
2072 0 0 [0,0,1,1,1,1][0,1,0,1,1,1][0,1,1,1,2,2][0,1,1,1,2,2][1,0,0,1,1,1][1,1,1,1,0,0]
10 0 0 [0,0,0,0,0,0][0,0,0,0,0,0][0,0,0,0,0,0][0,0,1,1,1,1][1,1,3,3,3,3][1,1,3,3,3,3]
18 0 0 [0,0,0,0,0,0][0,0,0,0,0,0][0,0,0,0,1,1][0,0,1,1,0,0][1,1,3,3,3,3][1,1,3,3,3,3]
1296 0 0 [0,0,0,1,2,2][0,0,0,1,2,2][0,0,0,1,3,3][0,0,0,1,3,3][0,0,1,1,1,1][0,0,1,1,1,1]
63 0 0 [0,0,0,0,0,0][0,0,0,0,0,0][0,0,0,1,3,3][0,0,0,1,3,3][0,1,1,1,3,3][0,1,1,1,3,3]
65 0 0 [0,0,0,0,0,0][0,0,0,0,0,0][0,0,0,1,3,3][0,0,0,1,3,3][1,1,1,0,3,3][1,1,1,0,3,3]
73 0 0 [0,0,0,0,0,0][0,0,0,0,0,0][0,0,0,1,3,3][0,0,1,0,3,3][1,1,0,1,3,3][1,1,1,0,3,3]
75 0 0 [0,0,0,0,0,0][0,0,0,0,0,0][0,0,0,1,3,3][0,0,1,0,3,3][1,1,3,3,0,1][1,1,3,3,1,0]
80 0 0 [0,0,0,0,0,0][0,0,0,0,0,0][0,0,0,1,3,3][0,1,1,1,3,3][0,3,3,1,0,0][0,3,3,1,1,1]
83 0 0 [0,0,0,0,0,0][0,0,0,0,0,0][0,0,0,1,3,3][0,1,1,1,3,3][1,3,3,0,0,0][1,3,3,0,1,1]
1310 0 0 [0,0,0,1,2,2][0,0,0,1,2,2][0,0,1,0,3,3][0,0,1,0,3,3][0,0,1,1,1,1][0,0,1,1,1,1]
1457 0 0 [0,0,0,1,2,2][0,0,0,1,3,3][0,0,1,0,2,2][0,0,1,0,3,3][0,0,1,1,1,1][0,0,1,1,1,1]
350 0 0 [0,0,0,0,0,0][0,0,1,1,1,1][0,0,1,1,1,1][0,0,1,1,1,1][0,0,2,2,3,3][0,0,2,2,3,3]
999 0 0 [0,0,0,0,1,1][0,0,1,1,0,0][0,0,1,1,1,1][0,0,1,1,1,1][0,0,2,2,3,3][0,0,2,2,3,3]
1000 0 0 [0,0,0,0,1,1][0,0,1,1,0,0][0,0,1,1,1,1][0,0,1,1,1,1][0,0,2,3,2,3][0,0,2,3,2,3]
493 0 0 [0,0,0,0,1,1][0,0,0,0,1,1][0,0,0,1,2,2][0,0,0,1,2,2][0,1,1,1,3,3][0,1,1,1,3,3]
498 0 0 [0,0,0,0,1,1][0,0,0,0,1,1][0,0,0,1,2,2][0,0,0,1,3,3][0,1,1,1,2,2][0,1,1,1,3,3]
193 0 0 [0,0,0,0,0,0][0,0,0,0,1,1][0,0,0,0,1,1][0,0,1,1,1,1][1,1,3,3,2,2][1,1,3,3,2,2]
1298 0 0 [0,0,0,1,2,2][0,0,0,1,2,2][0,0,0,1,3,3][0,0,0,1,3,3][0,1,1,0,1,1][0,1,1,0,1,1]
1312 0 0 [0,0,0,1,2,2][0,0,0,1,2,2][0,0,1,0,3,3][0,0,1,0,3,3][0,1,0,1,1,1][0,1,0,1,1,1]
1459 0 0 [0,0,0,1,2,2][0,0,0,1,3,3][0,0,1,0,2,2][0,0,1,0,3,3][0,1,0,1,1,1][0,1,0,1,1,1]
1352 0 0 [0,0,0,1,2,2][0,0,0,1,2,2][0,0,1,1,1,1][0,0,1,1,1,1][0,1,1,1,2,2][0,1,1,1,2,2]
245 0 0 [0,0,0,0,0,0][0,0,0,0,1,1][0,0,2,2,3,3][0,0,2,2,3,3][0,1,2,2,0,0][0,1,2,2,0,0]
281 0 0 [0,0,0,0,0,0][0,0,0,0,1,1][0,1,1,1,3,3][0,1,1,1,3,3][1,1,1,1,1,1][1,1,1,1,1,1]
542 0 0 [0,0,0,0,1,1][0,0,0,0,1,1][0,0,0,1,3,3][0,1,1,1,3,3][0,2,2,1,0,0][0,2,2,1,1,1]
341 0 0 [0,0,0,0,0,0][0,0,0,1,3,3][0,0,0,1,3,3][0,1,1,0,1,1][0,2,2,1,1,1][0,2,2,1,1,1]
985 0 0 [0,0,0,0,1,1][0,0,0,1,3,3][0,0,0,1,3,3][0,1,1,0,0,0][0,2,2,1,1,1][0,2,2,1,1,1]
333 0 0 [0,0,0,0,0,0][0,0,0,1,3,3][0,0,0,1,3,3][0,0,1,1,1,1][1,1,2,2,0,1][1,1,2,2,0,1]
346 0 0 [0,0,0,0,0,0][0,0,0,1,3,3][0,0,0,1,3,3][0,1,1,0,1,1][1,2,2,0,1,1][1,2,2,0,1,1]
347 0 0 [0,0,0,0,0,0][0,0,0,1,3,3][0,0,0,1,3,3][0,1,1,0,1,1][1,3,3,0,0,0][1,3,3,0,0,0]
786 0 0 [0,0,0,0,1,1][0,0,0,0,1,1][0,1,1,1,2,2][0,1,1,1,2,2][0,1,1,1,2,2][0,1,1,1,2,2]
1403 0 0 [0,0,0,1,2,2][0,0,0,1,2,2][0,1,1,0,1,1][0,1,1,0,1,1][0,1,1,1,2,2][0,1,1,1,2,2]
815 0 0 [0,0,0,0,1,1][0,0,0,0,1,1][0,1,2,2,1,1][0,1,2,2,1,1][0,1,2,2,1,1][0,1,2,2,1,1]
1039 0 0 [0,0,0,0,1,1][0,0,1,1,0,0][0,1,1,1,2,2][0,1,1,1,2,2][0,1,2,2,1,1][0,1,2,2,1,1]
386 0 0 [0,0,0,0,0,0][0,0,1,1,1,1][0,1,1,1,3,3][0,1,1,1,3,3][1,1,0,0,1,1][1,1,1,1,1,1]
495 0 0 [0,0,0,0,1,1][0,0,0,0,1,1][0,0,0,1,2,2][0,0,0,1,2,2][1,1,1,0,3,3][1,1,1,0,3,3]
499 0 0 [0,0,0,0,1,1][0,0,0,0,1,1][0,0,0,1,2,2][0,0,0,1,3,3][1,1,1,0,2,2][1,1,1,0,3,3]
448 0 0 [0,0,0,0,1,1][0,0,0,0,1,1][0,0,0,0,1,1][0,0,1,1,0,0][1,1,3,3,2,2][1,1,3,3,2,2]
1294 0 0 [0,0,0,1,2,2][0,0,0,1,2,2][0,0,0,1,2,2][0,0,0,1,2,2][1,1,1,1,1,1][1,1,1,1,1,1]
1299 0 0 [0,0,0,1,2,2][0,0,0,1,2,2][0,0,0,1,3,3][0,0,0,1,3,3][1,1,1,1,0,0][1,1,1,1,0,0]
505 0 0 [0,0,0,0,1,1][0,0,0,0,1,1][0,0,0,1,2,2][0,0,1,0,2,2][1,1,0,1,3,3][1,1,1,0,3,3]
510 0 0 [0,0,0,0,1,1][0,0,0,0,1,1][0,0,0,1,2,2][0,0,1,0,3,3][1,1,0,1,2,2][1,1,1,0,3,3]
511 0 0 [0,0,0,0,1,1][0,0,0,0,1,1][0,0,0,1,2,2][0,0,1,0,3,3][1,1,0,1,3,3][1,1,1,0,2,2]
474 0 0 [0,0,0,0,1,1][0,0,0,0,1,1][0,0,0,1,0,1][0,0,1,0,1,0][1,1,3,3,2,2][1,1,3,3,2,2]
537 0 0 [0,0,0,0,1,1][0,0,0,0,1,1][0,0,0,1,3,3][0,0,1,0,3,3][1,1,2,2,0,1][1,1,2,2,1,0]
975 0 0 [0,0,0,0,1,1][0,0,0,1,3,3][0,0,0,1,3,3][0,0,1,1,0,0][1,1,2,2,0,1][1,1,2,2,0,1]
545 0 0 [0,0,0,0,1,1][0,0,0,0,1,1][0,0,0,1,3,3][0,1,1,1,3,3][1,2,2,0,0,0][1,2,2,0,1,1]
1314 0 0 [0,0,0,1,2,2][0,0,0,1,2,2][0,0,1,0,3,3][0,0,1,0,3,3][1,1,0,0,1,1][1,1,0,0,1,1]
1461 0 0 [0,0,0,1,2,2][0,0,0,1,3,3][0,0,1,0,2,2][0,0,1,0,3,3][1,1,0,0,1,1][1,1,0,0,1,1]
1355 0 0 [0,0,0,1,2,2][0,0,0,1,2,2][0,0,1,1,1,1][0,0,1,1,1,1][1,1,0,1,2,2][1,1,0,1,2,2]
1308 0 0 [0,0,0,1,2,2][0,0,0,1,2,2][0,0,1,0,2,2][0,0,1,0,2,2][1,1,1,1,1,1][1,1,1,1,1,1]
1315 0 0 [0,0,0,1,2,2][0,0,0,1,2,2][0,0,1,0,3,3][0,0,1,0,3,3][1,1,1,1,0,0][1,1,1,1,0,0]
1462 0 0 [0,0,0,1,2,2][0,0,0,1,3,3][0,0,1,0,2,2][0,0,1,0,3,3][1,1,1,1,0,0][1,1,1,1,0,0]
1357 0 0 [0,0,0,1,2,2][0,0,0,1,2,2][0,0,1,1,1,1][0,0,1,1,1,1][1,1,1,0,2,2][1,1,1,0,2,2]
574 0 0 [0,0,0,0,1,1][0,0,0,0,1,1][0,0,1,1,1,1][1,1,1,1,1,1][3,3,1,1,0,1][3,3,1,1,0,1]
648 0 0 [0,0,0,0,1,1][0,0,0,0,1,1][0,0,2,2,3,3][0,0,2,2,3,3][1,1,0,1,0,1][1,1,1,0,1,0]
681 0 0 [0,0,0,0,1,1][0,0,0,0,1,1][0,0,2,3,2,3][0,0,2,3,2,3][1,1,0,1,0,1][1,1,1,0,1,0]
682 0 0 [0,0,0,0,1,1][0,0,0,0,1,1][0,0,2,3,2,3][0,0,2,3,2,3][1,1,0,1,1,0][1,1,1,0,0,1]
915 0 0 [0,0,0,0,1,1][0,0,0,1,0,1][0,0,2,2,3,3][0,0,2,2,3,3][1,1,0,0,1,1][1,1,1,0,1,0]
916 0 0 [0,0,0,0,1,1][0,0,0,1,0,1][0,0,2,2,3,3][0,0,2,2,3,3][1,1,0,1,0,1][1,1,1,1,0,0]
919 0 0 [0,0,0,0,1,1][0,0,0,1,0,1][0,0,2,3,3,2][0,0,2,3,3,2][1,1,0,0,1,1][1,1,1,0,1,0]
725 0 0 [0,0,0,0,1,1][0,0,0,0,1,1][0,0,3,3,0,1][0,0,3,3,1,0][1,1,2,2,0,1][1,1,2,2,1,0]
728 0 0 [0,0,0,0,1,1][0,0,0,0,1,1][0,0,3,3,0,1][0,1,2,2,0,0][1,0,2,2,1,1][1,1,3,3,1,0]
730 0 0 [0,0,0,0,1,1][0,0,0,0,1,1][0,0,3,3,0,1][0,1,2,2,0,0][1,0,3,3,1,1][1,1,2,2,1,0]
732 0 0 [0,0,0,0,1,1][0,0,0,0,1,1][0,0,3,3,0,1][0,1,2,2,1,1][1,0,3,3,0,0][1,1,2,2,1,0]
1497 0 0 [0,0,0,1,2,2][0,0,1,0,2,2][0,0,1,1,1,1][0,0,1,1,1,1][1,1,0,1,2,2][1,1,1,0,2,2]
1002 0 0 [0,0,0,0,1,1][0,0,1,1,0,0][0,0,1,1,1,1][0,0,1,1,1,1][1,1,2,2,2,2][1,1,2,2,2,2]
1499 0 0 [0,0,0,1,2,2][0,0,1,0,2,2][0,0,1,1,1,1][0,0,1,1,1,1][1,1,2,2,0,1][1,1,2,2,1,0]
797 0 0 [0,0,0,0,1,1][0,0,0,0,1,1][0,1,1,1,3,3][0,1,1,1,3,3][1,1,1,1,0,0][1,1,1,1,1,1]
1016 0 0 [0,0,0,0,1,1][0,0,1,1,0,0][0,0,2,2,3,3][0,0,2,2,3,3][1,1,0,0,1,1][1,1,0,0,1,1]
1017 0 0 [0,0,0,0,1,1][0,0,1,1,0,0][0,0,2,2,3,3][0,0,2,2,3,3][1,1,0,1,0,1][1,1,0,1,0,1]
1021 0 0 [0,0,0,0,1,1][0,0,1,1,0,0][0,0,2,3,2,3][0,0,2,3,2,3][1,1,0,0,1,1][1,1,0,0,1,1]
1022 0 0 [0,0,0,0,1,1][0,0,1,1,0,0][0,0,2,3,2,3][0,0,2,3,2,3][1,1,0,1,0,1][1,1,0,1,0,1]
1023 0 0 [0,0,0,0,1,1][0,0,1,1,0,0][0,0,2,3,2,3][0,0,2,3,2,3][1,1,0,1,1,0][1,1,0,1,1,0]
1014 0 0 [0,0,0,0,1,1][0,0,1,1,0,0][0,0,2,2,2,2][0,0,2,2,2,2][1,1,1,1,1,1][1,1,1,1,1,1]
818 0 0 [0,0,0,0,1,1][0,0,0,0,1,1][0,1,2,2,1,1][0,1,2,2,1,1][1,0,3,3,0,0][1,0,3,3,0,0]
1094 0 0 [0,0,0,0,1,1][0,0,1,1,1,1][0,0,2,2,2,2][0,0,2,2,2,2][1,1,1,1,0,0][1,1,1,1,1,1]
824 0 0 [0,0,0,0,1,1][0,0,0,0,1,1][0,1,2,2,1,1][0,1,3,3,0,0][1,0,2,2,1,1][1,0,3,3,0,0]
1503 0 0 [0,0,0,1,2,2][0,0,1,0,2,2][0,0,2,2,0,1][0,0,2,2,1,0][1,1,1,1,1,1][1,1,1,1,1,1]
1817 0 0 [0,0,1,1,1,1][0,0,1,1,1,1][0,0,2,2,2,2][0,0,2,2,2,2][1,1,0,0,1,1][1,1,1,1,0,0]
991 0 0 [0,0,0,0,1,1][0,0,0,1,3,3][0,0,0,1,3,3][0,1,1,0,0,0][1,2,2,0,1,1][1,2,2,0,1,1]
1405 0 0 [0,0,0,1,2,2][0,0,0,1,2,2][0,1,1,0,1,1][0,1,1,0,1,1][1,0,1,1,2,2][1,0,1,1,2,2]
1048 0 0 [0,0,0,0,1,1][0,0,1,1,0,0][0,1,1,1,3,3][0,1,1,1,3,3][1,1,0,0,1,1][1,1,1,1,1,1]
1077 0 0 [0,0,0,0,1,1][0,0,1,1,1,1][0,0,1,1,1,1][1,1,0,0,1,1][3,3,1,1,0,1][3,3,1,1,0,1]
1411 0 0 [0,0,0,1,2,2][0,0,0,1,2,2][0,1,1,1,2,2][0,1,1,1,2,2][1,1,1,1,0,0][1,1,1,1,0,0]
1146 0 0 [0,0,0,0,1,1][0,0,1,1,1,1][0,1,1,1,0,1][0,1,1,1,0,1][1,1,3,3,1,0][1,1,3,3,1,0]
1942 0 0 [0,0,1,1,1,1][0,0,1,1,1,1][0,1,1,1,2,2][0,1,1,1,2,2][1,1,1,1,0,0][1,1,1,1,1,1]
1542 0 0 [0,0,0,1,2,2][0,0,1,1,1,1][0,0,1,1,1,1][1,1,0,1,2,2][2,2,1,0,0,0][2,2,1,0,1,1]
1799 0 0 [0,0,1,1,1,1][0,0,1,1,1,1][0,0,1,1,1,1][1,1,0,0,1,1][2,2,2,2,0,0][2,2,2,2,0,0]
1810 0 0 [0,0,1,1,1,1][0,0,1,1,1,1][0,0,1,1,1,1][1,1,1,1,1,1][2,2,0,1,1,1][2,2,0,1,1,1]
1923 0 0 [0,0,1,1,1,1][0,0,1,1,1,1][0,1,0,1,1,1][1,0,1,0,1,1][2,2,2,2,0,0][2,2,2,2,0,0]
81 0 0 [0,0,0,0,0,0][0,0,0,0,0,0][0,0,0,1,3,3][0,1,1,1,3,3][1,0,1,1,3,3][1,1,0,1,3,3]
205 0 0 [0,0,0,0,0,0][0,0,0,0,1,1][0,0,0,1,0,1][0,0,1,0,0,1][1,1,3,3,3,3][1,1,3,3,3,3]
273 0 0 [0,0,0,0,0,0][0,0,0,0,1,1][0,0,3,3,3,3][0,0,3,3,3,3][1,1,0,1,0,1][1,1,1,0,0,1]
1496 0 0 [0,0,0,1,2,2][0,0,1,0,2,2][0,0,1,1,1,1][0,0,1,1,1,1][0,1,0,0,3,3][0,1,1,1,3,3]
1516 0 0 [0,0,0,1,2,2][0,0,1,0,3,3][0,0,1,1,1,1][0,0,1,1,1,1][0,1,0,0,3,3][0,1,1,1,2,2]
900 0 0 [0,0,0,0,1,1][0,0,0,1,0,1][0,0,0,1,1,0][0,0,1,1,1,1][1,1,2,2,3,3][1,1,2,2,3,3]
539 0 0 [0,0,0,0,1,1][0,0,0,0,1,1][0,0,0,1,3,3][0,1,1,1,2,2][1,0,1,1,2,2][1,1,0,1,3,3]
917 0 0 [0,0,0,0,1,1][0,0,0,1,0,1][0,0,2,2,3,3][0,0,2,2,3,3][1,1,0,1,1,0][1,1,1,1,1,1]
920 0 0 [0,0,0,0,1,1][0,0,0,1,0,1][0,0,2,3,3,2][0,0,2,3,3,2][1,1,0,1,1,0][1,1,1,1,1,1]
731 0 0 [0,0,0,0,1,1][0,0,0,0,1,1][0,0,3,3,0,1][0,1,2,2,1,1][1,0,2,2,1,1][1,1,3,3,0,1]
733 0 0 [0,0,0,0,1,1][0,0,0,0,1,1][0,0,3,3,0,1][0,1,2,2,1,1][1,0,3,3,1,1][1,1,2,2,0,1]
734 0 0 [0,0,0,0,1,1][0,0,0,0,1,1][0,0,3,3,0,1][0,1,3,3,0,0][1,0,3,3,0,0][1,1,3,3,0,1]
1100 0 0 [0,0,0,0,1,1][0,0,1,1,1,1][0,0,2,2,3,3][0,0,2,2,3,3][1,1,0,1,0,1][1,1,0,1,1,0]
1103 0 0 [0,0,0,0,1,1][0,0,1,1,1,1][0,0,2,3,2,3][0,0,2,3,2,3][1,1,0,1,0,1][1,1,0,1,1,0]
825 0 0 [0,0,0,0,1,1][0,0,0,0,1,1][0,1,2,2,1,1][0,1,3,3,0,0][1,1,2,2,0,1][1,1,3,3,1,0]
835 0 0 [0,0,0,0,1,1][0,0,0,0,1,1][0,1,3,3,0,0][0,1,3,3,1,1][1,1,2,2,0,1][1,1,2,2,1,0]
1539 0 0 [0,0,0,1,2,2][0,0,1,1,1,1][0,0,1,1,1,1][0,1,1,1,2,2][1,0,1,1,2,2][1,1,0,1,2,2]
1505 0 0 [0,0,0,1,2,2][0,0,1,0,2,2][0,1,0,0,2,2][0,1,1,1,2,2][1,1,1,1,1,1][1,1,1,1,1,1]
1506 0 0 [0,0,0,1,2,2][0,0,1,0,2,2][0,1,0,0,3,3][0,1,1,1,3,3][1,1,1,1,0,0][1,1,1,1,0,0]
1137 0 0 [0,0,0,0,1,1][0,0,1,1,1,1][0,1,0,1,1,1][1,0,0,1,1,1][2,3,3,2,0,0][2,3,3,2,0,0]
1251 0 0 [0,0,0,0,1,1][0,1,1,1,0,1][1,0,1,1,0,1][1,1,1,1,1,1][1,1,3,3,1,0][1,1,3,3,1,0]
2063 0 0 [0,0,1,1,1,1][0,1,0,1,1,1][0,1,1,0,1,1][1,1,1,1,1,1][2,2,2,2,0,0][2,2,2,2,0,0]
25 0 0 [0,0,0,0,0,0][0,0,0,0,0,0][0,0,0,0,1,1][1,1,1,1,1,1][3,3,3,3,1,1][3,3,3,3,1,1]
508 0 0 [0,0,0,0,1,1][0,0,0,0,1,1][0,0,0,1,2,2][0,0,1,0,3,3][0,0,2,3,2,3][0,0,2,3,3,2]
950 0 0 [0,0,0,0,1,1][0,0,0,1,2,2][0,0,0,1,2,2][0,0,1,1,1,1][0,0,2,3,2,3][0,0,2,3,2,3]
77 0 0 [0,0,0,0,0,0][0,0,0,0,0,0][0,0,0,1,3,3][0,1,1,1,2,2][1,2,2,1,2,2][1,2,2,1,3,3]
87 0 0 [0,0,0,0,0,0][0,0,0,0,0,0][0,0,1,1,1,1][1,1,0,0,1,1][3,3,3,3,1,1][3,3,3,3,1,1]
602 0 0 [0,0,0,0,1,1][0,0,0,0,1,1][0,0,2,2,2,2][0,0,2,2,2,2][0,0,2,2,2,2][0,0,2,2,2,2]
581 0 0 [0,0,0,0,1,1][0,0,0,0,1,1][0,0,2,2,0,1][0,0,2,3,2,3][0,0,3,2,2,3][0,0,3,3,1,0]
582 0 0 [0,0,0,0,1,1][0,0,0,0,1,1][0,0,2,2,0,1][0,0,2,3,3,2][0,0,3,2,3,2][0,0,3,3,1,0]
159 0 0 [0,0,0,0,0,0][0,0,0,0,0,0][0,1,1,1,3,3][0,1,1,1,3,3][0,1,1,1,3,3][0,1,1,1,3,3]
160 0 0 [0,0,0,0,0,0][0,0,0,0,0,0][0,1,1,1,3,3][0,1,1,1,3,3][1,0,1,1,3,3][1,0,1,1,3,3]
164 0 0 [0,0,0,0,0,0][0,0,0,0,0,0][0,1,1,1,3,3][1,0,1,1,3,3][3,3,1,1,0,1][3,3,1,1,1,0]
194 0 0 [0,0,0,0,0,0][0,0,0,0,1,1][0,0,0,0,1,1][0,0,1,1,1,1][1,1,3,3,3,3][1,1,3,3,3,3]
197 0 0 [0,0,0,0,0,0][0,0,0,0,1,1][0,0,0,0,1,1][1,1,1,1,0,0][3,3,3,3,1,1][3,3,3,3,1,1]
227 0 0 [0,0,0,0,0,0][0,0,0,0,1,1][0,0,1,1,0,0][1,1,0,0,1,1][3,3,3,3,1,1][3,3,3,3,1,1]
1353 0 0 [0,0,0,1,2,2][0,0,0,1,2,2][0,0,1,1,1,1][0,0,1,1,1,1][0,1,1,1,3,3][0,1,1,1,3,3]
1467 0 0 [0,0,0,1,2,2][0,0,0,1,3,3][0,0,1,1,1,1][0,0,1,1,1,1][0,1,1,1,2,2][0,1,1,1,3,3]
236 0 0 [0,0,0,0,0,0][0,0,0,0,1,1][0,0,1,1,1,1][1,1,1,1,1,1][3,3,1,1,2,2][3,3,1,1,2,2]
246 0 0 [0,0,0,0,0,0][0,0,0,0,1,1][0,0,2,2,3,3][0,0,2,2,3,3][0,1,2,2,1,1][0,1,2,2,1,1]
628 0 0 [0,0,0,0,1,1][0,0,0,0,1,1][0,0,2,2,2,2][0,0,3,3,2,2][0,1,2,2,0,0][0,1,3,3,1,1]
629 0 0 [0,0,0,0,1,1][0,0,0,0,1,1][0,0,2,2,2,2][0,0,3,3,2,2][0,1,2,2,1,1][0,1,3,3,0,0]
262 0 0 [0,0,0,0,0,0][0,0,0,0,1,1][0,0,3,3,2,2][0,0,3,3,2,2][0,1,3,3,0,0][0,1,3,3,0,0]
1090 0 0 [0,0,0,0,1,1][0,0,1,1,1,1][0,0,2,2,2,2][0,0,2,2,2,2][0,1,1,1,2,2][0,1,1,1,2,2]
334 0 0 [0,0,0,0,0,0][0,0,0,1,3,3][0,0,0,1,3,3][0,0,1,1,1,1][1,1,3,3,0,1][1,1,3,3,0,1]
348 0 0 [0,0,0,0,0,0][0,0,0,1,3,3][0,0,0,1,3,3][0,1,1,0,1,1][1,3,3,0,1,1][1,3,3,0,1,1]
787 0 0 [0,0,0,0,1,1][0,0,0,0,1,1][0,1,1,1,2,2][0,1,1,1,2,2][0,1,1,1,3,3][0,1,1,1,3,3]
1404 0 0 [0,0,0,1,2,2][0,0,0,1,2,2][0,1,1,0,1,1][0,1,1,0,1,1][0,1,1,1,3,3][0,1,1,1,3,3]
1478 0 0 [0,0,0,1,2,2][0,0,0,1,3,3][0,1,1,0,1,1][0,1,1,0,1,1][0,1,1,1,2,2][0,1,1,1,3,3]
358 0 0 [0,0,0,0,0,0][0,0,1,1,1,1][0,0,1,1,1,1][1,1,0,0,1,1][3,3,1,1,2,2][3,3,1,1,2,2]
816 0 0 [0,0,0,0,1,1][0,0,0,0,1,1][0,1,2,2,1,1][0,1,2,2,1,1][0,1,3,3,1,1][0,1,3,3,1,1]
1935 0 0 [0,0,1,1,1,1][0,0,1,1,1,1][0,1,1,1,2,2][0,1,1,1,2,2][0,1,1,1,2,2][0,1,1,1,2,2]
449 0 0 [0,0,0,0,1,1][0,0,0,0,1,1][0,0,0,0,1,1][0,0,1,1,0,0][1,1,3,3,3,3][1,1,3,3,3,3]
1300 0 0 [0,0,0,1,2,2][0,0,0,1,2,2][0,0,0,1,3,3][0,0,0,1,3,3][1,1,1,1,1,1][1,1,1,1,1,1]
462 0 0 [0,0,0,0,1,1][0,0,0,0,1,1][0,0,0,0,1,1][1,1,1,1,1,1][3,3,3,3,0,0][3,3,3,3,0,0]
475 0 0 [0,0,0,0,1,1][0,0,0,0,1,1][0,0,0,1,0,1][0,0,1,0,1,0][1,1,3,3,3,3][1,1,3,3,3,3]
546 0 0 [0,0,0,0,1,1][0,0,0,0,1,1][0,0,0,1,3,3][0,1,1,1,3,3][1,3,3,0,0,0][1,3,3,0,1,1]
554 0 0 [0,0,0,0,1,1][0,0,0,0,1,1][0,0,1,1,0,0][1,1,0,0,0,0][3,3,3,3,1,1][3,3,3,3,1,1]
1356 0 0 [0,0,0,1,2,2][0,0,0,1,2,2][0,0,1,1,1,1][0,0,1,1,1,1][1,1,0,1,3,3][1,1,0,1,3,3]
1468 0 0 [0,0,0,1,2,2][0,0,0,1,3,3][0,0,1,1,1,1][0,0,1,1,1,1][1,1,0,1,2,2][1,1,0,1,3,3]
558 0 0 [0,0,0,0,1,1][0,0,0,0,1,1][0,0,1,1,0,0][1,1,1,1,1,1][3,3,1,1,2,2][3,3,1,1,2,2]
1316 0 0 [0,0,0,1,2,2][0,0,0,1,2,2][0,0,1,0,3,3][0,0,1,0,3,3][1,1,1,1,1,1][1,1,1,1,1,1]
1463 0 0 [0,0,0,1,2,2][0,0,0,1,3,3][0,0,1,0,2,2][0,0,1,0,3,3][1,1,1,1,1,1][1,1,1,1,1,1]
566 0 0 [0,0,0,0,1,1][0,0,0,0,1,1][0,0,1,1,1,1][1,1,0,0,1,1][3,3,3,3,0,0][3,3,3,3,0,0]
1358 0 0 [0,0,0,1,2,2][0,0,0,1,2,2][0,0,1,1,1,1][0,0,1,1,1,1][1,1,1,0,3,3][1,1,1,0,3,3]
1469 0 0 [0,0,0,1,2,2][0,0,0,1,3,3][0,0,1,1,1,1][0,0,1,1,1,1][1,1,1,0,2,2][1,1,1,0,3,3]
571 0 0 [0,0,0,0,1,1][0,0,0,0,1,1][0,0,1,1,1,1][1,1,1,1,0,0][3,3,1,1,2,2][3,3,1,1,2,2]
726 0 0 [0,0,0,0,1,1][0,0,0,0,1,1][0,0,3,3,0,1][0,0,3,3,1,0][1,1,3,3,0,1][1,1,3,3,1,0]
735 0 0 [0,0,0,0,1,1][0,0,0,0,1,1][0,0,3,3,0,1][0,1,3,3,0,0][1,0,3,3,1,1][1,1,3,3,1,0]
740 0 0 [0,0,0,0,1,1][0,0,0,0,1,1][0,0,3,3,0,1][1,1,3,3,0,1][3,3,0,0,1,0][3,3,1,1,1,0]
1498 0 0 [0,0,0,1,2,2][0,0,1,0,2,2][0,0,1,1,1,1][0,0,1,1,1,1][1,1,0,1,3,3][1,1,1,0,3,3]
1517 0 0 [0,0,0,1,2,2][0,0,1,0,3,3][0,0,1,1,1,1][0,0,1,1,1,1][1,1,0,1,2,2][1,1,1,0,3,3]
1518 0 0 [0,0,0,1,2,2][0,0,1,0,3,3][0,0,1,1,1,1][0,0,1,1,1,1][1,1,0,1,3,3][1,1,1,0,2,2]
784 0 0 [0,0,0,0,1,1][0,0,0,0,1,1][0,1,1,1,0,1][1,0,1,1,1,0][3,3,1,1,2,2][3,3,1,1,2,2]
1003 0 0 [0,0,0,0,1,1][0,0,1,1,0,0][0,0,1,1,1,1][0,0,1,1,1,1][1,1,2,2,3,3][1,1,2,2,3,3]
1004 0 0 [0,0,0,0,1,1][0,0,1,1,0,0][0,0,1,1,1,1][0,0,1,1,1,1][1,1,2,3,2,3][1,1,2,3,2,3]
1751 0 0 [0,0,0,1,3,3][0,0,1,0,3,3][0,0,1,1,1,1][0,0,1,1,1,1][1,1,2,2,0,1][1,1,2,2,1,0]
799 0 0 [0,0,0,0,1,1][0,0,0,0,1,1][0,1,1,1,3,3][1,0,1,1,3,3][2,2,1,1,0,1][2,2,1,1,1,0]
1019 0 0 [0,0,0,0,1,1][0,0,1,1,0,0][0,0,2,2,3,3][0,0,2,2,3,3][1,1,1,1,1,1][1,1,1,1,1,1]
1101 0 0 [0,0,0,0,1,1][0,0,1,1,1,1][0,0,2,2,3,3][0,0,2,2,3,3][1,1,1,1,0,0][1,1,1,1,1,1]
1025 0 0 [0,0,0,0,1,1][0,0,1,1,0,0][0,0,2,3,2,3][0,0,2,3,2,3][1,1,1,1,1,1][1,1,1,1,1,1]
1109 0 0 [0,0,0,0,1,1][0,0,1,1,1,1][0,0,2,3,2,3][0,0,2,3,2,3][1,1,1,1,0,0][1,1,1,1,1,1]
833 0 0 [0,0,0,0,1,1][0,0,0,0,1,1][0,1,3,3,0,0][0,1,3,3,0,0][1,0,3,3,1,1][1,0,3,3,1,1]
834 0 0 [0,0,0,0,1,1][0,0,0,0,1,1][0,1,3,3,0,0][0,1,3,3,1,1][1,0,3,3,0,0][1,0,3,3,1,1]
839 0 0 [0,0,0,0,1,1][0,0,0,0,1,1][0,1,3,3,0,0][1,0,3,3,0,0][3,3,0,1,1,1][3,3,1,0,1,1]
844 0 0 [0,0,0,0,1,1][0,0,0,0,1,1][0,1,3,3,1,1][0,1,3,3,1,1][1,1,2,2,0,1][1,1,2,2,0,1]
1839 0 0 [0,0,1,1,1,1][0,0,1,1,1,1][0,0,2,2,3,3][0,0,2,2,3,3][1,1,0,0,1,1][1,1,1,1,0,0]
1840 0 0 [0,0,1,1,1,1][0,0,1,1,1,1][0,0,2,2,3,3][0,0,2,2,3,3][1,1,0,1,0,1][1,1,1,0,1,0]
1406 0 0 [0,0,0,1,2,2][0,0,0,1,2,2][0,1,1,0,1,1][0,1,1,0,1,1][1,0,1,1,3,3][1,0,1,1,3,3]
1479 0 0 [0,0,0,1,2,2][0,0,0,1,3,3][0,1,1,0,1,1][0,1,1,0,1,1][1,0,1,1,2,2][1,0,1,1,3,3]
1009 0 0 [0,0,0,0,1,1][0,0,1,1,0,0][0,0,1,1,1,1][1,1,0,0,1,1][3,3,1,1,2,2][3,3,1,1,2,2]
1937 0 0 [0,0,1,1,1,1][0,0,1,1,1,1][0,1,1,1,2,2][0,1,1,1,2,2][1,0,1,1,2,2][1,0,1,1,2,2]
1412 0 0 [0,0,0,1,2,2][0,0,0,1,2,2][0,1,1,1,2,2][0,1,1,1,2,2][1,1,1,1,1,1][1,1,1,1,1,1]
1413 0 0 [0,0,0,1,2,2][0,0,0,1,2,2][0,1,1,1,3,3][0,1,1,1,3,3][1,1,1,1,0,0][1,1,1,1,0,0]
1480 0 0 [0,0,0,1,2,2][0,0,0,1,3,3][0,1,1,1,2,2][0,1,1,1,3,3][1,1,1,1,0,0][1,1,1,1,0,0]
1084 0 0 [0,0,0,0,1,1][0,0,1,1,1,1][0,0,1,1,1,1][1,1,1,1,1,1][3,3,2,2,0,0][3,3,2,2,0,0]
1940 0 0 [0,0,1,1,1,1][0,0,1,1,1,1][0,1,1,1,2,2][0,1,1,1,2,2][1,1,0,1,2,2][1,1,0,1,2,2]
1175 0 0 [0,0,0,0,1,1][0,0,1,1,1,1][1,1,1,1,1,1][1,1,1,1,1,1][1,1,3,3,0,1][1,1,3,3,0,1]
1548 0 0 [0,0,0,1,2,2][0,1,1,1,2,2][0,2,2,1,0,0][0,2,2,1,1,1][1,1,1,1,1,1][1,1,1,1,1,1]
1624 0 0 [0,0,0,1,3,3][0,0,0,1,3,3][0,0,1,1,1,1][1,1,1,1,0,0][2,2,1,0,1,1][2,2,1,0,1,1]
1800 0 0 [0,0,1,1,1,1][0,0,1,1,1,1][0,0,1,1,1,1][1,1,0,0,1,1][2,2,2,2,1,1][2,2,2,2,1,1]
1801 0 0 [0,0,1,1,1,1][0,0,1,1,1,1][0,0,1,1,1,1][1,1,0,0,1,1][2,2,3,3,0,0][2,2,3,3,0,0]
1803 0 0 [0,0,1,1,1,1][0,0,1,1,1,1][0,0,1,1,1,1][1,1,0,0,1,1][2,3,2,3,0,0][2,3,2,3,0,0]
1924 0 0 [0,0,1,1,1,1][0,0,1,1,1,1][0,1,0,1,1,1][1,0,1,0,1,1][2,2,2,2,1,1][2,2,2,2,1,1]
1925 0 0 [0,0,1,1,1,1][0,0,1,1,1,1][0,1,0,1,1,1][1,0,1,0,1,1][2,2,3,3,0,0][2,2,3,3,0,0]
1946 0 0 [0,0,1,1,1,1][0,0,1,1,1,1][0,1,1,1,2,2][1,0,1,1,2,2][2,2,1,1,0,1][2,2,1,1,1,0]
1927 0 0 [0,0,1,1,1,1][0,0,1,1,1,1][0,1,0,1,1,1][1,0,1,0,1,1][2,3,2,3,0,0][2,3,2,3,0,0]
1929 0 0 [0,0,1,1,1,1][0,0,1,1,1,1][0,1,0,1,1,1][1,0,1,0,1,1][2,3,3,2,0,0][2,3,3,2,0,0]
1678 0 0 [0,0,0,1,3,3][0,0,0,1,3,3][0,1,1,0,1,1][1,1,1,1,0,0][2,1,1,2,0,1][2,1,1,2,0,1]
2079 0 0 [0,0,1,1,1,1][0,1,1,1,2,2][0,1,1,1,2,2][1,1,1,1,0,0][2,2,1,1,0,1][2,2,1,1,0,1]
1709 0 0 [0,0,0,1,3,3][0,0,0,1,3,3][1,1,1,0,2,2][1,1,1,0,2,2][1,1,1,1,0,0][1,1,1,1,0,0]
1713 0 0 [0,0,0,1,3,3][0,0,0,1,3,3][1,1,1,1,0,0][1,1,1,1,1,1][1,1,1,1,1,1][1,1,1,1,1,1]
1762 0 0 [0,0,0,1,3,3][0,0,1,0,3,3][1,1,0,1,2,2][1,1,1,0,2,2][1,1,1,1,0,0][1,1,1,1,0,0]
1970 0 0 [0,0,1,1,1,1][0,0,1,1,1,1][1,1,0,1,2,2][1,1,0,1,2,2][1,1,1,0,2,2][1,1,1,0,2,2]
277 0 0 [0,0,0,0,0,0][0,0,0,0,1,1][0,1,1,1,0,1][1,0,1,1,0,1][3,3,1,1,3,3][3,3,1,1,3,3]
544 0 0 [0,0,0,0,1,1][0,0,0,0,1,1][0,0,0,1,3,3][0,1,1,1,3,3][1,0,1,1,3,3][1,1,0,1,3,3]
736 0 0 [0,0,0,0,1,1][0,0,0,0,1,1][0,0,3,3,0,1][0,1,3,3,1,1][1,0,3,3,1,1][1,1,3,3,0,1]
836 0 0 [0,0,0,0,1,1][0,0,0,0,1,1][0,1,3,3,0,0][0,1,3,3,1,1][1,1,3,3,0,1][1,1,3,3,1,0]
1540 0 0 [0,0,0,1,2,2][0,0,1,1,1,1][0,0,1,1,1,1][0,1,1,1,2,2][1,0,1,1,3,3][1,1,0,1,3,3]
1541 0 0 [0,0,0,1,2,2][0,0,1,1,1,1][0,0,1,1,1,1][0,1,1,1,3,3][1,0,1,1,3,3][1,1,0,1,2,2]
934 0 0 [0,0,0,0,1,1][0,0,0,1,0,1][0,1,1,1,1,0][1,1,1,1,1,1][3,1,1,2,2,3][3,1,1,2,2,3]
935 0 0 [0,0,0,0,1,1][0,0,0,1,0,1][0,1,1,1,1,0][1,1,1,1,1,1][3,1,1,2,3,2][3,1,1,2,3,2]
1507 0 0 [0,0,0,1,2,2][0,0,1,0,2,2][0,1,0,0,3,3][0,1,1,1,3,3][1,1,1,1,1,1][1,1,1,1,1,1]
1138 0 0 [0,0,0,0,1,1][0,0,1,1,1,1][0,1,0,1,1,1][1,0,0,1,1,1][2,3,3,2,1,1][2,3,3,2,1,1]
1139 0 0 [0,0,0,0,1,1][0,0,1,1,1,1][0,1,0,1,1,1][1,0,0,1,1,1][3,3,3,3,0,0][3,3,3,3,0,0]
2064 0 0 [0,0,1,1,1,1][0,1,0,1,1,1][0,1,1,0,1,1][1,1,1,1,1,1][2,2,2,2,1,1][2,2,2,2,1,1]
2065 0 0 [0,0,1,1,1,1][0,1,0,1,1,1][0,1,1,0,1,1][1,1,1,1,1,1][2,2,3,3,0,0][2,2,3,3,0,0]
1782 0 0 [0,0,0,1,3,3][0,1,1,1,2,2][1,0,1,1,2,2][1,1,0,1,3,3][1,1,1,1,0,0][1,1,1,1,0,0]
977 0 0 [0,0,0,0,1,1][0,0,0,1,3,3][0,0,0,1,3,3][0,0,1,1,1,1][0,0,2,3,2,3][0,0,2,3,2,3]
78 0 0 [0,0,0,0,0,0][0,0,0,0,0,0][0,0,0,1,3,3][0,1,1,1,2,2][1,3,3,1,2,2][1,3,3,1,3,3]
107 0 0 [0,0,0,0,0,0][0,0,0,0,0,0][0,0,2,2,3,3][0,0,2,2,3,3][0,0,2,2,3,3][0,0,2,2,3,3]
603 0 0 [0,0,0,0,1,1][0,0,0,0,1,1][0,0,2,2,2,2][0,0,2,2,2,2][0,0,2,2,3,3][0,0,2,2,3,3]
108 0 0 [0,0,0,0,0,0][0,0,0,0,0,0][0,0,2,2,3,3][0,0,2,2,3,3][0,0,2,3,2,3][0,0,2,3,2,3]
604 0 0 [0,0,0,0,1,1][0,0,0,0,1,1][0,0,2,2,2,2][0,0,2,2,2,2][0,0,2,3,2,3][0,0,2,3,2,3]
1372 0 0 [0,0,0,1,2,2][0,0,0,1,2,2][0,0,2,2,0,1][0,0,2,2,0,1][0,0,2,3,2,3][0,0,2,3,2,3]
1373 0 0 [0,0,0,1,2,2][0,0,0,1,2,2][0,0,2,2,0,1][0,0,2,2,0,1][0,0,2,3,3,2][0,0,2,3,3,2]
605 0 0 [0,0,0,0,1,1][0,0,0,0,1,1][0,0,2,2,2,2][0,0,2,2,2,2][0,0,3,3,2,2][0,0,3,3,2,2]
1374 0 0 [0,0,0,1,2,2][0,0,0,1,2,2][0,0,2,2,0,1][0,0,2,2,0,1][0,0,3,2,3,2][0,0,3,2,3,2]
1514 0 0 [0,0,0,1,2,2][0,0,1,0,3,3][0,0,1,1,1,1][0,0,1,1,1,1][0,0,2,3,2,3][0,0,2,3,3,2]
1813 0 0 [0,0,1,1,1,1][0,0,1,1,1,1][0,0,2,2,2,2][0,0,2,2,2,2][0,0,2,2,2,2][0,0,2,2,2,2]
237 0 0 [0,0,0,0,0,0][0,0,0,0,1,1][0,0,1,1,1,1][1,1,1,1,1,1][3,3,1,1,3,3][3,3,1,1,3,3]
258 0 0 [0,0,0,0,0,0][0,0,0,0,1,1][0,0,2,3,2,3][0,0,2,3,2,3][1,1,3,3,0,1][1,1,3,3,0,1]
259 0 0 [0,0,0,0,0,0][0,0,0,0,1,1][0,0,2,3,2,3][0,0,2,3,2,3][1,1,3,3,1,0][1,1,3,3,1,0]
263 0 0 [0,0,0,0,0,0][0,0,0,0,1,1][0,0,3,3,2,2][0,0,3,3,2,2][0,1,3,3,1,1][0,1,3,3,1,1]
1091 0 0 [0,0,0,0,1,1][0,0,1,1,1,1][0,0,2,2,2,2][0,0,2,2,2,2][0,1,1,1,3,3][0,1,1,1,3,3]
1097 0 0 [0,0,0,0,1,1][0,0,1,1,1,1][0,0,2,2,3,3][0,0,2,2,3,3][0,1,1,1,2,2][0,1,1,1,2,2]
290 0 0 [0,0,0,0,0,0][0,0,0,0,1,1][0,1,3,3,1,1][0,1,3,3,1,1][1,1,2,2,2,2][1,1,2,2,2,2]
354 0 0 [0,0,0,0,0,0][0,0,1,1,1,1][0,0,1,1,1,1][0,0,1,1,1,1][1,1,3,3,3,3][1,1,3,3,3,3]
359 0 0 [0,0,0,0,0,0][0,0,1,1,1,1][0,0,1,1,1,1][1,1,0,0,1,1][3,3,1,1,3,3][3,3,1,1,3,3]
370 0 0 [0,0,0,0,0,0][0,0,1,1,1,1][0,0,3,3,3,3][0,0,3,3,3,3][1,1,1,1,1,1][1,1,1,1,1,1]
384 0 0 [0,0,0,0,0,0][0,0,1,1,1,1][0,1,1,1,3,3][0,1,1,1,3,3][1,0,3,3,1,1][1,0,3,3,1,1]
1936 0 0 [0,0,1,1,1,1][0,0,1,1,1,1][0,1,1,1,2,2][0,1,1,1,2,2][0,1,1,1,3,3][0,1,1,1,3,3]
463 0 0 [0,0,0,0,1,1][0,0,0,0,1,1][0,0,0,0,1,1][1,1,1,1,1,1][3,3,3,3,1,1][3,3,3,3,1,1]
955 0 0 [0,0,0,0,1,1][0,0,0,1,2,2][0,0,0,1,2,2][0,0,1,1,1,1][1,1,2,3,2,3][1,1,2,3,2,3]
540 0 0 [0,0,0,0,1,1][0,0,0,0,1,1][0,0,0,1,3,3][0,1,1,1,2,2][1,2,2,1,2,2][1,2,2,1,3,3]
559 0 0 [0,0,0,0,1,1][0,0,0,0,1,1][0,0,1,1,0,0][1,1,1,1,1,1][3,3,1,1,3,3][3,3,1,1,3,3]
567 0 0 [0,0,0,0,1,1][0,0,0,0,1,1][0,0,1,1,1,1][1,1,0,0,1,1][3,3,3,3,1,1][3,3,3,3,1,1]
572 0 0 [0,0,0,0,1,1][0,0,0,0,1,1][0,0,1,1,1,1][1,1,1,1,0,0][3,3,1,1,3,3][3,3,1,1,3,3]
693 0 0 [0,0,0,0,1,1][0,0,0,0,1,1][0,0,2,3,2,3][0,0,2,3,3,2][1,1,0,1,2,2][1,1,1,0,3,3]
694 0 0 [0,0,0,0,1,1][0,0,0,0,1,1][0,0,2,3,2,3][0,0,2,3,3,2][1,1,0,1,3,3][1,1,1,0,2,2]
1381 0 0 [0,0,0,1,2,2][0,0,0,1,2,2][0,0,2,3,2,3][0,0,2,3,2,3][1,1,0,0,1,1][1,1,1,1,1,1]
737 0 0 [0,0,0,0,1,1][0,0,0,0,1,1][0,0,3,3,0,1][1,1,2,2,0,1][2,2,2,2,1,1][2,2,3,3,1,1]
785 0 0 [0,0,0,0,1,1][0,0,0,0,1,1][0,1,1,1,0,1][1,0,1,1,1,0][3,3,1,1,3,3][3,3,1,1,3,3]
796 0 0 [0,0,0,0,1,1][0,0,0,0,1,1][0,1,1,1,3,3][0,1,1,1,3,3][1,0,1,1,3,3][1,0,1,1,3,3]
800 0 0 [0,0,0,0,1,1][0,0,0,0,1,1][0,1,1,1,3,3][1,0,1,1,3,3][3,3,1,1,0,1][3,3,1,1,1,0]
1104 0 0 [0,0,0,0,1,1][0,0,1,1,1,1][0,0,2,3,2,3][0,0,2,3,2,3][1,1,0,1,2,2][1,1,0,1,2,2]
1521 0 0 [0,0,0,1,2,2][0,0,1,0,3,3][0,0,2,3,2,3][0,0,2,3,3,2][1,1,0,0,1,1][1,1,0,0,1,1]
826 0 0 [0,0,0,0,1,1][0,0,0,0,1,1][0,1,2,2,1,1][0,1,3,3,0,0][1,1,2,2,2,2][1,1,3,3,2,2]
1522 0 0 [0,0,0,1,2,2][0,0,1,0,3,3][0,0,2,3,2,3][0,0,2,3,3,2][1,1,1,1,0,0][1,1,1,1,0,0]
841 0 0 [0,0,0,0,1,1][0,0,0,0,1,1][0,1,3,3,1,1][0,1,3,3,1,1][1,0,3,3,1,1][1,0,3,3,1,1]
845 0 0 [0,0,0,0,1,1][0,0,0,0,1,1][0,1,3,3,1,1][0,1,3,3,1,1][1,1,3,3,0,1][1,1,3,3,0,1]
850 0 0 [0,0,0,0,1,1][0,0,0,0,1,1][0,1,3,3,1,1][1,0,3,3,1,1][3,3,0,1,1,1][3,3,1,0,1,1]
879 0 0 [0,0,0,0,1,1][0,0,0,0,1,1][1,1,3,3,0,1][1,1,3,3,0,1][1,1,3,3,1,0][1,1,3,3,1,0]
994 0 0 [0,0,0,0,1,1][0,0,0,1,3,3][0,0,0,1,3,3][0,1,1,0,1,1][1,2,2,1,2,2][1,2,2,1,2,2]
1010 0 0 [0,0,0,0,1,1][0,0,1,1,0,0][0,0,1,1,1,1][1,1,0,0,1,1][3,3,1,1,3,3][3,3,1,1,3,3]
1938 0 0 [0,0,1,1,1,1][0,0,1,1,1,1][0,1,1,1,2,2][0,1,1,1,2,2][1,0,1,1,3,3][1,0,1,1,3,3]
1943 0 0 [0,0,1,1,1,1][0,0,1,1,1,1][0,1,1,1,2,2][0,1,1,1,3,3][1,0,1,1,2,2][1,0,1,1,3,3]
1414 0 0 [0,0,0,1,2,2][0,0,0,1,2,2][0,1,1,1,3,3][0,1,1,1,3,3][1,1,1,1,1,1][1,1,1,1,1,1]
1481 0 0 [0,0,0,1,2,2][0,0,0,1,3,3][0,1,1,1,2,2][0,1,1,1,3,3][1,1,1,1,1,1][1,1,1,1,1,1]
1085 0 0 [0,0,0,0,1,1][0,0,1,1,1,1][0,0,1,1,1,1][1,1,1,1,1,1][3,3,2,2,1,1][3,3,2,2,1,1]
1086 0 0 [0,0,0,0,1,1][0,0,1,1,1,1][0,0,1,1,1,1][1,1,1,1,1,1][3,3,3,3,0,0][3,3,3,3,0,0]
1941 0 0 [0,0,1,1,1,1][0,0,1,1,1,1][0,1,1,1,2,2][0,1,1,1,2,2][1,1,0,1,3,3][1,1,0,1,3,3]
1944 0 0 [0,0,1,1,1,1][0,0,1,1,1,1][0,1,1,1,2,2][0,1,1,1,3,3][1,1,0,1,2,2][1,1,0,1,3,3]
1172 0 0 [0,0,0,0,1,1][0,0,1,1,1,1][1,1,1,1,0,0][1,1,1,1,1,1][1,1,3,3,2,2][1,1,3,3,2,2]
1417 0 0 [0,0,0,1,2,2][0,0,0,1,2,2][0,2,2,1,0,0][0,2,2,1,0,0][1,2,2,1,2,2][1,2,2,1,2,2]
2579 0 0 [0,1,1,1,2,2][0,1,1,1,2,2][0,1,1,1,2,2][0,1,1,1,2,2][1,1,1,1,1,1][1,1,1,1,1,1]
1802 0 0 [0,0,1,1,1,1][0,0,1,1,1,1][0,0,1,1,1,1][1,1,0,0,1,1][2,2,3,3,1,1][2,2,3,3,1,1]
2033 0 0 [0,0,1,1,1,1][0,0,2,2,2,2][0,0,2,2,2,2][1,1,0,0,1,1][2,2,0,0,2,2][2,2,0,0,2,2]
1804 0 0 [0,0,1,1,1,1][0,0,1,1,1,1][0,0,1,1,1,1][1,1,0,0,1,1][2,3,2,3,1,1][2,3,2,3,1,1]
1926 0 0 [0,0,1,1,1,1][0,0,1,1,1,1][0,1,0,1,1,1][1,0,1,0,1,1][2,2,3,3,1,1][2,2,3,3,1,1]
1960 0 0 [0,0,1,1,1,1][0,0,1,1,1,1][0,1,1,1,3,3][1,0,1,1,3,3][2,2,1,1,0,1][2,2,1,1,1,0]
1928 0 0 [0,0,1,1,1,1][0,0,1,1,1,1][0,1,0,1,1,1][1,0,1,0,1,1][2,3,2,3,1,1][2,3,2,3,1,1]
1930 0 0 [0,0,1,1,1,1][0,0,1,1,1,1][0,1,0,1,1,1][1,0,1,0,1,1][2,3,3,2,1,1][2,3,3,2,1,1]
1679 0 0 [0,0,0,1,3,3][0,0,0,1,3,3][0,1,1,0,1,1][1,1,1,1,0,0][3,1,1,3,0,1][3,1,1,3,0,1]
1710 0 0 [0,0,0,1,3,3][0,0,0,1,3,3][1,1,1,0,2,2][1,1,1,0,2,2][1,1,1,1,1,1][1,1,1,1,1,1]
1711 0 0 [0,0,0,1,3,3][0,0,0,1,3,3][1,1,1,0,3,3][1,1,1,0,3,3][1,1,1,1,0,0][1,1,1,1,0,0]
1763 0 0 [0,0,0,1,3,3][0,0,1,0,3,3][1,1,0,1,2,2][1,1,1,0,2,2][1,1,1,1,1,1][1,1,1,1,1,1]
1764 0 0 [0,0,0,1,3,3][0,0,1,0,3,3][1,1,0,1,3,3][1,1,1,0,3,3][1,1,1,1,0,0][1,1,1,1,0,0]
1766 0 0 [0,0,0,1,3,3][0,0,1,0,3,3][1,1,1,1,1,1][1,1,1,1,1,1][1,1,2,2,0,1][1,1,2,2,1,0]
1971 0 0 [0,0,1,1,1,1][0,0,1,1,1,1][1,1,0,1,2,2][1,1,0,1,2,2][1,1,1,0,3,3][1,1,1,0,3,3]
1973 0 0 [0,0,1,1,1,1][0,0,1,1,1,1][1,1,0,1,2,2][1,1,0,1,3,3][1,1,1,0,2,2][1,1,1,0,3,3]
2598 0 0 [0,1,1,1,2,2][0,1,1,1,2,2][1,0,1,1,2,2][1,0,1,1,2,2][1,1,1,1,1,1][1,1,1,1,1,1]
615 0 0 [0,0,0,0,1,1][0,0,0,0,1,1][0,0,2,2,2,2][0,0,2,2,3,3][0,0,2,3,2,3][0,0,2,3,3,2]
622 0 0 [0,0,0,0,1,1][0,0,0,0,1,1][0,0,2,2,2,2][0,0,2,3,2,3][0,0,3,2,2,3][0,0,3,3,2,2]
936 0 0 [0,0,0,0,1,1][0,0,0,1,0,1][0,1,1,1,1,0][1,1,1,1,1,1][3,1,1,3,3,3][3,1,1,3,3,3]
1140 0 0 [0,0,0,0,1,1][0,0,1,1,1,1][0,1,0,1,1,1][1,0,0,1,1,1][3,3,3,3,1,1][3,3,3,3,1,1]
2066 0 0 [0,0,1,1,1,1][0,1,0,1,1,1][0,1,1,0,1,1][1,1,1,1,1,1][2,2,3,3,1,1][2,2,3,3,1,1]
1783 0 0 [0,0,0,1,3,3][0,1,1,1,2,2][1,0,1,1,2,2][1,1,0,1,3,3][1,1,1,1,1,1][1,1,1,1,1,1]
1795 0 0 [0,0,0,1,3,3][0,1,1,1,3,3][1,0,1,1,3,3][1,1,0,1,3,3][1,1,1,1,0,0][1,1,1,1,0,0]
642 0 0 [0,0,0,0,1,1][0,0,0,0,1,1][0,0,2,2,3,3][0,0,2,2,3,3][0,0,2,2,3,3][0,0,2,2,3,3]
643 0 0 [0,0,0,0,1,1][0,0,0,0,1,1][0,0,2,2,3,3][0,0,2,2,3,3][0,0,2,3,2,3][0,0,2,3,2,3]
673 0 0 [0,0,0,0,1,1][0,0,0,0,1,1][0,0,2,3,2,3][0,0,2,3,2,3][0,0,2,3,2,3][0,0,2,3,2,3]
674 0 0 [0,0,0,0,1,1][0,0,0,0,1,1][0,0,2,3,2,3][0,0,2,3,2,3][0,0,2,3,3,2][0,0,2,3,3,2]
606 0 0 [0,0,0,0,1,1][0,0,0,0,1,1][0,0,2,2,2,2][0,0,2,2,2,2][0,0,3,3,3,3][0,0,3,3,3,3]
616 0 0 [0,0,0,0,1,1][0,0,0,0,1,1][0,0,2,2,2,2][0,0,2,2,3,3][0,0,3,3,2,2][0,0,3,3,3,3]
644 0 0 [0,0,0,0,1,1][0,0,0,0,1,1][0,0,2,2,3,3][0,0,2,2,3,3][0,0,3,3,2,2][0,0,3,3,2,2]
623 0 0 [0,0,0,0,1,1][0,0,0,0,1,1][0,0,2,2,2,2][0,0,2,3,2,3][0,0,3,2,3,2][0,0,3,3,3,3]
655 0 0 [0,0,0,0,1,1][0,0,0,0,1,1][0,0,2,2,3,3][0,0,2,3,2,3][0,0,3,2,3,2][0,0,3,3,2,2]
675 0 0 [0,0,0,0,1,1][0,0,0,0,1,1][0,0,2,3,2,3][0,0,2,3,2,3][0,0,3,2,2,3][0,0,3,2,2,3]
676 0 0 [0,0,0,0,1,1][0,0,0,0,1,1][0,0,2,3,2,3][0,0,2,3,2,3][0,0,3,2,3,2][0,0,3,2,3,2]
691 0 0 [0,0,0,0,1,1][0,0,0,0,1,1][0,0,2,3,2,3][0,0,2,3,3,2][0,0,3,2,2,3][0,0,3,2,3,2]
132 0 0 [0,0,0,0,0,0][0,0,0,0,0,0][0,0,2,2,3,3][0,0,3,3,3,3][1,1,2,2,2,2][1,1,3,3,2,2]
1470 0 0 [0,0,0,1,2,2][0,0,0,1,3,3][0,0,2,2,0,1][0,0,2,3,2,3][0,0,3,2,3,2][0,0,3,3,0,1]
1471 0 0 [0,0,0,1,2,2][0,0,0,1,3,3][0,0,2,2,0,1][0,0,2,3,3,2][0,0,3,2,2,3][0,0,3,3,0,1]
145 0 0 [0,0,0,0,0,0][0,0,0,0,0,0][0,0,3,3,3,3][0,0,3,3,3,3][1,1,2,2,2,2][1,1,2,2,2,2]
1814 0 0 [0,0,1,1,1,1][0,0,1,1,1,1][0,0,2,2,2,2][0,0,2,2,2,2][0,0,2,2,3,3][0,0,2,2,3,3]
1098 0 0 [0,0,0,0,1,1][0,0,1,1,1,1][0,0,2,2,3,3][0,0,2,2,3,3][0,1,1,1,3,3][0,1,1,1,3,3]
291 0 0 [0,0,0,0,0,0][0,0,0,0,1,1][0,1,3,3,1,1][0,1,3,3,1,1][1,1,2,2,3,3][1,1,2,2,3,3]
292 0 0 [0,0,0,0,0,0][0,0,0,0,1,1][0,1,3,3,1,1][0,1,3,3,1,1][1,1,3,3,2,2][1,1,3,3,2,2]
389 0 0 [0,0,0,0,0,0][0,0,1,1,1,1][1,1,1,1,1,1][1,1,1,1,1,1][1,1,3,3,3,3][1,1,3,3,3,3]
2136 0 0 [0,0,2,2,2,2][0,0,2,2,2,2][0,1,1,1,2,2][0,1,1,1,2,2][0,1,2,2,1,1][0,1,2,2,1,1]
982 0 0 [0,0,0,0,1,1][0,0,0,1,3,3][0,0,0,1,3,3][0,0,1,1,1,1][1,1,2,3,2,3][1,1,2,3,2,3]
541 0 0 [0,0,0,0,1,1][0,0,0,0,1,1][0,0,0,1,3,3][0,1,1,1,2,2][1,3,3,1,2,2][1,3,3,1,3,3]
1644 0 0 [0,0,0,1,3,3][0,0,0,1,3,3][0,0,2,3,2,3][0,0,2,3,2,3][1,1,0,0,1,1][1,1,1,1,1,1]
619 0 0 [0,0,0,0,1,1][0,0,0,0,1,1][0,0,2,2,2,2][0,0,2,2,3,3][1,1,2,2,2,2][1,1,2,2,3,3]
649 0 0 [0,0,0,0,1,1][0,0,0,0,1,1][0,0,2,2,3,3][0,0,2,2,3,3][1,1,2,2,2,2][1,1,2,2,2,2]
683 0 0 [0,0,0,0,1,1][0,0,0,0,1,1][0,0,2,3,2,3][0,0,2,3,2,3][1,1,2,2,2,2][1,1,2,2,2,2]
1377 0 0 [0,0,0,1,2,2][0,0,0,1,2,2][0,0,2,2,0,1][0,0,2,2,0,1][1,1,2,3,2,3][1,1,2,3,2,3]
1378 0 0 [0,0,0,1,2,2][0,0,0,1,2,2][0,0,2,2,0,1][0,0,2,2,0,1][1,1,2,3,3,2][1,1,2,3,3,2]
1382 0 0 [0,0,0,1,2,2][0,0,0,1,2,2][0,0,2,3,2,3][0,0,2,3,2,3][1,1,2,2,0,1][1,1,2,2,0,1]
1383 0 0 [0,0,0,1,2,2][0,0,0,1,2,2][0,0,2,3,2,3][0,0,2,3,2,3][1,1,2,2,1,0][1,1,2,2,1,0]
1379 0 0 [0,0,0,1,2,2][0,0,0,1,2,2][0,0,2,2,0,1][0,0,2,2,0,1][1,1,3,2,3,2][1,1,3,2,3,2]
738 0 0 [0,0,0,0,1,1][0,0,0,0,1,1][0,0,3,3,0,1][1,1,2,2,0,1][3,3,2,2,1,1][3,3,3,3,1,1]
756 0 0 [0,0,0,0,1,1][0,0,0,0,1,1][0,0,3,3,2,2][1,1,2,2,2,2][2,2,2,2,0,0][2,2,3,3,1,1]
757 0 0 [0,0,0,0,1,1][0,0,0,0,1,1][0,0,3,3,2,2][1,1,2,2,2,2][2,2,2,2,1,1][2,2,3,3,0,0]
1519 0 0 [0,0,0,1,2,2][0,0,1,0,3,3][0,0,1,1,1,1][0,0,1,1,1,1][1,1,2,3,2,3][1,1,2,3,3,2]
1105 0 0 [0,0,0,0,1,1][0,0,1,1,1,1][0,0,2,3,2,3][0,0,2,3,2,3][1,1,0,1,3,3][1,1,0,1,3,3]
827 0 0 [0,0,0,0,1,1][0,0,0,0,1,1][0,1,2,2,1,1][0,1,3,3,0,0][1,1,2,2,3,3][1,1,3,3,3,3]
1523 0 0 [0,0,0,1,2,2][0,0,1,0,3,3][0,0,2,3,2,3][0,0,2,3,3,2][1,1,1,1,1,1][1,1,1,1,1,1]
1848 0 0 [0,0,1,1,1,1][0,0,1,1,1,1][0,0,2,2,3,3][0,0,2,3,2,3][1,1,0,2,2,1][1,1,1,3,3,0]
1849 0 0 [0,0,1,1,1,1][0,0,1,1,1,1][0,0,2,2,3,3][0,0,2,3,2,3][1,1,0,3,3,1][1,1,1,2,2,0]
1818 0 0 [0,0,1,1,1,1][0,0,1,1,1,1][0,0,2,2,2,2][0,0,2,2,2,2][1,1,2,2,2,2][1,1,2,2,2,2]
2109 0 0 [0,0,2,2,2,2][0,0,2,2,2,2][0,0,2,2,2,2][0,0,2,2,2,2][1,1,1,1,1,1][1,1,1,1,1,1]
968 0 0 [0,0,0,0,1,1][0,0,0,1,2,2][0,0,0,1,2,2][0,1,1,0,1,1][1,3,3,1,3,3][1,3,3,1,3,3]
1052 0 0 [0,0,0,0,1,1][0,0,1,1,0,0][1,1,1,1,1,1][1,1,1,1,1,1][1,1,3,3,3,3][1,1,3,3,3,3]
2137 0 0 [0,0,2,2,2,2][0,0,2,2,2,2][0,1,1,1,2,2][0,1,1,1,2,2][1,0,2,2,1,1][1,0,2,2,1,1]
1087 0 0 [0,0,0,0,1,1][0,0,1,1,1,1][0,0,1,1,1,1][1,1,1,1,1,1][3,3,3,3,1,1][3,3,3,3,1,1]
1157 0 0 [0,0,0,0,1,1][0,0,1,1,1,1][0,1,1,1,3,3][0,1,1,1,3,3][1,1,2,2,2,2][1,1,2,2,2,2]
1173 0 0 [0,0,0,0,1,1][0,0,1,1,1,1][1,1,1,1,0,0][1,1,1,1,1,1][1,1,3,3,3,3][1,1,3,3,3,3]
1418 0 0 [0,0,0,1,2,2][0,0,0,1,2,2][0,2,2,1,0,0][0,2,2,1,0,0][1,2,2,1,3,3][1,2,2,1,3,3]
1422 0 0 [0,0,0,1,2,2][0,0,0,1,2,2][0,2,2,1,1,1][0,2,2,1,1,1][1,2,2,1,2,2][1,2,2,1,2,2]
1270 0 0 [0,0,0,0,1,1][0,1,3,3,1,1][0,1,3,3,1,1][1,1,1,1,1,1][3,3,0,1,1,1][3,3,0,1,1,1]
2583 0 0 [0,1,1,1,2,2][0,1,1,1,2,2][0,1,1,1,3,3][0,1,1,1,3,3][1,1,1,1,1,1][1,1,1,1,1,1]
1627 0 0 [0,0,0,1,3,3][0,0,0,1,3,3][0,0,1,1,1,1][1,1,1,1,1,1][2,2,1,1,2,2][2,2,1,1,2,2]
1544 0 0 [0,0,0,1,2,2][0,0,1,1,1,1][0,0,1,1,1,1][1,1,0,1,3,3][2,2,1,1,2,2][2,2,1,1,3,3]
1778 0 0 [0,0,0,1,3,3][0,0,1,1,1,1][0,0,1,1,1,1][1,1,0,1,2,2][2,2,1,1,2,2][2,2,1,1,3,3]
2034 0 0 [0,0,1,1,1,1][0,0,2,2,2,2][0,0,2,2,2,2][1,1,0,0,1,1][2,2,0,0,3,3][2,2,0,0,3,3]
2035 0 0 [0,0,1,1,1,1][0,0,2,2,2,2][0,0,2,2,2,2][1,1,0,0,1,1][2,2,1,1,2,2][2,2,1,1,2,2]
1949 0 0 [0,0,1,1,1,1][0,0,1,1,1,1][0,1,1,1,2,2][1,0,1,1,3,3][2,3,0,0,2,3][2,3,0,0,3,2]
2080 0 0 [0,0,1,1,1,1][0,1,1,1,2,2][0,1,1,1,2,2][1,1,1,1,1,1][2,3,0,0,2,3][2,3,0,0,2,3]
1712 0 0 [0,0,0,1,3,3][0,0,0,1,3,3][1,1,1,0,3,3][1,1,1,0,3,3][1,1,1,1,1,1][1,1,1,1,1,1]
1765 0 0 [0,0,0,1,3,3][0,0,1,0,3,3][1,1,0,1,3,3][1,1,1,0,3,3][1,1,1,1,1,1][1,1,1,1,1,1]
1767 0 0 [0,0,0,1,3,3][0,0,1,0,3,3][1,1,1,1,1,1][1,1,1,1,1,1][1,1,3,3,0,1][1,1,3,3,1,0]
1784 0 0 [0,0,0,1,3,3][0,1,1,1,2,2][1,1,1,1,0,0][1,1,1,1,0,0][1,2,2,1,2,2][1,2,2,1,3,3]
1798 0 0 [0,0,0,1,3,3][0,1,1,1,3,3][1,1,1,1,1,1][1,1,1,1,1,1][1,3,3,0,0,0][1,3,3,0,1,1]
1969 0 0 [0,0,1,1,1,1][0,0,1,1,1,1][1,1,0,0,1,1][1,1,1,1,0,0][1,1,3,3,3,3][1,1,3,3,3,3]
2600 0 0 [0,1,1,1,2,2][0,1,1,1,2,2][1,0,1,1,3,3][1,0,1,1,3,3][1,1,1,1,1,1][1,1,1,1,1,1]
2613 0 0 [0,1,1,1,2,2][0,1,1,1,3,3][1,0,1,1,2,2][1,0,1,1,3,3][1,1,1,1,1,1][1,1,1,1,1,1]
125 0 0 [0,0,0,0,0,0][0,0,0,0,0,0][0,0,2,2,3,3][0,0,2,3,2,3][1,1,3,2,2,3][1,1,3,3,3,3]
134 0 0 [0,0,0,0,0,0][0,0,0,0,0,0][0,0,2,2,3,3][0,0,3,3,3,3][1,1,2,3,2,3][1,1,3,2,2,3]
1821 0 0 [0,0,1,1,1,1][0,0,1,1,1,1][0,0,2,2,2,2][0,0,2,2,3,3][0,0,2,3,2,3][0,0,2,3,3,2]
656 0 0 [0,0,0,0,1,1][0,0,0,0,1,1][0,0,2,2,3,3][0,0,2,3,2,3][1,1,2,2,2,2][1,1,2,3,3,2]
695 0 0 [0,0,0,0,1,1][0,0,0,0,1,1][0,0,2,3,2,3][0,0,2,3,3,2][1,1,2,2,2,2][1,1,2,2,3,3]
1796 0 0 [0,0,0,1,3,3][0,1,1,1,3,3][1,0,1,1,3,3][1,1,0,1,3,3][1,1,1,1,1,1][1,1,1,1,1,1]
118 0 0 [0,0,0,0,0,0][0,0,0,0,0,0][0,0,2,2,3,3][0,0,2,2,3,3][1,1,3,3,3,3][1,1,3,3,3,3]
133 0 0 [0,0,0,0,0,0][0,0,0,0,0,0][0,0,2,2,3,3][0,0,3,3,3,3][1,1,2,2,3,3][1,1,3,3,3,3]
140 0 0 [0,0,0,0,0,0][0,0,0,0,0,0][0,0,2,2,3,3][1,1,3,3,3,3][3,3,2,2,0,0][3,3,3,3,1,1]
141 0 0 [0,0,0,0,0,0][0,0,0,0,0,0][0,0,2,2,3,3][1,1,3,3,3,3][3,3,2,2,1,1][3,3,3,3,0,0]
146 0 0 [0,0,0,0,0,0][0,0,0,0,0,0][0,0,3,3,3,3][0,0,3,3,3,3][1,1,2,2,3,3][1,1,2,2,3,3]
150 0 0 [0,0,0,0,0,0][0,0,0,0,0,0][0,0,3,3,3,3][1,1,2,2,3,3][3,3,2,2,1,1][3,3,3,3,0,0]
1834 0 0 [0,0,1,1,1,1][0,0,1,1,1,1][0,0,2,2,3,3][0,0,2,2,3,3][0,0,2,2,3,3][0,0,2,2,3,3]
1835 0 0 [0,0,1,1,1,1][0,0,1,1,1,1][0,0,2,2,3,3][0,0,2,2,3,3][0,0,2,3,2,3][0,0,2,3,2,3]
1815 0 0 [0,0,1,1,1,1][0,0,1,1,1,1][0,0,2,2,2,2][0,0,2,2,2,2][0,0,3,3,3,3][0,0,3,3,3,3]
1822 0 0 [0,0,1,1,1,1][0,0,1,1,1,1][0,0,2,2,2,2][0,0,2,2,3,3][0,0,3,3,2,2][0,0,3,3,3,3]
1836 0 0 [0,0,1,1,1,1][0,0,1,1,1,1][0,0,2,2,3,3][0,0,2,2,3,3][0,0,3,3,2,2][0,0,3,3,2,2]
1847 0 0 [0,0,1,1,1,1][0,0,1,1,1,1][0,0,2,2,3,3][0,0,2,3,2,3][0,0,3,2,3,2][0,0,3,3,2,2]
293 0 0 [0,0,0,0,0,0][0,0,0,0,1,1][0,1,3,3,1,1][0,1,3,3,1,1][1,1,3,3,3,3][1,1,3,3,3,3]
2278 0 0 [0,0,2,2,3,3][0,0,2,2,3,3][0,1,1,1,2,2][0,1,1,1,2,2][0,1,2,2,1,1][0,1,2,2,1,1]
650 0 0 [0,0,0,0,1,1][0,0,0,0,1,1][0,0,2,2,3,3][0,0,2,2,3,3][1,1,2,2,3,3][1,1,2,2,3,3]
651 0 0 [0,0,0,0,1,1][0,0,0,0,1,1][0,0,2,2,3,3][0,0,2,2,3,3][1,1,2,3,2,3][1,1,2,3,2,3]
657 0 0 [0,0,0,0,1,1][0,0,0,0,1,1][0,0,2,2,3,3][0,0,2,3,2,3][1,1,2,2,3,3][1,1,2,3,2,3]
684 0 0 [0,0,0,0,1,1][0,0,0,0,1,1][0,0,2,3,2,3][0,0,2,3,2,3][1,1,2,2,3,3][1,1,2,2,3,3]
685 0 0 [0,0,0,0,1,1][0,0,0,0,1,1][0,0,2,3,2,3][0,0,2,3,2,3][1,1,2,3,2,3][1,1,2,3,2,3]
686 0 0 [0,0,0,0,1,1][0,0,0,0,1,1][0,0,2,3,2,3][0,0,2,3,2,3][1,1,2,3,3,2][1,1,2,3,3,2]
696 0 0 [0,0,0,0,1,1][0,0,0,0,1,1][0,0,2,3,2,3][0,0,2,3,3,2][1,1,2,3,2,3][1,1,2,3,3,2]
1645 0 0 [0,0,0,1,3,3][0,0,0,1,3,3][0,0,2,3,2,3][0,0,2,3,2,3][1,1,2,2,0,1][1,1,2,2,0,1]
1646 0 0 [0,0,0,1,3,3][0,0,0,1,3,3][0,0,2,3,2,3][0,0,2,3,2,3][1,1,2,2,1,0][1,1,2,2,1,0]
687 0 0 [0,0,0,0,1,1][0,0,0,0,1,1][0,0,2,3,2,3][0,0,2,3,2,3][1,1,3,2,2,3][1,1,3,2,2,3]
688 0 0 [0,0,0,0,1,1][0,0,0,0,1,1][0,0,2,3,2,3][0,0,2,3,2,3][1,1,3,2,3,2][1,1,3,2,3,2]
697 0 0 [0,0,0,0,1,1][0,0,0,0,1,1][0,0,2,3,2,3][0,0,2,3,3,2][1,1,3,2,2,3][1,1,3,2,3,2]
665 0 0 [0,0,0,0,1,1][0,0,0,0,1,1][0,0,2,2,3,3][0,0,3,3,3,3][1,1,2,2,2,2][1,1,3,3,2,2]
1384 0 0 [0,0,0,1,2,2][0,0,0,1,2,2][0,0,2,3,2,3][0,0,2,3,2,3][1,1,3,3,0,1][1,1,3,3,0,1]
1385 0 0 [0,0,0,1,2,2][0,0,0,1,2,2][0,0,2,3,2,3][0,0,2,3,2,3][1,1,3,3,1,0][1,1,3,3,1,0]
705 0 0 [0,0,0,0,1,1][0,0,0,0,1,1][0,0,2,3,2,3][0,0,3,2,3,2][1,1,2,2,2,2][1,1,3,3,3,3]
706 0 0 [0,0,0,0,1,1][0,0,0,0,1,1][0,0,2,3,2,3][0,0,3,2,3,2][1,1,2,2,3,3][1,1,3,3,2,2]
711 0 0 [0,0,0,0,1,1][0,0,0,0,1,1][0,0,2,3,2,3][0,0,3,3,2,2][1,1,2,3,2,3][1,1,3,3,2,2]
1472 0 0 [0,0,0,1,2,2][0,0,0,1,3,3][0,0,2,2,0,1][0,0,3,3,0,1][1,1,2,3,2,3][1,1,3,2,3,2]
1473 0 0 [0,0,0,1,2,2][0,0,0,1,3,3][0,0,2,2,0,1][0,0,3,3,0,1][1,1,2,3,3,2][1,1,3,2,2,3]
1474 0 0 [0,0,0,1,2,2][0,0,0,1,3,3][0,0,2,3,2,3][0,0,3,2,3,2][1,1,2,2,0,1][1,1,3,3,0,1]
1475 0 0 [0,0,0,1,2,2][0,0,0,1,3,3][0,0,2,3,2,3][0,0,3,2,3,2][1,1,2,2,1,0][1,1,3,3,1,0]
748 0 0 [0,0,0,0,1,1][0,0,0,0,1,1][0,0,3,3,2,2][0,0,3,3,2,2][1,1,2,3,2,3][1,1,2,3,2,3]
749 0 0 [0,0,0,0,1,1][0,0,0,0,1,1][0,0,3,3,2,2][0,0,3,3,2,2][1,1,3,3,2,2][1,1,3,3,2,2]
758 0 0 [0,0,0,0,1,1][0,0,0,0,1,1][0,0,3,3,2,2][1,1,2,2,2,2][3,3,2,2,0,0][3,3,3,3,1,1]
759 0 0 [0,0,0,0,1,1][0,0,0,0,1,1][0,0,3,3,2,2][1,1,2,2,2,2][3,3,2,2,1,1][3,3,3,3,0,0]
773 0 0 [0,0,0,0,1,1][0,0,0,0,1,1][0,0,3,3,3,3][1,1,2,2,3,3][2,2,2,2,0,0][2,2,3,3,1,1]
774 0 0 [0,0,0,0,1,1][0,0,0,0,1,1][0,0,3,3,3,3][1,1,2,2,3,3][2,2,2,2,1,1][2,2,3,3,0,0]
1819 0 0 [0,0,1,1,1,1][0,0,1,1,1,1][0,0,2,2,2,2][0,0,2,2,2,2][1,1,2,2,3,3][1,1,2,2,3,3]
1825 0 0 [0,0,1,1,1,1][0,0,1,1,1,1][0,0,2,2,2,2][0,0,2,2,3,3][1,1,2,2,2,2][1,1,2,2,3,3]
1841 0 0 [0,0,1,1,1,1][0,0,1,1,1,1][0,0,2,2,3,3][0,0,2,2,3,3][1,1,2,2,2,2][1,1,2,2,2,2]
2114 0 0 [0,0,2,2,2,2][0,0,2,2,2,2][0,0,2,2,3,3][0,0,2,2,3,3][1,1,1,1,1,1][1,1,1,1,1,1]
2282 0 0 [0,0,2,2,3,3][0,0,2,2,3,3][0,1,1,1,2,2][0,1,1,1,2,2][1,0,2,2,1,1][1,0,2,2,1,1]
1154 0 0 [0,0,0,0,1,1][0,0,1,1,1,1][0,1,1,1,2,2][0,1,1,1,2,2][1,1,3,3,3,3][1,1,3,3,3,3]
1423 0 0 [0,0,0,1,2,2][0,0,0,1,2,2][0,2,2,1,1,1][0,2,2,1,1,1][1,2,2,1,3,3][1,2,2,1,3,3]
1694 0 0 [0,0,0,1,3,3][0,0,0,1,3,3][0,2,2,1,1,1][0,2,2,1,1,1][1,2,2,1,2,2][1,2,2,1,2,2]
1419 0 0 [0,0,0,1,2,2][0,0,0,1,2,2][0,2,2,1,0,0][0,2,2,1,0,0][1,3,3,1,3,3][1,3,3,1,3,3]
1424 0 0 [0,0,0,1,2,2][0,0,0,1,2,2][0,2,2,1,1,1][0,2,2,1,1,1][1,3,3,1,2,2][1,3,3,1,2,2]
1482 0 0 [0,0,0,1,2,2][0,0,0,1,3,3][0,2,2,1,0,0][0,3,3,1,0,0][1,2,2,1,2,2][1,3,3,1,3,3]
1483 0 0 [0,0,0,1,2,2][0,0,0,1,3,3][0,2,2,1,0,0][0,3,3,1,0,0][1,2,2,1,3,3][1,3,3,1,2,2]
1216 0 0 [0,0,0,0,1,1][0,0,3,3,2,2][0,0,3,3,2,2][1,1,1,1,1,1][2,2,1,1,2,2][2,2,1,1,2,2]
1218 0 0 [0,0,0,0,1,1][0,0,3,3,2,2][0,0,3,3,2,2][1,1,1,1,1,1][3,3,0,0,2,2][3,3,0,0,2,2]
1273 0 0 [0,0,0,0,1,1][1,1,1,1,1,1][1,1,1,1,1,1][1,1,1,1,1,1][3,3,3,3,1,1][3,3,3,3,1,1]
2586 0 0 [0,1,1,1,2,2][0,1,1,1,2,2][0,1,2,2,1,1][0,1,2,2,1,1][1,1,2,2,2,2][1,1,2,2,2,2]
1371 0 0 [0,0,0,1,2,2][0,0,0,1,2,2][0,0,1,1,1,1][1,1,1,1,1,1][3,3,1,1,3,3][3,3,1,1,3,3]
1830 0 0 [0,0,1,1,1,1][0,0,1,1,1,1][0,0,2,2,2,2][1,1,2,2,3,3][2,2,0,0,2,2][2,2,1,1,3,3]
1831 0 0 [0,0,1,1,1,1][0,0,1,1,1,1][0,0,2,2,2,2][1,1,2,2,3,3][2,2,0,0,3,3][2,2,1,1,2,2]
1862 0 0 [0,0,1,1,1,1][0,0,1,1,1,1][0,0,2,2,3,3][1,1,2,2,2,2][2,2,0,0,2,2][2,2,1,1,3,3]
1863 0 0 [0,0,1,1,1,1][0,0,1,1,1,1][0,0,2,2,3,3][1,1,2,2,2,2][2,2,0,0,3,3][2,2,1,1,2,2]
2039 0 0 [0,0,1,1,1,1][0,0,2,2,3,3][0,0,2,2,3,3][1,1,0,0,1,1][2,2,0,0,3,3][2,2,0,0,3,3]
2036 0 0 [0,0,1,1,1,1][0,0,2,2,2,2][0,0,2,2,2,2][1,1,0,0,1,1][2,2,1,1,3,3][2,2,1,1,3,3]
2040 0 0 [0,0,1,1,1,1][0,0,2,2,3,3][0,0,2,2,3,3][1,1,0,0,1,1][2,2,1,1,2,2][2,2,1,1,2,2]
2049 0 0 [0,0,1,1,1,1][0,0,2,2,3,3][0,0,2,2,3,3][1,1,1,1,0,0][2,2,2,2,1,1][2,2,2,2,1,1]
2044 0 0 [0,0,1,1,1,1][0,0,2,2,3,3][0,0,2,2,3,3][1,1,0,1,0,1][2,3,0,2,0,3][2,3,0,2,0,3]
2045 0 0 [0,0,1,1,1,1][0,0,2,2,3,3][0,0,2,2,3,3][1,1,0,1,0,1][2,3,0,3,0,2][2,3,0,3,0,2]
1950 0 0 [0,0,1,1,1,1][0,0,1,1,1,1][0,1,1,1,2,2][1,0,1,1,3,3][2,3,1,1,2,3][2,3,1,1,3,2]
1545 0 0 [0,0,0,1,2,2][0,0,1,1,1,1][0,0,1,1,1,1][1,1,0,1,3,3][3,3,1,1,2,2][3,3,1,1,3,3]
2087 0 0 [0,0,1,1,1,1][0,1,1,1,3,3][0,1,1,1,3,3][1,1,1,1,1,1][2,3,0,0,2,3][2,3,0,0,2,3]
2081 0 0 [0,0,1,1,1,1][0,1,1,1,2,2][0,1,1,1,2,2][1,1,1,1,1,1][2,3,1,1,2,3][2,3,1,1,2,3]
1681 0 0 [0,0,0,1,3,3][0,0,0,1,3,3][0,1,1,0,1,1][1,1,1,1,1,1][3,1,1,2,2,3][3,1,1,2,2,3]
1726 0 0 [0,0,0,1,3,3][0,0,0,1,3,3][1,2,2,0,1,1][1,2,2,0,1,1][1,2,2,1,2,2][1,2,2,1,2,2]
1730 0 0 [0,0,0,1,3,3][0,0,0,1,3,3][1,2,2,1,2,2][1,2,2,1,2,2][1,3,3,0,0,0][1,3,3,0,0,0]
1785 0 0 [0,0,0,1,3,3][0,1,1,1,2,2][1,1,1,1,0,0][1,1,1,1,0,0][1,3,3,1,2,2][1,3,3,1,3,3]
1786 0 0 [0,0,0,1,3,3][0,1,1,1,2,2][1,1,1,1,1,1][1,1,1,1,1,1][1,2,2,1,2,2][1,2,2,1,3,3]
2326 0 0 [0,0,2,2,3,3][0,0,2,2,3,3][1,1,0,2,1,2][1,1,0,2,1,2][1,1,2,0,2,1][1,1,2,0,2,1]
2327 0 0 [0,0,2,2,3,3][0,0,2,2,3,3][1,1,0,2,1,2][1,1,0,2,1,2][1,1,2,1,2,0][1,1,2,1,2,0]
2423 0 0 [0,0,2,2,3,3][0,0,2,3,2,3][1,1,0,2,2,1][1,1,1,1,1,1][1,1,1,1,1,1][1,1,1,3,3,0]
2425 0 0 [0,0,2,2,3,3][0,0,2,3,2,3][1,1,0,3,3,1][1,1,1,1,1,1][1,1,1,1,1,1][1,1,1,2,2,0]
2156 0 0 [0,0,2,2,2,2][0,0,2,2,2,2][1,1,1,1,1,1][1,1,1,1,1,1][1,1,2,2,2,2][1,1,2,2,2,2]
2009 0 0 [0,0,1,1,1,1][0,0,1,1,1,1][2,2,1,1,2,2][2,2,2,2,1,1][3,3,0,0,2,2][3,3,2,2,0,0]
2094 0 0 [0,0,1,1,1,1][1,1,0,0,1,1][1,1,1,1,1,1][1,1,1,1,1,1][3,3,3,3,1,1][3,3,3,3,1,1]
2603 0 0 [0,1,1,1,2,2][0,1,1,1,2,2][1,0,2,2,1,1][1,0,2,2,1,1][1,1,2,2,2,2][1,1,2,2,2,2]
174 0 0 [0,0,0,0,0,0][0,0,0,0,0,0][1,1,2,2,3,3][1,1,2,3,2,3][1,1,3,2,2,3][1,1,3,3,3,3]
667 0 0 [0,0,0,0,1,1][0,0,0,0,1,1][0,0,2,2,3,3][0,0,3,3,3,3][1,1,2,3,2,3][1,1,3,2,2,3]
712 0 0 [0,0,0,0,1,1][0,0,0,0,1,1][0,0,2,3,2,3][0,0,3,3,2,2][1,1,2,3,3,2][1,1,3,3,3,3]
1826 0 0 [0,0,1,1,1,1][0,0,1,1,1,1][0,0,2,2,2,2][0,0,2,2,3,3][1,1,2,3,2,3][1,1,2,3,3,2]
1850 0 0 [0,0,1,1,1,1][0,0,1,1,1,1][0,0,2,2,3,3][0,0,2,3,2,3][1,1,2,2,2,2][1,1,2,3,3,2]
2184 0 0 [0,0,2,2,2,2][0,0,2,2,3,3][0,0,2,3,2,3][0,0,2,3,3,2][1,1,1,1,1,1][1,1,1,1,1,1]
147 0 0 [0,0,0,0,0,0][0,0,0,0,0,0][0,0,3,3,3,3][0,0,3,3,3,3][1,1,3,3,3,3][1,1,3,3,3,3]
173 0 0 [0,0,0,0,0,0][0,0,0,0,0,0][1,1,2,2,3,3][1,1,2,2,3,3][1,1,3,3,3,3][1,1,3,3,3,3]
2288 0 0 [0,0,2,2,3,3][0,0,2,2,3,3][0,1,1,1,3,3][0,1,1,1,3,3][0,1,2,2,1,1][0,1,2,2,1,1]
2141 0 0 [0,0,2,2,2,2][0,0,2,2,2,2][0,1,1,1,3,3][0,1,1,1,3,3][0,1,3,3,1,1][0,1,3,3,1,1]
2280 0 0 [0,0,2,2,3,3][0,0,2,2,3,3][0,1,1,1,2,2][0,1,1,1,2,2][0,1,3,3,1,1][0,1,3,3,1,1]
2217 0 0 [0,0,2,2,2,2][0,0,3,3,3,3][0,1,1,1,2,2][0,1,1,1,3,3][0,1,2,2,1,1][0,1,3,3,1,1]
2442 0 0 [0,0,2,2,3,3][0,0,3,3,2,2][0,1,1,1,2,2][0,1,1,1,3,3][0,1,2,2,1,1][0,1,3,3,1,1]
399 0 0 [0,0,0,0,0,0][0,0,1,1,1,1][3,3,1,1,2,2][3,3,1,1,2,2][3,3,2,2,1,1][3,3,2,2,1,1]
666 0 0 [0,0,0,0,1,1][0,0,0,0,1,1][0,0,2,2,3,3][0,0,3,3,3,3][1,1,2,2,3,3][1,1,3,3,3,3]
1647 0 0 [0,0,0,1,3,3][0,0,0,1,3,3][0,0,2,3,2,3][0,0,2,3,2,3][1,1,3,3,0,1][1,1,3,3,0,1]
1648 0 0 [0,0,0,1,3,3][0,0,0,1,3,3][0,0,2,3,2,3][0,0,2,3,2,3][1,1,3,3,1,0][1,1,3,3,1,0]
750 0 0 [0,0,0,0,1,1][0,0,0,0,1,1][0,0,3,3,2,2][0,0,3,3,2,2][1,1,3,3,3,3][1,1,3,3,3,3]
755 0 0 [0,0,0,0,1,1][0,0,0,0,1,1][0,0,3,3,2,2][0,0,3,3,3,3][1,1,3,3,2,2][1,1,3,3,3,3]
762 0 0 [0,0,0,0,1,1][0,0,0,0,1,1][0,0,3,3,2,2][1,1,3,3,3,3][3,3,0,0,2,2][3,3,1,1,3,3]
763 0 0 [0,0,0,0,1,1][0,0,0,0,1,1][0,0,3,3,2,2][1,1,3,3,3,3][3,3,0,0,3,3][3,3,1,1,2,2]
775 0 0 [0,0,0,0,1,1][0,0,0,0,1,1][0,0,3,3,3,3][1,1,2,2,3,3][3,3,2,2,0,0][3,3,3,3,1,1]
776 0 0 [0,0,0,0,1,1][0,0,0,0,1,1][0,0,3,3,3,3][1,1,2,2,3,3][3,3,2,2,1,1][3,3,3,3,0,0]
779 0 0 [0,0,0,0,1,1][0,0,0,0,1,1][0,0,3,3,3,3][1,1,3,3,2,2][3,3,0,0,3,3][3,3,1,1,2,2]
1842 0 0 [0,0,1,1,1,1][0,0,1,1,1,1][0,0,2,2,3,3][0,0,2,2,3,3][1,1,2,2,3,3][1,1,2,2,3,3]
1843 0 0 [0,0,1,1,1,1][0,0,1,1,1,1][0,0,2,2,3,3][0,0,2,2,3,3][1,1,2,3,2,3][1,1,2,3,2,3]
1851 0 0 [0,0,1,1,1,1][0,0,1,1,1,1][0,0,2,2,3,3][0,0,2,3,2,3][1,1,2,2,3,3][1,1,2,3,2,3]
1820 0 0 [0,0,1,1,1,1][0,0,1,1,1,1][0,0,2,2,2,2][0,0,2,2,2,2][1,1,3,3,3,3][1,1,3,3,3,3]
1827 0 0 [0,0,1,1,1,1][0,0,1,1,1,1][0,0,2,2,2,2][0,0,2,2,3,3][1,1,3,3,2,2][1,1,3,3,3,3]
1844 0 0 [0,0,1,1,1,1][0,0,1,1,1,1][0,0,2,2,3,3][0,0,2,2,3,3][1,1,3,3,2,2][1,1,3,3,2,2]
1853 0 0 [0,0,1,1,1,1][0,0,1,1,1,1][0,0,2,2,3,3][0,0,2,3,2,3][1,1,3,2,3,2][1,1,3,3,2,2]
1828 0 0 [0,0,1,1,1,1][0,0,1,1,1,1][0,0,2,2,2,2][0,0,3,3,3,3][1,1,2,2,2,2][1,1,3,3,3,3]
1829 0 0 [0,0,1,1,1,1][0,0,1,1,1,1][0,0,2,2,2,2][0,0,3,3,3,3][1,1,2,2,3,3][1,1,3,3,2,2]
1854 0 0 [0,0,1,1,1,1][0,0,1,1,1,1][0,0,2,2,3,3][0,0,3,3,2,2][1,1,2,2,2,2][1,1,3,3,3,3]
1855 0 0 [0,0,1,1,1,1][0,0,1,1,1,1][0,0,2,2,3,3][0,0,3,3,2,2][1,1,2,2,3,3][1,1,3,3,2,2]
875 0 0 [0,0,0,0,1,1][0,0,0,0,1,1][1,1,2,3,2,3][1,1,2,3,2,3][1,1,3,3,2,2][1,1,3,3,2,2]
1856 0 0 [0,0,1,1,1,1][0,0,1,1,1,1][0,0,2,2,3,3][0,0,3,3,2,2][1,1,2,3,2,3][1,1,3,2,3,2]
880 0 0 [0,0,0,0,1,1][0,0,0,0,1,1][1,1,3,3,2,2][1,1,3,3,2,2][1,1,3,3,2,2][1,1,3,3,2,2]
2241 0 0 [0,0,2,2,3,3][0,0,2,2,3,3][0,0,2,2,3,3][0,0,2,2,3,3][1,1,1,1,1,1][1,1,1,1,1,1]
2247 0 0 [0,0,2,2,3,3][0,0,2,2,3,3][0,0,2,3,2,3][0,0,2,3,2,3][1,1,1,1,1,1][1,1,1,1,1,1]
2117 0 0 [0,0,2,2,2,2][0,0,2,2,2,2][0,0,3,3,3,3][0,0,3,3,3,3][1,1,1,1,1,1][1,1,1,1,1,1]
2188 0 0 [0,0,2,2,2,2][0,0,2,2,3,3][0,0,3,3,2,2][0,0,3,3,3,3][1,1,1,1,1,1][1,1,1,1,1,1]
2251 0 0 [0,0,2,2,3,3][0,0,2,2,3,3][0,0,3,3,2,2][0,0,3,3,2,2][1,1,1,1,1,1][1,1,1,1,1,1]
2409 0 0 [0,0,2,2,3,3][0,0,2,3,2,3][0,0,3,2,3,2][0,0,3,3,2,2][1,1,1,1,1,1][1,1,1,1,1,1]
2292 0 0 [0,0,2,2,3,3][0,0,2,2,3,3][0,1,1,1,3,3][0,1,1,1,3,3][1,0,2,2,1,1][1,0,2,2,1,1]
2143 0 0 [0,0,2,2,2,2][0,0,2,2,2,2][0,1,1,1,3,3][0,1,1,1,3,3][1,0,3,3,1,1][1,0,3,3,1,1]
2284 0 0 [0,0,2,2,3,3][0,0,2,2,3,3][0,1,1,1,2,2][0,1,1,1,2,2][1,0,3,3,1,1][1,0,3,3,1,1]
2218 0 0 [0,0,2,2,2,2][0,0,3,3,3,3][0,1,1,1,2,2][0,1,1,1,3,3][1,0,2,2,1,1][1,0,3,3,1,1]
2443 0 0 [0,0,2,2,3,3][0,0,3,3,2,2][0,1,1,1,2,2][0,1,1,1,3,3][1,0,2,2,1,1][1,0,3,3,1,1]
1062 0 0 [0,0,0,0,1,1][0,0,1,1,0,0][3,3,1,1,2,2][3,3,1,1,2,2][3,3,2,2,1,1][3,3,2,2,1,1]
1695 0 0 [0,0,0,1,3,3][0,0,0,1,3,3][0,2,2,1,1,1][0,2,2,1,1,1][1,2,2,1,3,3][1,2,2,1,3,3]
1425 0 0 [0,0,0,1,2,2][0,0,0,1,2,2][0,2,2,1,1,1][0,2,2,1,1,1][1,3,3,1,3,3][1,3,3,1,3,3]
1696 0 0 [0,0,0,1,3,3][0,0,0,1,3,3][0,2,2,1,1,1][0,2,2,1,1,1][1,3,3,1,2,2][1,3,3,1,2,2]
1484 0 0 [0,0,0,1,2,2][0,0,0,1,3,3][0,2,2,1,1,1][0,3,3,1,1,1][1,2,2,1,2,2][1,3,3,1,3,3]
1485 0 0 [0,0,0,1,2,2][0,0,0,1,3,3][0,2,2,1,1,1][0,3,3,1,1,1][1,2,2,1,3,3][1,3,3,1,2,2]
1217 0 0 [0,0,0,0,1,1][0,0,3,3,2,2][0,0,3,3,2,2][1,1,1,1,1,1][2,2,1,1,3,3][2,2,1,1,3,3]
1219 0 0 [0,0,0,0,1,1][0,0,3,3,2,2][0,0,3,3,2,2][1,1,1,1,1,1][3,3,0,0,3,3][3,3,0,0,3,3]
1220 0 0 [0,0,0,0,1,1][0,0,3,3,2,2][0,0,3,3,2,2][1,1,1,1,1,1][3,3,1,1,2,2][3,3,1,1,2,2]
1231 0 0 [0,0,0,0,1,1][0,0,3,3,3,3][0,0,3,3,3,3][1,1,1,1,1,1][2,2,1,1,2,2][2,2,1,1,2,2]
2587 0 0 [0,1,1,1,2,2][0,1,1,1,2,2][0,1,2,2,1,1][0,1,2,2,1,1][1,1,2,2,3,3][1,1,2,2,3,3]
1868 0 0 [0,0,1,1,1,1][0,0,1,1,1,1][0,0,2,2,3,3][1,1,3,3,3,3][2,2,2,2,0,0][2,2,3,3,1,1]
1869 0 0 [0,0,1,1,1,1][0,0,1,1,1,1][0,0,2,2,3,3][1,1,3,3,3,3][2,2,2,2,1,1][2,2,3,3,0,0]
1878 0 0 [0,0,1,1,1,1][0,0,1,1,1,1][0,0,3,3,3,3][1,1,2,2,3,3][2,2,2,2,0,0][2,2,3,3,1,1]
1879 0 0 [0,0,1,1,1,1][0,0,1,1,1,1][0,0,3,3,3,3][1,1,2,2,3,3][2,2,2,2,1,1][2,2,3,3,0,0]
2041 0 0 [0,0,1,1,1,1][0,0,2,2,3,3][0,0,2,2,3,3][1,1,0,0,1,1][2,2,1,1,3,3][2,2,1,1,3,3]
2051 0 0 [0,0,1,1,1,1][0,0,2,2,3,3][0,0,2,2,3,3][1,1,1,1,0,0][2,2,3,3,1,1][2,2,3,3,1,1]
2058 0 0 [0,0,1,1,1,1][0,0,3,3,3,3][0,0,3,3,3,3][1,1,0,0,1,1][2,2,1,1,2,2][2,2,1,1,2,2]
1866 0 0 [0,0,1,1,1,1][0,0,1,1,1,1][0,0,2,2,3,3][1,1,2,3,2,3][2,3,0,2,3,0][2,3,1,3,2,1]
1867 0 0 [0,0,1,1,1,1][0,0,1,1,1,1][0,0,2,2,3,3][1,1,2,3,2,3][2,3,0,3,2,0][2,3,1,2,3,1]
2046 0 0 [0,0,1,1,1,1][0,0,2,2,3,3][0,0,2,2,3,3][1,1,0,1,0,1][2,3,1,2,1,3][2,3,1,2,1,3]
2047 0 0 [0,0,1,1,1,1][0,0,2,2,3,3][0,0,2,2,3,3][1,1,0,1,0,1][2,3,1,3,1,2][2,3,1,3,1,2]
2088 0 0 [0,0,1,1,1,1][0,1,1,1,3,3][0,1,1,1,3,3][1,1,1,1,1,1][2,3,1,1,2,3][2,3,1,1,2,3]
1714 0 0 [0,0,0,1,3,3][0,0,0,1,3,3][1,1,2,2,0,1][1,1,2,2,0,1][1,1,2,3,2,3][1,1,2,3,2,3]
1715 0 0 [0,0,0,1,3,3][0,0,0,1,3,3][1,1,2,2,0,1][1,1,2,2,0,1][1,1,2,3,3,2][1,1,2,3,3,2]
1716 0 0 [0,0,0,1,3,3][0,0,0,1,3,3][1,1,2,2,0,1][1,1,2,2,0,1][1,1,3,2,2,3][1,1,3,2,2,3]
1717 0 0 [0,0,0,1,3,3][0,0,0,1,3,3][1,1,2,2,0,1][1,1,2,2,0,1][1,1,3,2,3,2][1,1,3,2,3,2]
1727 0 0 [0,0,0,1,3,3][0,0,0,1,3,3][1,2,2,0,1,1][1,2,2,0,1,1][1,2,2,1,3,3][1,2,2,1,3,3]
1728 0 0 [0,0,0,1,3,3][0,0,0,1,3,3][1,2,2,0,1,1][1,2,2,0,1,1][1,3,3,1,2,2][1,3,3,1,2,2]
1731 0 0 [0,0,0,1,3,3][0,0,0,1,3,3][1,2,2,1,2,2][1,2,2,1,2,2][1,3,3,0,1,1][1,3,3,0,1,1]
1732 0 0 [0,0,0,1,3,3][0,0,0,1,3,3][1,2,2,1,3,3][1,2,2,1,3,3][1,3,3,0,0,0][1,3,3,0,0,0]
1787 0 0 [0,0,0,1,3,3][0,1,1,1,2,2][1,1,1,1,1,1][1,1,1,1,1,1][1,3,3,1,2,2][1,3,3,1,3,3]
2330 0 0 [0,0,2,2,3,3][0,0,2,2,3,3][1,1,0,3,1,3][1,1,0,3,1,3][1,1,2,1,2,0][1,1,2,1,2,0]
2328 0 0 [0,0,2,2,3,3][0,0,2,2,3,3][1,1,0,2,1,2][1,1,0,2,1,2][1,1,3,1,3,0][1,1,3,1,3,0]
2157 0 0 [0,0,2,2,2,2][0,0,2,2,2,2][1,1,1,1,1,1][1,1,1,1,1,1][1,1,2,2,3,3][1,1,2,2,3,3]
2210 0 0 [0,0,2,2,2,2][0,0,2,2,3,3][1,1,1,1,1,1][1,1,1,1,1,1][1,1,2,2,2,2][1,1,2,2,3,3]
2338 0 0 [0,0,2,2,3,3][0,0,2,2,3,3][1,1,1,1,1,1][1,1,1,1,1,1][1,1,2,2,2,2][1,1,2,2,2,2]
2454 0 0 [0,0,2,2,3,3][0,0,3,3,2,2][1,1,0,2,1,2][1,1,0,3,1,3][1,1,2,0,2,1][1,1,3,0,3,1]
2455 0 0 [0,0,2,2,3,3][0,0,3,3,2,2][1,1,0,2,1,2][1,1,0,3,1,3][1,1,2,1,2,0][1,1,3,1,3,0]
2604 0 0 [0,1,1,1,2,2][0,1,1,1,2,2][1,0,2,2,1,1][1,0,2,2,1,1][1,1,2,2,3,3][1,1,2,2,3,3]
2607 0 0 [0,1,1,1,2,2][0,1,1,1,2,2][2,1,1,2,0,1][2,1,1,2,0,1][2,1,1,3,2,3][2,1,1,3,2,3]
2608 0 0 [0,1,1,1,2,2][0,1,1,1,2,2][2,1,1,2,0,1][2,1,1,2,0,1][2,1,1,3,3,2][2,1,1,3,3,2]
2609 0 0 [0,1,1,1,2,2][0,1,1,1,2,2][2,1,1,2,0,1][2,1,1,2,0,1][3,1,1,2,3,2][3,1,1,2,3,2]
869 0 0 [0,0,0,0,1,1][0,0,0,0,1,1][1,1,2,2,3,3][1,1,2,3,2,3][1,1,3,2,2,3][1,1,3,3,3,3]
878 0 0 [0,0,0,0,1,1][0,0,0,0,1,1][1,1,2,3,2,3][1,1,2,3,3,2][1,1,3,3,2,2][1,1,3,3,3,3]
892 0 0 [0,0,0,0,1,1][0,0,0,0,1,1][2,2,3,3,1,1][2,3,2,3,1,1][3,2,2,3,1,1][3,3,3,3,1,1]
2211 0 0 [0,0,2,2,2,2][0,0,2,2,3,3][1,1,1,1,1,1][1,1,1,1,1,1][1,1,2,3,2,3][1,1,2,3,3,2]
2434 0 0 [0,0,2,2,3,3][0,0,2,3,2,3][1,1,1,1,1,1][1,1,1,1,1,1][1,1,2,2,2,2][1,1,2,3,3,2]
176 0 0 [0,0,0,0,0,0][0,0,0,0,0,0][1,1,3,3,3,3][1,1,3,3,3,3][1,1,3,3,3,3][1,1,3,3,3,3]
396 0 0 [0,0,0,0,0,0][0,0,1,1,1,1][2,2,1,1,3,3][2,2,1,1,3,3][3,3,3,3,1,1][3,3,3,3,1,1]
868 0 0 [0,0,0,0,1,1][0,0,0,0,1,1][1,1,2,2,3,3][1,1,2,2,3,3][1,1,3,3,3,3][1,1,3,3,3,3]
876 0 0 [0,0,0,0,1,1][0,0,0,0,1,1][1,1,2,3,2,3][1,1,2,3,2,3][1,1,3,3,3,3][1,1,3,3,3,3]
881 0 0 [0,0,0,0,1,1][0,0,0,0,1,1][1,1,3,3,2,2][1,1,3,3,2,2][1,1,3,3,3,3][1,1,3,3,3,3]
891 0 0 [0,0,0,0,1,1][0,0,0,0,1,1][2,2,3,3,1,1][2,2,3,3,1,1][3,3,3,3,1,1][3,3,3,3,1,1]
1059 0 0 [0,0,0,0,1,1][0,0,1,1,0,0][2,2,1,1,3,3][2,2,1,1,3,3][3,3,3,3,1,1][3,3,3,3,1,1]
1697 0 0 [0,0,0,1,3,3][0,0,0,1,3,3][0,2,2,1,1,1][0,2,2,1,1,1][1,3,3,1,3,3][1,3,3,1,3,3]
1221 0 0 [0,0,0,0,1,1][0,0,3,3,2,2][0,0,3,3,2,2][1,1,1,1,1,1][3,3,1,1,3,3][3,3,1,1,3,3]
1232 0 0 [0,0,0,0,1,1][0,0,3,3,3,3][0,0,3,3,3,3][1,1,1,1,1,1][2,2,1,1,3,3][2,2,1,1,3,3]
1233 0 0 [0,0,0,0,1,1][0,0,3,3,3,3][0,0,3,3,3,3][1,1,1,1,1,1][3,3,0,0,3,3][3,3,0,0,3,3]
1234 0 0 [0,0,0,0,1,1][0,0,3,3,3,3][0,0,3,3,3,3][1,1,1,1,1,1][3,3,1,1,2,2][3,3,1,1,2,2]
2588 0 0 [0,1,1,1,2,2][0,1,1,1,2,2][0,1,2,2,1,1][0,1,2,2,1,1][1,1,3,3,3,3][1,1,3,3,3,3]
2610 0 0 [0,1,1,1,2,2][0,1,1,1,3,3][0,1,2,2,1,1][0,1,3,3,1,1][1,1,2,2,2,2][1,1,3,3,3,3]
2611 0 0 [0,1,1,1,2,2][0,1,1,1,3,3][0,1,2,2,1,1][0,1,3,3,1,1][1,1,2,2,3,3][1,1,3,3,2,2]
1281 0 0 [0,0,0,0,1,1][1,1,1,1,1,1][1,1,3,3,2,2][1,1,3,3,2,2][3,3,1,1,2,2][3,3,1,1,2,2]
2059 0 0 [0,0,1,1,1,1][0,0,3,3,3,3][0,0,3,3,3,3][1,1,0,0,1,1][2,2,1,1,3,3][2,2,1,1,3,3]
1718 0 0 [0,0,0,1,3,3][0,0,0,1,3,3][1,1,2,3,2,3][1,1,2,3,2,3][1,1,3,3,0,1][1,1,3,3,0,1]
1719 0 0 [0,0,0,1,3,3][0,0,0,1,3,3][1,1,2,3,2,3][1,1,2,3,2,3][1,1,3,3,1,0][1,1,3,3,1,0]
1720 0 0 [0,0,0,1,3,3][0,0,0,1,3,3][1,1,3,2,2,3][1,1,3,2,2,3][1,1,3,3,0,1][1,1,3,3,0,1]
1721 0 0 [0,0,0,1,3,3][0,0,0,1,3,3][1,1,3,2,2,3][1,1,3,2,2,3][1,1,3,3,1,0][1,1,3,3,1,0]
1729 0 0 [0,0,0,1,3,3][0,0,0,1,3,3][1,2,2,0,1,1][1,2,2,0,1,1][1,3,3,1,3,3][1,3,3,1,3,3]
1733 0 0 [0,0,0,1,3,3][0,0,0,1,3,3][1,2,2,1,3,3][1,2,2,1,3,3][1,3,3,0,1,1][1,3,3,0,1,1]
1734 0 0 [0,0,0,1,3,3][0,0,0,1,3,3][1,3,3,0,0,0][1,3,3,0,0,0][1,3,3,1,3,3][1,3,3,1,3,3]
1735 0 0 [0,0,0,1,3,3][0,0,0,1,3,3][1,3,3,0,1,1][1,3,3,0,1,1][1,3,3,1,2,2][1,3,3,1,2,2]
1986 0 0 [0,0,1,1,1,1][0,0,1,1,1,1][1,1,2,2,3,3][1,1,2,2,3,3][1,1,2,2,3,3][1,1,2,2,3,3]
1987 0 0 [0,0,1,1,1,1][0,0,1,1,1,1][1,1,2,2,3,3][1,1,2,2,3,3][1,1,2,3,2,3][1,1,2,3,2,3]
2331 0 0 [0,0,2,2,3,3][0,0,2,2,3,3][1,1,0,3,1,3][1,1,0,3,1,3][1,1,3,0,3,1][1,1,3,0,3,1]
1999 0 0 [0,0,1,1,1,1][0,0,1,1,1,1][2,2,0,0,3,3][2,2,3,3,1,1][3,3,1,1,3,3][3,3,3,3,0,0]
2339 0 0 [0,0,2,2,3,3][0,0,2,2,3,3][1,1,1,1,1,1][1,1,1,1,1,1][1,1,2,2,3,3][1,1,2,2,3,3]
2340 0 0 [0,0,2,2,3,3][0,0,2,2,3,3][1,1,1,1,1,1][1,1,1,1,1,1][1,1,2,3,2,3][1,1,2,3,2,3]
2435 0 0 [0,0,2,2,3,3][0,0,2,3,2,3][1,1,1,1,1,1][1,1,1,1,1,1][1,1,2,2,3,3][1,1,2,3,2,3]
2158 0 0 [0,0,2,2,2,2][0,0,2,2,2,2][1,1,1,1,1,1][1,1,1,1,1,1][1,1,3,3,3,3][1,1,3,3,3,3]
2212 0 0 [0,0,2,2,2,2][0,0,2,2,3,3][1,1,1,1,1,1][1,1,1,1,1,1][1,1,3,3,2,2][1,1,3,3,3,3]
2341 0 0 [0,0,2,2,3,3][0,0,2,2,3,3][1,1,1,1,1,1][1,1,1,1,1,1][1,1,3,3,2,2][1,1,3,3,2,2]
2017 0 0 [0,0,1,1,1,1][0,0,1,1,1,1][2,2,1,1,3,3][2,2,3,3,1,1][3,3,0,0,3,3][3,3,3,3,0,0]
2437 0 0 [0,0,2,2,3,3][0,0,2,3,2,3][1,1,1,1,1,1][1,1,1,1,1,1][1,1,3,2,3,2][1,1,3,3,2,2]
2224 0 0 [0,0,2,2,2,2][0,0,3,3,3,3][1,1,1,1,1,1][1,1,1,1,1,1][1,1,2,2,2,2][1,1,3,3,3,3]
2225 0 0 [0,0,2,2,2,2][0,0,3,3,3,3][1,1,1,1,1,1][1,1,1,1,1,1][1,1,2,2,3,3][1,1,3,3,2,2]
2456 0 0 [0,0,2,2,3,3][0,0,3,3,2,2][1,1,1,1,1,1][1,1,1,1,1,1][1,1,2,2,2,2][1,1,3,3,3,3]
2457 0 0 [0,0,2,2,3,3][0,0,3,3,2,2][1,1,1,1,1,1][1,1,1,1,1,1][1,1,2,2,3,3][1,1,3,3,2,2]
2026 0 0 [0,0,1,1,1,1][0,0,1,1,1,1][2,3,1,1,2,3][2,3,1,1,2,3][3,3,1,1,2,2][3,3,1,1,2,2]
2458 0 0 [0,0,2,2,3,3][0,0,3,3,2,2][1,1,1,1,1,1][1,1,1,1,1,1][1,1,2,3,2,3][1,1,3,2,3,2]
2030 0 0 [0,0,1,1,1,1][0,0,1,1,1,1][3,3,1,1,2,2][3,3,1,1,2,2][3,3,1,1,2,2][3,3,1,1,2,2]
2605 0 0 [0,1,1,1,2,2][0,1,1,1,2,2][1,0,2,2,1,1][1,0,2,2,1,1][1,1,3,3,3,3][1,1,3,3,3,3]
2614 0 0 [0,1,1,1,2,2][0,1,1,1,3,3][1,0,2,2,1,1][1,0,3,3,1,1][1,1,2,2,2,2][1,1,3,3,3,3]
2615 0 0 [0,1,1,1,2,2][0,1,1,1,3,3][1,0,2,2,1,1][1,0,3,3,1,1][1,1,2,2,3,3][1,1,3,3,2,2]
2102 0 0 [0,0,1,1,1,1][1,1,0,0,1,1][1,1,3,3,2,2][1,1,3,3,2,2][3,3,1,1,2,2][3,3,1,1,2,2]
2164 0 0 [0,0,2,2,2,2][0,0,2,2,2,2][2,2,0,0,3,3][2,2,0,0,3,3][2,2,2,2,1,1][2,2,2,2,1,1]
2616 0 0 [0,1,1,1,2,2][0,1,1,1,3,3][2,1,1,2,0,1][2,1,1,3,2,3][3,1,1,2,3,2][3,1,1,3,0,1]
2617 0 0 [0,1,1,1,2,2][0,1,1,1,3,3][2,1,1,2,0,1][2,1,1,3,3,2][3,1,1,2,2,3][3,1,1,3,0,1]
2018 0 0 [0,0,1,1,1,1][0,0,1,1,1,1][2,2,1,1,3,3][2,3,1,1,2,3][3,2,1,1,2,3][3,3,1,1,3,3]
2029 0 0 [0,0,1,1,1,1][0,0,1,1,1,1][2,3,1,1,2,3][2,3,1,1,3,2][3,3,1,1,2,2][3,3,1,1,3,3]
401 0 0 [0,0,0,0,0,0][0,0,1,1,1,1][3,3,1,1,3,3][3,3,1,1,3,3][3,3,3,3,1,1][3,3,3,3,1,1]
882 0 0 [0,0,0,0,1,1][0,0,0,0,1,1][1,1,3,3,3,3][1,1,3,3,3,3][1,1,3,3,3,3][1,1,3,3,3,3]
894 0 0 [0,0,0,0,1,1][0,0,0,0,1,1][3,3,3,3,1,1][3,3,3,3,1,1][3,3,3,3,1,1][3,3,3,3,1,1]
1064 0 0 [0,0,0,0,1,1][0,0,1,1,0,0][3,3,1,1,3,3][3,3,1,1,3,3][3,3,3,3,1,1][3,3,3,3,1,1]
1235 0 0 [0,0,0,0,1,1][0,0,3,3,3,3][0,0,3,3,3,3][1,1,1,1,1,1][3,3,1,1,3,3][3,3,1,1,3,3]
1282 0 0 [0,0,0,0,1,1][1,1,1,1,1,1][1,1,3,3,2,2][1,1,3,3,2,2][3,3,1,1,3,3][3,3,1,1,3,3]
1736 0 0 [0,0,0,1,3,3][0,0,0,1,3,3][1,3,3,0,1,1][1,3,3,0,1,1][1,3,3,1,3,3][1,3,3,1,3,3]
2015 0 0 [0,0,1,1,1,1][0,0,1,1,1,1][2,2,1,1,3,3][2,2,1,1,3,3][3,3,1,1,3,3][3,3,1,1,3,3]
2027 0 0 [0,0,1,1,1,1][0,0,1,1,1,1][2,3,1,1,2,3][2,3,1,1,2,3][3,3,1,1,3,3][3,3,1,1,3,3]
2031 0 0 [0,0,1,1,1,1][0,0,1,1,1,1][3,3,1,1,2,2][3,3,1,1,2,2][3,3,1,1,3,3][3,3,1,1,3,3]
2103 0 0 [0,0,1,1,1,1][1,1,0,0,1,1][1,1,3,3,2,2][1,1,3,3,2,2][3,3,1,1,3,3][3,3,1,1,3,3]
2349 0 0 [0,0,2,2,3,3][0,0,2,2,3,3][2,2,0,0,3,3][2,2,0,0,3,3][2,2,2,2,1,1][2,2,2,2,1,1]
2350 0 0 [0,0,2,2,3,3][0,0,2,2,3,3][2,2,0,0,3,3][2,2,0,0,3,3][2,2,3,3,0,0][2,2,3,3,0,0]
2355 0 0 [0,0,2,2,3,3][0,0,2,2,3,3][2,2,1,1,2,2][2,2,1,1,2,2][2,2,2,2,1,1][2,2,2,2,1,1]
2356 0 0 [0,0,2,2,3,3][0,0,2,2,3,3][2,2,1,1,2,2][2,2,1,1,2,2][2,2,3,3,0,0][2,2,3,3,0,0]
2380 0 0 [0,0,2,2,3,3][0,0,2,2,3,3][2,3,0,2,0,3][2,3,0,2,0,3][2,3,2,0,3,0][2,3,2,0,3,0]
2461 0 0 [0,0,2,2,3,3][0,0,3,3,2,2][2,2,0,0,3,3][2,2,3,3,0,0][3,3,0,0,2,2][3,3,2,2,0,0]
2501 0 0 [0,0,2,2,3,3][1,1,1,1,1,1][1,1,1,1,1,1][1,1,3,3,3,3][3,3,2,2,0,0][3,3,3,3,1,1]
2502 0 0 [0,0,2,2,3,3][1,1,1,1,1,1][1,1,1,1,1,1][1,1,3,3,3,3][3,3,2,2,1,1][3,3,3,3,0,0]
2575 0 0 [0,0,3,3,3,3][1,1,1,1,1,1][1,1,1,1,1,1][1,1,2,2,3,3][3,3,2,2,1,1][3,3,3,3,0,0]
2672 0 0 [1,1,1,1,1,1][1,1,1,1,1,1][1,1,2,2,3,3][1,1,2,2,3,3][1,1,2,2,3,3][1,1,2,2,3,3]
2673 0 0 [1,1,1,1,1,1][1,1,1,1,1,1][1,1,2,2,3,3][1,1,2,2,3,3][1,1,2,3,2,3][1,1,2,3,2,3]
1285 0 0 [0,0,0,0,1,1][1,1,1,1,1,1][1,1,3,3,3,3][1,1,3,3,3,3][3,3,1,1,3,3][3,3,1,1,3,3]
2032 0 0 [0,0,1,1,1,1][0,0,1,1,1,1][3,3,1,1,3,3][3,3,1,1,3,3][3,3,1,1,3,3][3,3,1,1,3,3]
2106 0 0 [0,0,1,1,1,1][1,1,0,0,1,1][1,1,3,3,3,3][1,1,3,3,3,3][3,3,1,1,3,3][3,3,1,1,3,3]
2351 0 0 [0,0,2,2,3,3][0,0,2,2,3,3][2,2,0,0,3,3][2,2,0,0,3,3][2,2,3,3,1,1][2,2,3,3,1,1]
2363 0 0 [0,0,2,2,3,3][0,0,2,2,3,3][2,2,1,1,3,3][2,2,1,1,3,3][2,2,2,2,1,1][2,2,2,2,1,1]
2357 0 0 [0,0,2,2,3,3][0,0,2,2,3,3][2,2,1,1,2,2][2,2,1,1,2,2][2,2,3,3,1,1][2,2,3,3,1,1]
2364 0 0 [0,0,2,2,3,3][0,0,2,2,3,3][2,2,1,1,3,3][2,2,1,1,3,3][2,2,3,3,0,0][2,2,3,3,0,0]
2558 0 0 [0,0,3,3,3,3][0,0,3,3,3,3][2,2,1,1,2,2][2,2,1,1,2,2][2,2,2,2,1,1][2,2,2,2,1,1]
2381 0 0 [0,0,2,2,3,3][0,0,2,2,3,3][2,3,0,2,0,3][2,3,0,2,0,3][2,3,2,1,3,1][2,3,2,1,3,1]
2385 0 0 [0,0,2,2,3,3][0,0,2,2,3,3][2,3,0,3,0,2][2,3,0,3,0,2][2,3,2,1,3,1][2,3,2,1,3,1]
2382 0 0 [0,0,2,2,3,3][0,0,2,2,3,3][2,3,0,2,0,3][2,3,0,2,0,3][2,3,3,1,2,1][2,3,3,1,2,1]
2387 0 0 [0,0,2,2,3,3][0,0,2,2,3,3][2,3,0,3,0,2][2,3,0,3,0,2][2,3,3,1,2,1][2,3,3,1,2,1]
2360 0 0 [0,0,2,2,3,3][0,0,2,2,3,3][2,2,1,1,2,2][2,2,1,1,2,2][3,3,3,3,0,0][3,3,3,3,0,0]
2460 0 0 [0,0,2,2,3,3][0,0,3,3,2,2][2,2,0,0,3,3][2,2,2,2,1,1][3,3,0,0,2,2][3,3,3,3,1,1]
2462 0 0 [0,0,2,2,3,3][0,0,3,3,2,2][2,2,0,0,3,3][2,2,3,3,1,1][3,3,0,0,2,2][3,3,2,2,1,1]
2365 0 0 [0,0,2,2,3,3][0,0,2,2,3,3][2,2,1,1,3,3][2,2,1,1,3,3][2,2,3,3,1,1][2,2,3,3,1,1]
2390 0 0 [0,0,2,2,3,3][0,0,2,2,3,3][2,3,1,2,1,3][2,3,1,2,1,3][2,3,2,1,3,1][2,3,2,1,3,1]
2393 0 0 [0,0,2,2,3,3][0,0,2,2,3,3][2,3,1,3,1,2][2,3,1,3,1,2][2,3,3,1,2,1][2,3,3,1,2,1]
2367 0 0 [0,0,2,2,3,3][0,0,2,2,3,3][2,2,1,1,3,3][2,2,1,1,3,3][3,3,2,2,1,1][3,3,2,2,1,1]
2375 0 0 [0,0,2,2,3,3][0,0,2,2,3,3][2,2,3,3,0,0][2,2,3,3,0,0][3,3,1,1,3,3][3,3,1,1,3,3]
2463 0 0 [0,0,2,2,3,3][0,0,3,3,2,2][2,2,1,1,2,2][2,2,2,2,1,1][3,3,1,1,3,3][3,3,3,3,1,1]
2465 0 0 [0,0,2,2,3,3][0,0,3,3,2,2][2,2,1,1,3,3][2,2,3,3,1,1][3,3,1,1,2,2][3,3,2,2,1,1]
2396 0 0 [0,0,2,2,3,3][0,0,2,2,3,3][3,3,1,1,2,2][3,3,1,1,2,2][3,3,2,2,1,1][3,3,2,2,1,1]
2398 0 0 [0,0,2,2,3,3][0,0,2,2,3,3][3,3,1,1,3,3][3,3,1,1,3,3][3,3,2,2,0,0][3,3,2,2,0,0]
2180 0 0 [0,0,2,2,2,2][0,0,2,2,2,2][3,3,1,1,3,3][3,3,1,1,3,3][3,3,3,3,1,1][3,3,3,3,1,1]
2397 0 0 [0,0,2,2,3,3][0,0,2,2,3,3][3,3,1,1,2,2][3,3,1,1,2,2][3,3,3,3,1,1][3,3,3,3,1,1]
2399 0 0 [0,0,2,2,3,3][0,0,2,2,3,3][3,3,1,1,3,3][3,3,1,1,3,3][3,3,2,2,1,1][3,3,2,2,1,1]
2400 0 0 [0,0,2,2,3,3][0,0,2,2,3,3][3,3,1,1,3,3][3,3,1,1,3,3][3,3,3,3,0,0][3,3,3,3,0,0]
2687 0 0 [1,1,2,2,3,3][1,1,2,2,3,3][2,2,1,1,3,3][2,2,1,1,3,3][2,2,3,3,1,1][2,2,3,3,1,1]
2691 0 0 [1,1,2,2,3,3][1,1,2,2,3,3][2,3,1,2,1,3][2,3,1,2,1,3][2,3,2,1,3,1][2,3,2,1,3,1]
2696 0 0 [1,1,2,2,3,3][1,1,3,3,2,2][2,2,1,1,3,3][2,2,3,3,1,1][3,3,1,1,2,2][3,3,2,2,1,1]
2401 0 0 [0,0,2,2,3,3][0,0,2,2,3,3][3,3,1,1,3,3][3,3,1,1,3,3][3,3,3,3,1,1][3,3,3,3,1,1]
