2693 924 781 [1,1,2,2,3,3][1,1,2,2,3,3][2,3,1,3,1,2][2,3,1,3,1,2][2,3,3,1,2,1][2,3,3,1,2,1]
2682 918 775 [1,1,2,2,2,2][1,1,2,2,2,2][2,2,1,1,3,3][2,2,1,1,3,3][3,3,3,3,1,1][3,3,3,3,1,1]
2235 829 697 [0,0,2,2,2,2][1,1,1,1,1,1][1,1,1,1,1,1][1,1,2,2,3,3][2,2,0,0,2,2][2,2,1,1,3,3]
2236 830 698 [0,0,2,2,2,2][1,1,1,1,1,1][1,1,1,1,1,1][1,1,2,2,3,3][2,2,0,0,3,3][2,2,1,1,2,2]
2496 886 744 [0,0,2,2,3,3][1,1,1,1,1,1][1,1,1,1,1,1][1,1,2,2,2,2][2,2,0,0,3,3][2,2,1,1,2,2]
2500 890 748 [0,0,2,2,3,3][1,1,1,1,1,1][1,1,1,1,1,1][1,1,3,3,3,3][2,2,2,2,1,1][2,2,3,3,0,0]
2573 893 751 [0,0,3,3,3,3][1,1,1,1,1,1][1,1,1,1,1,1][1,1,2,2,3,3][2,2,2,2,0,0][2,2,3,3,1,1]
2095 749 633 [0,0,1,1,1,1][1,1,0,0,1,1][1,1,2,2,2,2][1,1,2,2,2,2][2,2,1,1,2,2][2,2,1,1,2,2]
2096 750 634 [0,0,1,1,1,1][1,1,0,0,1,1][1,1,2,2,2,2][1,1,2,2,2,2][2,2,1,1,3,3][2,2,1,1,3,3]
2097 751 635 [0,0,1,1,1,1][1,1,0,0,1,1][1,1,2,2,3,3][1,1,2,2,3,3][2,2,1,1,3,3][2,2,1,1,3,3]
2099 753 637 [0,0,1,1,1,1][1,1,0,0,1,1][1,1,2,3,2,3][1,1,2,3,2,3][2,3,1,1,3,2][2,3,1,1,3,2]
2104 756 640 [0,0,1,1,1,1][1,1,0,0,1,1][1,1,3,3,3,3][1,1,3,3,3,3][2,2,1,1,2,2][2,2,1,1,2,2]
2625 904 761 [0,1,1,1,3,3][0,1,1,1,3,3][0,1,2,2,1,1][0,1,2,2,1,1][1,1,0,0,1,1][1,1,1,1,0,0]
2091 746 630 [0,0,1,1,1,1][1,1,0,0,1,1][1,1,1,1,1,1][1,1,1,1,1,1][2,2,2,2,1,1][2,2,2,2,1,1]
1274 569 478 [0,0,0,0,1,1][1,1,1,1,1,1][1,1,2,2,2,2][1,1,2,2,2,2][2,2,1,1,2,2][2,2,1,1,2,2]
1275 570 479 [0,0,0,0,1,1][1,1,1,1,1,1][1,1,2,2,2,2][1,1,2,2,2,2][2,2,1,1,3,3][2,2,1,1,3,3]
1276 571 480 [0,0,0,0,1,1][1,1,1,1,1,1][1,1,2,2,3,3][1,1,2,2,3,3][2,2,1,1,3,3][2,2,1,1,3,3]
1278 573 482 [0,0,0,0,1,1][1,1,1,1,1,1][1,1,2,3,2,3][1,1,2,3,2,3][2,3,1,1,3,2][2,3,1,1,3,2]
1283 576 485 [0,0,0,0,1,1][1,1,1,1,1,1][1,1,3,3,3,3][1,1,3,3,3,3][2,2,1,1,2,2][2,2,1,1,2,2]
1271 567 476 [0,0,0,0,1,1][1,1,1,1,1,1][1,1,1,1,1,1][1,1,1,1,1,1][2,2,2,2,1,1][2,2,2,2,1,1]
2310 839 706 [0,0,2,2,3,3][0,0,2,2,3,3][1,1,0,0,0,0][1,1,1,1,1,1][1,1,1,1,1,1][1,1,1,1,1,1]
2002 723 610 [0,0,1,1,1,1][0,0,1,1,1,1][2,2,1,1,2,2][2,2,1,1,2,2][2,2,1,1,2,2][2,2,1,1,2,2]
2003 724 611 [0,0,1,1,1,1][0,0,1,1,1,1][2,2,1,1,2,2][2,2,1,1,2,2][2,2,1,1,3,3][2,2,1,1,3,3]
2012 732 619 [0,0,1,1,1,1][0,0,1,1,1,1][2,2,1,1,3,3][2,2,1,1,3,3][2,2,1,1,3,3][2,2,1,1,3,3]
1053 469 393 [0,0,0,0,1,1][0,0,1,1,0,0][2,2,1,1,2,2][2,2,1,1,2,2][2,2,2,2,1,1][2,2,2,2,1,1]
390 210 191 [0,0,0,0,0,0][0,0,1,1,1,1][2,2,1,1,2,2][2,2,1,1,2,2][2,2,2,2,1,1][2,2,2,2,1,1]
1057 473 397 [0,0,0,0,1,1][0,0,1,1,0,0][2,2,1,1,3,3][2,2,1,1,3,3][2,2,3,3,1,1][2,2,3,3,1,1]
394 214 195 [0,0,0,0,0,0][0,0,1,1,1,1][2,2,1,1,3,3][2,2,1,1,3,3][2,2,3,3,1,1][2,2,3,3,1,1]
883 426 364 [0,0,0,0,1,1][0,0,0,0,1,1][2,2,2,2,1,1][2,2,2,2,1,1][2,2,2,2,1,1][2,2,2,2,1,1]
2007 728 615 [0,0,1,1,1,1][0,0,1,1,1,1][2,2,1,1,2,2][2,2,1,1,3,3][2,3,1,1,2,3][2,3,1,1,3,2]
2004 725 612 [0,0,1,1,1,1][0,0,1,1,1,1][2,2,1,1,2,2][2,2,1,1,2,2][2,3,1,1,2,3][2,3,1,1,2,3]
2013 733 620 [0,0,1,1,1,1][0,0,1,1,1,1][2,2,1,1,3,3][2,2,1,1,3,3][2,3,1,1,2,3][2,3,1,1,2,3]
2394 865 730 [0,0,2,2,3,3][0,0,2,2,3,3][2,3,1,3,1,2][2,3,1,3,1,2][3,2,2,1,3,1][3,2,2,1,3,1]
2386 861 726 [0,0,2,2,3,3][0,0,2,2,3,3][2,3,0,3,0,2][2,3,0,3,0,2][2,3,3,0,2,0][2,3,3,0,2,0]
2245 831 699 [0,0,2,2,3,3][0,0,2,2,3,3][0,0,2,3,2,3][0,0,2,3,2,3][1,1,1,0,0,1][1,1,1,0,0,1]
719 355 296 [0,0,0,0,1,1][0,0,0,0,1,1][0,0,2,3,2,3][1,1,3,2,2,3][2,3,2,3,0,0][2,3,3,2,1,1]
419 234 215 [0,0,0,0,0,0][0,0,2,2,3,3][0,0,2,2,3,3][1,1,0,1,0,1][2,3,3,1,2,1][2,3,3,1,2,1]
2010 730 617 [0,0,1,1,1,1][0,0,1,1,1,1][2,2,1,1,2,2][2,3,1,1,2,3][3,2,1,1,2,3][3,3,1,1,2,2]
886 429 367 [0,0,0,0,1,1][0,0,0,0,1,1][2,2,2,2,1,1][2,2,3,3,1,1][2,3,2,3,1,1][2,3,3,2,1,1]
2233 827 695 [0,0,2,2,2,2][0,0,3,3,3,3][2,2,1,1,3,3][2,2,2,2,1,1][3,3,1,1,2,2][3,3,3,3,1,1]
2167 786 665 [0,0,2,2,2,2][0,0,2,2,2,2][2,2,0,0,3,3][2,2,0,0,3,3][3,3,3,3,0,0][3,3,3,3,0,0]
2168 787 666 [0,0,2,2,2,2][0,0,2,2,2,2][2,2,0,0,3,3][2,2,0,0,3,3][3,3,3,3,1,1][3,3,3,3,1,1]
1993 715 602 [0,0,1,1,1,1][0,0,1,1,1,1][2,2,0,0,2,2][2,2,2,2,0,0][3,3,1,1,2,2][3,3,2,2,1,1]
1998 720 607 [0,0,1,1,1,1][0,0,1,1,1,1][2,2,0,0,3,3][2,2,3,3,0,0][3,3,1,1,3,3][3,3,3,3,1,1]
2005 726 613 [0,0,1,1,1,1][0,0,1,1,1,1][2,2,1,1,2,2][2,2,1,1,2,2][3,3,1,1,2,2][3,3,1,1,2,2]
1994 716 603 [0,0,1,1,1,1][0,0,1,1,1,1][2,2,0,0,2,2][2,2,2,2,1,1][3,3,1,1,2,2][3,3,2,2,0,0]
2221 817 0 [0,0,2,2,2,2][0,0,3,3,3,3][1,1,0,0,1,1][1,1,0,0,1,1][1,1,2,2,2,2][1,1,3,3,3,3]
2116 764 648 [0,0,2,2,2,2][0,0,2,2,2,2][0,0,3,3,3,3][0,0,3,3,3,3][1,1,0,0,1,1][1,1,0,0,1,1]
1054 470 394 [0,0,0,0,1,1][0,0,1,1,0,0][2,2,1,1,2,2][2,2,1,1,2,2][3,3,2,2,1,1][3,3,2,2,1,1]
391 211 192 [0,0,0,0,0,0][0,0,1,1,1,1][2,2,1,1,2,2][2,2,1,1,2,2][3,3,2,2,1,1][3,3,2,2,1,1]
1222 546 460 [0,0,0,0,1,1][0,0,3,3,3,3][0,0,3,3,3,3][1,1,0,0,0,0][2,2,2,2,0,0][2,2,2,2,0,0]
425 235 216 [0,0,0,0,0,0][0,0,3,3,3,3][0,0,3,3,3,3][1,1,0,0,1,1][2,2,2,2,0,0][2,2,2,2,0,0]
884 427 365 [0,0,0,0,1,1][0,0,0,0,1,1][2,2,2,2,1,1][2,2,2,2,1,1][2,2,3,3,1,1][2,2,3,3,1,1]
2220 816 686 [0,0,2,2,2,2][0,0,3,3,3,3][1,1,0,0,0,0][1,1,0,0,0,0][1,1,2,2,3,3][1,1,3,3,2,2]
2185 802 681 [0,0,2,2,2,2][0,0,2,2,3,3][0,0,3,3,2,2][0,0,3,3,3,3][1,1,0,0,0,0][1,1,0,0,0,0]
2219 815 685 [0,0,2,2,2,2][0,0,3,3,3,3][1,1,0,0,0,0][1,1,0,0,0,0][1,1,2,2,2,2][1,1,3,3,3,3]
2115 763 647 [0,0,2,2,2,2][0,0,2,2,2,2][0,0,3,3,3,3][0,0,3,3,3,3][1,1,0,0,0,0][1,1,0,0,0,0]
1202 537 451 [0,0,0,0,1,1][0,0,2,3,2,3][0,0,2,3,2,3][1,1,0,0,0,0][2,3,2,3,1,1][2,3,2,3,1,1]
1201 536 450 [0,0,0,0,1,1][0,0,2,3,2,3][0,0,2,3,2,3][1,1,0,0,0,0][2,3,2,3,0,0][2,3,2,3,0,0]
417 232 213 [0,0,0,0,0,0][0,0,2,2,3,3][0,0,2,2,3,3][1,1,0,1,0,1][2,3,2,1,3,1][2,3,2,1,3,1]
416 231 212 [0,0,0,0,0,0][0,0,2,2,3,3][0,0,2,2,3,3][1,1,0,1,0,1][2,3,2,0,3,0][2,3,2,0,3,0]
1556 670 560 [0,0,0,1,2,2][0,1,1,1,3,3][1,1,1,1,1,1][1,1,1,1,1,1][1,2,2,1,2,2][1,2,2,1,3,3]
1554 668 558 [0,0,0,1,2,2][0,1,1,1,3,3][1,1,1,1,0,0][1,1,1,1,0,0][1,2,2,1,2,2][1,2,2,1,3,3]
1512 653 547 [0,0,0,1,2,2][0,0,1,0,2,2][1,1,1,1,1,1][1,1,1,1,1,1][1,1,2,2,0,1][1,1,2,2,1,0]
1797 683 573 [0,0,0,1,3,3][0,1,1,1,3,3][1,1,1,1,1,1][1,1,1,1,1,1][1,2,2,0,0,0][1,2,2,0,1,1]
1543 662 552 [0,0,0,1,2,2][0,0,1,1,1,1][0,0,1,1,1,1][1,1,0,1,2,2][3,3,1,0,0,0][3,3,1,0,1,1]
1557 671 561 [0,0,0,1,2,2][0,1,1,1,3,3][1,1,1,1,1,1][1,1,1,1,1,1][1,3,3,1,2,2][1,3,3,1,3,3]
1555 669 559 [0,0,0,1,2,2][0,1,1,1,3,3][1,1,1,1,0,0][1,1,1,1,0,0][1,3,3,1,2,2][1,3,3,1,3,3]
1250 555 0 [0,0,0,0,1,1][0,1,1,1,0,1][1,0,1,1,0,1][1,1,1,1,1,1][1,1,2,2,1,0][1,1,2,2,1,0]
1550 664 554 [0,0,0,1,2,2][0,1,1,1,2,2][1,0,1,1,2,2][1,1,0,1,2,2][1,1,1,1,1,1][1,1,1,1,1,1]
1549 663 553 [0,0,0,1,2,2][0,1,1,1,2,2][1,0,1,1,2,2][1,1,0,1,2,2][1,1,1,1,0,0][1,1,1,1,0,0]
1552 666 556 [0,0,0,1,2,2][0,1,1,1,2,2][1,0,1,1,3,3][1,1,0,1,3,3][1,1,1,1,1,1][1,1,1,1,1,1]
1551 665 555 [0,0,0,1,2,2][0,1,1,1,2,2][1,0,1,1,3,3][1,1,0,1,3,3][1,1,1,1,0,0][1,1,1,1,0,0]
1448 632 530 [0,0,0,1,2,2][0,0,0,1,2,2][1,2,2,0,1,1][1,2,2,0,1,1][1,2,2,1,2,2][1,2,2,1,2,2]
1437 621 519 [0,0,0,1,2,2][0,0,0,1,2,2][1,1,2,2,0,1][1,1,2,2,0,1][1,1,2,3,2,3][1,1,2,3,2,3]
1445 629 527 [0,0,0,1,2,2][0,0,0,1,2,2][1,2,2,0,0,0][1,2,2,0,0,0][1,2,2,1,2,2][1,2,2,1,2,2]
1723 677 567 [0,0,0,1,3,3][0,0,0,1,3,3][1,2,2,0,0,0][1,2,2,0,0,0][1,2,2,1,3,3][1,2,2,1,3,3]
1440 624 522 [0,0,0,1,2,2][0,0,0,1,2,2][1,1,2,2,0,1][1,1,2,2,0,1][1,1,3,2,3,2][1,1,3,2,3,2]
1446 630 528 [0,0,0,1,2,2][0,0,0,1,2,2][1,2,2,0,0,0][1,2,2,0,0,0][1,2,2,1,3,3][1,2,2,1,3,3]
1451 635 533 [0,0,0,1,2,2][0,0,0,1,2,2][1,2,2,0,1,1][1,2,2,0,1,1][1,3,3,1,3,3][1,3,3,1,3,3]
1447 631 529 [0,0,0,1,2,2][0,0,0,1,2,2][1,2,2,0,0,0][1,2,2,0,0,0][1,3,3,1,3,3][1,3,3,1,3,3]
1491 645 543 [0,0,0,1,2,2][0,0,0,1,3,3][1,2,2,0,0,0][1,2,2,1,3,3][1,3,3,0,0,0][1,3,3,1,2,2]
1452 636 534 [0,0,0,1,2,2][0,0,0,1,2,2][1,2,2,1,2,2][1,2,2,1,2,2][1,3,3,0,1,1][1,3,3,0,1,1]
1453 637 535 [0,0,0,1,2,2][0,0,0,1,2,2][1,2,2,1,3,3][1,2,2,1,3,3][1,3,3,0,1,1][1,3,3,0,1,1]
1454 638 536 [0,0,0,1,2,2][0,0,0,1,2,2][1,3,3,0,1,1][1,3,3,0,1,1][1,3,3,1,2,2][1,3,3,1,2,2]
1455 639 537 [0,0,0,1,2,2][0,0,0,1,2,2][1,3,3,0,1,1][1,3,3,0,1,1][1,3,3,1,3,3][1,3,3,1,3,3]
1966 700 588 [0,0,1,1,1,1][0,0,1,1,1,1][1,1,0,0,1,1][1,1,1,1,0,0][1,1,2,2,2,2][1,1,2,2,2,2]
1512 653 547 [0,0,0,1,2,2][0,0,1,0,2,2][1,1,1,1,1,1][1,1,1,1,1,1][1,1,2,2,0,1][1,1,2,2,1,0]
1531 661 551 [0,0,0,1,2,2][0,0,1,0,3,3][1,1,1,1,1,1][1,1,1,1,1,1][1,1,2,3,2,3][1,1,2,3,3,2]
1530 660 550 [0,0,0,1,2,2][0,0,1,0,3,3][1,1,1,1,0,0][1,1,1,1,0,0][1,1,2,3,2,3][1,1,2,3,3,2]
1174 511 425 [0,0,0,0,1,1][0,0,1,1,1,1][1,1,1,1,1,1][1,1,1,1,1,1][1,1,2,2,0,1][1,1,2,2,0,1]
1049 466 390 [0,0,0,0,1,1][0,0,1,1,0,0][1,1,1,1,1,1][1,1,1,1,1,1][1,1,2,2,2,2][1,1,2,2,2,2]
387 208 189 [0,0,0,0,0,0][0,0,1,1,1,1][1,1,1,1,1,1][1,1,1,1,1,1][1,1,2,2,2,2][1,1,2,2,2,2]
1513 654 548 [0,0,0,1,2,2][0,0,1,0,2,2][1,1,1,1,1,1][1,1,1,1,1,1][1,1,3,3,0,1][1,1,3,3,1,0]
1433 617 515 [0,0,0,1,2,2][0,0,0,1,2,2][1,1,1,0,2,2][1,1,1,0,2,2][1,1,1,1,1,1][1,1,1,1,1,1]
1432 616 514 [0,0,0,1,2,2][0,0,0,1,2,2][1,1,1,0,2,2][1,1,1,0,2,2][1,1,1,1,0,0][1,1,1,1,0,0]
1435 619 517 [0,0,0,1,2,2][0,0,0,1,2,2][1,1,1,0,3,3][1,1,1,0,3,3][1,1,1,1,1,1][1,1,1,1,1,1]
1434 618 516 [0,0,0,1,2,2][0,0,0,1,2,2][1,1,1,0,3,3][1,1,1,0,3,3][1,1,1,1,0,0][1,1,1,1,0,0]
1255 559 468 [0,0,0,0,1,1][0,1,1,1,3,3][0,1,1,1,3,3][1,0,0,1,0,0][2,1,1,2,0,1][2,1,1,2,0,1]
437 239 220 [0,0,0,0,0,0][0,1,1,1,3,3][0,1,1,1,3,3][1,0,0,1,1,1][2,1,1,2,0,1][2,1,1,2,0,1]
1437 621 519 [0,0,0,1,2,2][0,0,0,1,2,2][1,1,2,2,0,1][1,1,2,2,0,1][1,1,2,3,2,3][1,1,2,3,2,3]
1438 622 520 [0,0,0,1,2,2][0,0,0,1,2,2][1,1,2,2,0,1][1,1,2,2,0,1][1,1,2,3,3,2][1,1,2,3,3,2]
856 408 349 [0,0,0,0,1,1][0,0,0,0,1,1][1,1,2,2,2,2][1,1,2,2,2,2][1,1,2,2,2,2][1,1,2,2,2,2]
857 409 350 [0,0,0,0,1,1][0,0,0,0,1,1][1,1,2,2,2,2][1,1,2,2,2,2][1,1,2,2,3,3][1,1,2,2,3,3]
865 417 356 [0,0,0,0,1,1][0,0,0,0,1,1][1,1,2,2,3,3][1,1,2,2,3,3][1,1,2,2,3,3][1,1,2,2,3,3]
851 403 344 [0,0,0,0,1,1][0,0,0,0,1,1][1,1,2,2,0,1][1,1,2,2,0,1][1,1,2,2,1,0][1,1,2,2,1,0]
165 103 100 [0,0,0,0,0,0][0,0,0,0,0,0][1,1,2,2,2,2][1,1,2,2,2,2][1,1,2,2,2,2][1,1,2,2,2,2]
1438 622 520 [0,0,0,1,2,2][0,0,0,1,2,2][1,1,2,2,0,1][1,1,2,2,0,1][1,1,2,3,3,2][1,1,2,3,3,2]
1440 624 522 [0,0,0,1,2,2][0,0,0,1,2,2][1,1,2,2,0,1][1,1,2,2,0,1][1,1,3,2,3,2][1,1,3,2,3,2]
1441 625 523 [0,0,0,1,2,2][0,0,0,1,2,2][1,1,2,3,2,3][1,1,2,3,2,3][1,1,3,3,0,1][1,1,3,3,0,1]
1442 626 524 [0,0,0,1,2,2][0,0,0,1,2,2][1,1,2,3,2,3][1,1,2,3,2,3][1,1,3,3,1,0][1,1,3,3,1,0]
861 413 353 [0,0,0,0,1,1][0,0,0,0,1,1][1,1,2,2,2,2][1,1,2,2,3,3][1,1,2,3,2,3][1,1,2,3,3,2]
858 410 0 [0,0,0,0,1,1][0,0,0,0,1,1][1,1,2,2,2,2][1,1,2,2,2,2][1,1,2,3,2,3][1,1,2,3,2,3]
866 418 0 [0,0,0,0,1,1][0,0,0,0,1,1][1,1,2,2,3,3][1,1,2,2,3,3][1,1,2,3,2,3][1,1,2,3,2,3]
863 415 355 [0,0,0,0,1,1][0,0,0,0,1,1][1,1,2,2,2,2][1,1,2,3,2,3][1,1,3,2,2,3][1,1,3,3,2,2]
168 106 103 [0,0,0,0,0,0][0,0,0,0,0,0][1,1,2,2,2,2][1,1,2,2,3,3][1,1,2,3,2,3][1,1,2,3,3,2]
859 411 351 [0,0,0,0,1,1][0,0,0,0,1,1][1,1,2,2,2,2][1,1,2,2,2,2][1,1,3,3,2,2][1,1,3,3,2,2]
166 104 101 [0,0,0,0,0,0][0,0,0,0,0,0][1,1,2,2,2,2][1,1,2,2,2,2][1,1,2,2,3,3][1,1,2,2,3,3]
1443 627 525 [0,0,0,1,2,2][0,0,0,1,2,2][1,1,3,2,2,3][1,1,3,2,2,3][1,1,3,3,0,1][1,1,3,3,0,1]
1444 628 526 [0,0,0,1,2,2][0,0,0,1,2,2][1,1,3,2,2,3][1,1,3,2,2,3][1,1,3,3,1,0][1,1,3,3,1,0]
1436 620 518 [0,0,0,1,2,2][0,0,0,1,2,2][1,1,1,1,0,0][1,1,1,1,1,1][1,1,1,1,1,1][1,1,1,1,1,1]
1433 617 515 [0,0,0,1,2,2][0,0,0,1,2,2][1,1,1,0,2,2][1,1,1,0,2,2][1,1,1,1,1,1][1,1,1,1,1,1]
1432 616 514 [0,0,0,1,2,2][0,0,0,1,2,2][1,1,1,0,2,2][1,1,1,0,2,2][1,1,1,1,0,0][1,1,1,1,0,0]
1435 619 517 [0,0,0,1,2,2][0,0,0,1,2,2][1,1,1,0,3,3][1,1,1,0,3,3][1,1,1,1,1,1][1,1,1,1,1,1]
1434 618 516 [0,0,0,1,2,2][0,0,0,1,2,2][1,1,1,0,3,3][1,1,1,0,3,3][1,1,1,1,0,0][1,1,1,1,0,0]
1263 564 473 [0,0,0,0,1,1][0,1,2,2,1,1][0,1,2,2,1,1][1,1,1,1,1,1][2,2,0,1,1,1][2,2,0,1,1,1]
1269 566 475 [0,0,0,0,1,1][0,1,3,3,1,1][0,1,3,3,1,1][1,1,1,1,1,1][2,2,0,1,1,1][2,2,0,1,1,1]
1635 674 564 [0,0,0,1,3,3][0,0,0,1,3,3][0,0,2,2,0,1][0,0,2,2,0,1][1,1,0,0,0,0][1,1,1,1,1,1]
1409 611 509 [0,0,0,1,2,2][0,0,0,1,2,2][0,1,1,0,1,1][1,1,1,1,1,1][2,1,1,3,2,3][2,1,1,3,2,3]
931 438 0 [0,0,0,0,1,1][0,0,0,1,0,1][0,1,1,1,1,0][1,1,1,1,1,1][2,1,1,2,2,2][2,1,1,2,2,2]
932 439 0 [0,0,0,0,1,1][0,0,0,1,0,1][0,1,1,1,1,0][1,1,1,1,1,1][2,1,1,2,3,3][2,1,1,2,3,3]
932 439 0 [0,0,0,0,1,1][0,0,0,1,0,1][0,1,1,1,1,0][1,1,1,1,1,1][2,1,1,2,3,3][2,1,1,2,3,3]
1134 496 412 [0,0,0,0,1,1][0,0,1,1,1,1][0,1,0,1,1,1][1,0,0,1,1,1][2,2,2,2,1,1][2,2,2,2,1,1]
1133 495 411 [0,0,0,0,1,1][0,0,1,1,1,1][0,1,0,1,1,1][1,0,0,1,1,1][2,2,2,2,0,0][2,2,2,2,0,0]
830 395 336 [0,0,0,0,1,1][0,0,0,0,1,1][0,1,2,2,1,1][1,0,2,2,1,1][2,2,0,1,1,1][2,2,1,0,1,1]
599 302 269 [0,0,0,0,1,1][0,0,0,0,1,1][0,0,2,2,0,1][1,1,2,2,0,1][2,2,0,0,1,0][2,2,1,1,1,0]
849 402 343 [0,0,0,0,1,1][0,0,0,0,1,1][0,1,3,3,1,1][1,0,3,3,1,1][2,2,0,1,1,1][2,2,1,0,1,1]
274 153 144 [0,0,0,0,0,0][0,0,0,0,1,1][0,1,1,1,0,1][1,0,1,1,0,1][2,2,1,1,2,2][2,2,1,1,2,2]
157 99 96 [0,0,0,0,0,0][0,0,0,0,0,0][0,1,1,1,2,2][1,0,1,1,2,2][2,2,1,1,0,1][2,2,1,1,1,0]
163 102 99 [0,0,0,0,0,0][0,0,0,0,0,0][0,1,1,1,3,3][1,0,1,1,3,3][2,2,1,1,0,1][2,2,1,1,1,0]
832 397 338 [0,0,0,0,1,1][0,0,0,0,1,1][0,1,2,2,1,1][1,0,3,3,1,1][2,3,2,3,1,1][2,3,3,2,1,1]
831 396 337 [0,0,0,0,1,1][0,0,0,0,1,1][0,1,2,2,1,1][1,0,3,3,1,1][2,3,2,3,0,0][2,3,3,2,0,0]
814 386 327 [0,0,0,0,1,1][0,0,0,0,1,1][0,1,2,2,0,0][1,0,3,3,0,0][2,3,2,3,1,1][2,3,3,2,1,1]
794 371 312 [0,0,0,0,1,1][0,0,0,0,1,1][0,1,1,1,2,2][1,0,1,1,3,3][2,3,1,1,2,3][2,3,1,1,3,2]
158 100 97 [0,0,0,0,0,0][0,0,0,0,0,0][0,1,1,1,2,2][1,0,1,1,3,3][2,3,1,1,2,3][2,3,1,1,3,2]
1184 520 434 [0,0,0,0,1,1][0,0,2,2,2,2][0,0,2,2,2,2][1,1,1,1,1,1][2,2,1,1,2,2][2,2,1,1,2,2]
1185 521 435 [0,0,0,0,1,1][0,0,2,2,2,2][0,0,2,2,2,2][1,1,1,1,1,1][2,2,1,1,3,3][2,2,1,1,3,3]
1197 532 446 [0,0,0,0,1,1][0,0,2,2,3,3][0,0,2,2,3,3][1,1,1,1,1,1][2,2,1,1,2,2][2,2,1,1,2,2]
1198 533 447 [0,0,0,0,1,1][0,0,2,2,3,3][0,0,2,2,3,3][1,1,1,1,1,1][2,2,1,1,3,3][2,2,1,1,3,3]
1182 518 432 [0,0,0,0,1,1][0,0,2,2,2,2][0,0,2,2,2,2][1,1,1,1,1,1][2,2,0,0,2,2][2,2,0,0,2,2]
1183 519 433 [0,0,0,0,1,1][0,0,2,2,2,2][0,0,2,2,2,2][1,1,1,1,1,1][2,2,0,0,3,3][2,2,0,0,3,3]
1196 531 445 [0,0,0,0,1,1][0,0,2,2,3,3][0,0,2,2,3,3][1,1,1,1,1,1][2,2,0,0,3,3][2,2,0,0,3,3]
1206 541 455 [0,0,0,0,1,1][0,0,2,3,2,3][0,0,2,3,2,3][1,1,1,1,1,1][2,3,0,0,3,2][2,3,0,0,3,2]
1229 547 461 [0,0,0,0,1,1][0,0,3,3,3,3][0,0,3,3,3,3][1,1,1,1,1,1][2,2,0,0,2,2][2,2,0,0,2,2]
1605 672 562 [0,0,0,1,3,3][0,0,0,1,3,3][0,0,1,1,0,0][1,1,1,1,1,1][2,2,1,0,0,0][2,2,1,0,0,0]
1079 482 406 [0,0,0,0,1,1][0,0,1,1,1,1][0,0,1,1,1,1][1,1,1,1,1,1][2,2,2,2,1,1][2,2,2,2,1,1]
1078 481 405 [0,0,0,0,1,1][0,0,1,1,1,1][0,0,1,1,1,1][1,1,1,1,1,1][2,2,2,2,0,0][2,2,2,2,0,0]
1081 484 408 [0,0,0,0,1,1][0,0,1,1,1,1][0,0,1,1,1,1][1,1,1,1,1,1][2,2,3,3,1,1][2,2,3,3,1,1]
1080 483 407 [0,0,0,0,1,1][0,0,1,1,1,1][0,0,1,1,1,1][1,1,1,1,1,1][2,2,3,3,0,0][2,2,3,3,0,0]
1076 480 404 [0,0,0,0,1,1][0,0,1,1,1,1][0,0,1,1,1,1][1,1,0,0,1,1][2,2,1,1,0,1][2,2,1,1,0,1]
355 190 173 [0,0,0,0,0,0][0,0,1,1,1,1][0,0,1,1,1,1][1,1,0,0,1,1][2,2,1,1,2,2][2,2,1,1,2,2]
356 191 174 [0,0,0,0,0,0][0,0,1,1,1,1][0,0,1,1,1,1][1,1,0,0,1,1][2,2,1,1,3,3][2,2,1,1,3,3]
636 324 276 [0,0,0,0,1,1][0,0,0,0,1,1][0,0,2,2,2,2][1,1,2,2,3,3][2,2,0,0,2,2][2,2,1,1,3,3]
637 325 277 [0,0,0,0,1,1][0,0,0,0,1,1][0,0,2,2,2,2][1,1,2,2,3,3][2,2,0,0,3,3][2,2,1,1,2,2]
668 339 285 [0,0,0,0,1,1][0,0,0,0,1,1][0,0,2,2,3,3][1,1,2,2,2,2][2,2,0,0,3,3][2,2,1,1,2,2]
599 302 269 [0,0,0,0,1,1][0,0,0,0,1,1][0,0,2,2,0,1][1,1,2,2,0,1][2,2,0,0,1,0][2,2,1,1,1,0]
669 340 286 [0,0,0,0,1,1][0,0,0,0,1,1][0,0,2,2,3,3][1,1,3,3,3,3][2,2,2,2,0,0][2,2,3,3,1,1]
670 341 287 [0,0,0,0,1,1][0,0,0,0,1,1][0,0,2,2,3,3][1,1,3,3,3,3][2,2,2,2,1,1][2,2,3,3,0,0]
600 303 270 [0,0,0,0,1,1][0,0,0,0,1,1][0,0,2,2,0,1][1,1,3,3,0,1][2,2,2,2,1,1][2,2,3,3,1,1]
105 68 66 [0,0,0,0,0,0][0,0,0,0,0,0][0,0,2,2,2,2][1,1,2,2,3,3][2,2,0,0,2,2][2,2,1,1,3,3]
106 69 67 [0,0,0,0,0,0][0,0,0,0,0,0][0,0,2,2,2,2][1,1,2,2,3,3][2,2,0,0,3,3][2,2,1,1,2,2]
135 87 84 [0,0,0,0,0,0][0,0,0,0,0,0][0,0,2,2,3,3][1,1,2,2,2,2][2,2,0,0,3,3][2,2,1,1,2,2]
761 359 300 [0,0,0,0,1,1][0,0,0,0,1,1][0,0,3,3,2,2][1,1,3,3,3,3][2,2,0,0,3,3][2,2,1,1,2,2]
777 360 301 [0,0,0,0,1,1][0,0,0,0,1,1][0,0,3,3,3,3][1,1,3,3,2,2][2,2,0,0,2,2][2,2,1,1,3,3]
739 357 298 [0,0,0,0,1,1][0,0,0,0,1,1][0,0,3,3,0,1][1,1,3,3,0,1][2,2,0,0,1,0][2,2,1,1,1,0]
139 91 88 [0,0,0,0,0,0][0,0,0,0,0,0][0,0,2,2,3,3][1,1,3,3,3,3][2,2,2,2,1,1][2,2,3,3,0,0]
148 92 89 [0,0,0,0,0,0][0,0,0,0,0,0][0,0,3,3,3,3][1,1,2,2,3,3][2,2,2,2,0,0][2,2,3,3,1,1]
909 437 0 [0,0,0,0,1,1][0,0,0,1,0,1][0,0,1,1,1,1][1,1,1,0,0,1][2,2,1,1,1,0][2,2,1,1,1,0]
907 436 0 [0,0,0,0,1,1][0,0,0,1,0,1][0,0,1,0,0,1][1,1,1,1,1,1][2,2,1,1,1,0][2,2,1,1,1,0]
573 283 260 [0,0,0,0,1,1][0,0,0,0,1,1][0,0,1,1,1,1][1,1,1,1,1,1][2,2,1,1,0,1][2,2,1,1,0,1]
555 271 248 [0,0,0,0,1,1][0,0,0,0,1,1][0,0,1,1,0,0][1,1,1,1,1,1][2,2,1,1,2,2][2,2,1,1,2,2]
556 272 249 [0,0,0,0,1,1][0,0,0,0,1,1][0,0,1,1,0,0][1,1,1,1,1,1][2,2,1,1,3,3][2,2,1,1,3,3]
233 133 127 [0,0,0,0,0,0][0,0,0,0,1,1][0,0,1,1,1,1][1,1,1,1,1,1][2,2,1,1,2,2][2,2,1,1,2,2]
234 134 128 [0,0,0,0,0,0][0,0,0,0,1,1][0,0,1,1,1,1][1,1,1,1,1,1][2,2,1,1,3,3][2,2,1,1,3,3]
561 275 252 [0,0,0,0,1,1][0,0,0,0,1,1][0,0,1,1,1,1][1,1,0,0,1,1][2,2,2,2,1,1][2,2,2,2,1,1]
560 274 251 [0,0,0,0,1,1][0,0,0,0,1,1][0,0,1,1,1,1][1,1,0,0,1,1][2,2,2,2,0,0][2,2,2,2,0,0]
551 268 245 [0,0,0,0,1,1][0,0,0,0,1,1][0,0,1,1,0,0][1,1,0,0,0,0][2,2,2,2,1,1][2,2,2,2,1,1]
195 118 115 [0,0,0,0,0,0][0,0,0,0,1,1][0,0,0,0,1,1][1,1,1,1,0,0][2,2,2,2,1,1][2,2,2,2,1,1]
84 48 48 [0,0,0,0,0,0][0,0,0,0,0,0][0,0,1,1,1,1][1,1,0,0,1,1][2,2,2,2,1,1][2,2,2,2,1,1]
196 119 116 [0,0,0,0,0,0][0,0,0,0,1,1][0,0,0,0,1,1][1,1,1,1,0,0][2,2,3,3,1,1][2,2,3,3,1,1]
459 246 227 [0,0,0,0,1,1][0,0,0,0,1,1][0,0,0,0,1,1][1,1,1,1,1,1][2,2,2,2,1,1][2,2,2,2,1,1]
458 245 226 [0,0,0,0,1,1][0,0,0,0,1,1][0,0,0,0,1,1][1,1,1,1,1,1][2,2,2,2,0,0][2,2,2,2,0,0]
195 118 115 [0,0,0,0,0,0][0,0,0,0,1,1][0,0,0,0,1,1][1,1,1,1,0,0][2,2,2,2,1,1][2,2,2,2,1,1]
23 15 15 [0,0,0,0,0,0][0,0,0,0,0,0][0,0,0,0,1,1][1,1,1,1,1,1][2,2,2,2,1,1][2,2,2,2,1,1]
1136 498 414 [0,0,0,0,1,1][0,0,1,1,1,1][0,1,0,1,1,1][1,0,0,1,1,1][2,2,3,3,1,1][2,2,3,3,1,1]
1135 497 413 [0,0,0,0,1,1][0,0,1,1,1,1][0,1,0,1,1,1][1,0,0,1,1,1][2,2,3,3,0,0][2,2,3,3,0,0]
793 370 311 [0,0,0,0,1,1][0,0,0,0,1,1][0,1,1,1,2,2][1,0,1,1,2,2][3,3,1,1,0,1][3,3,1,1,1,0]
365 198 181 [0,0,0,0,0,0][0,0,1,1,1,1][0,0,2,2,3,3][0,0,2,2,3,3][1,1,0,1,0,1][1,1,0,1,0,1]
679 344 290 [0,0,0,0,1,1][0,0,0,0,1,1][0,0,2,3,2,3][0,0,2,3,2,3][1,1,0,0,0,0][1,1,1,1,1,1]
253 149 0 [0,0,0,0,0,0][0,0,0,0,1,1][0,0,2,3,2,3][0,0,2,3,2,3][1,1,0,0,1,1][1,1,1,1,1,1]
1186 522 436 [0,0,0,0,1,1][0,0,2,2,2,2][0,0,2,2,2,2][1,1,1,1,1,1][3,3,1,1,2,2][3,3,1,1,2,2]
1187 523 437 [0,0,0,0,1,1][0,0,2,2,2,2][0,0,2,2,2,2][1,1,1,1,1,1][3,3,1,1,3,3][3,3,1,1,3,3]
1199 534 448 [0,0,0,0,1,1][0,0,2,2,3,3][0,0,2,2,3,3][1,1,1,1,1,1][3,3,1,1,2,2][3,3,1,1,2,2]
1200 535 449 [0,0,0,0,1,1][0,0,2,2,3,3][0,0,2,2,3,3][1,1,1,1,1,1][3,3,1,1,3,3][3,3,1,1,3,3]
640 328 280 [0,0,0,0,1,1][0,0,0,0,1,1][0,0,2,2,2,2][1,1,3,3,2,2][3,3,2,2,0,0][3,3,3,3,1,1]
641 329 281 [0,0,0,0,1,1][0,0,0,0,1,1][0,0,2,2,2,2][1,1,3,3,2,2][3,3,2,2,1,1][3,3,3,3,0,0]
601 304 271 [0,0,0,0,1,1][0,0,0,0,1,1][0,0,2,2,0,1][1,1,3,3,0,1][3,3,2,2,1,1][3,3,3,3,1,1]
111 71 69 [0,0,0,0,0,0][0,0,0,0,0,0][0,0,2,2,3,3][0,0,2,2,3,3][1,1,0,0,0,0][1,1,1,1,1,1]
380 205 186 [0,0,0,0,0,0][0,0,1,1,1,1][0,1,1,1,2,2][0,1,1,1,2,2][1,1,0,0,1,1][1,1,1,1,1,1]
805 377 318 [0,0,0,0,1,1][0,0,0,0,1,1][0,1,2,2,0,0][0,1,2,2,1,1][1,1,2,2,0,1][1,1,2,2,1,0]
284 160 151 [0,0,0,0,0,0][0,0,0,0,1,1][0,1,2,2,1,1][0,1,2,2,1,1][1,1,2,2,2,2][1,1,2,2,2,2]
285 161 152 [0,0,0,0,0,0][0,0,0,0,1,1][0,1,2,2,1,1][0,1,2,2,1,1][1,1,2,2,3,3][1,1,2,2,3,3]
806 378 319 [0,0,0,0,1,1][0,0,0,0,1,1][0,1,2,2,0,0][0,1,2,2,1,1][1,1,3,3,0,1][1,1,3,3,1,0]
286 162 153 [0,0,0,0,0,0][0,0,0,0,1,1][0,1,2,2,1,1][0,1,2,2,1,1][1,1,3,3,2,2][1,1,3,3,2,2]
287 163 154 [0,0,0,0,0,0][0,0,0,0,1,1][0,1,2,2,1,1][0,1,2,2,1,1][1,1,3,3,3,3][1,1,3,3,3,3]
811 383 324 [0,0,0,0,1,1][0,0,0,0,1,1][0,1,2,2,0,0][0,1,3,3,1,1][1,1,2,2,2,2][1,1,3,3,2,2]
812 384 325 [0,0,0,0,1,1][0,0,0,0,1,1][0,1,2,2,0,0][0,1,3,3,1,1][1,1,2,2,3,3][1,1,3,3,3,3]
806 378 319 [0,0,0,0,1,1][0,0,0,0,1,1][0,1,2,2,0,0][0,1,2,2,1,1][1,1,3,3,0,1][1,1,3,3,1,0]
279 157 148 [0,0,0,0,0,0][0,0,0,0,1,1][0,1,1,1,2,2][0,1,1,1,2,2][1,1,1,1,1,1][1,1,1,1,1,1]
378 203 184 [0,0,0,0,0,0][0,0,1,1,1,1][0,1,1,1,2,2][0,1,1,1,2,2][1,0,2,2,1,1][1,0,2,2,1,1]
383 207 188 [0,0,0,0,0,0][0,0,1,1,1,1][0,1,1,1,3,3][0,1,1,1,3,3][1,0,2,2,1,1][1,0,2,2,1,1]
374 201 0 [0,0,0,0,0,0][0,0,1,1,1,1][0,1,0,1,1,1][0,1,1,0,1,1][1,0,1,1,2,2][1,0,1,1,2,2]
817 387 328 [0,0,0,0,1,1][0,0,0,0,1,1][0,1,2,2,1,1][0,1,2,2,1,1][1,0,2,2,1,1][1,0,2,2,1,1]
788 365 306 [0,0,0,0,1,1][0,0,0,0,1,1][0,1,1,1,2,2][0,1,1,1,2,2][1,0,1,1,2,2][1,0,1,1,2,2]
153 95 92 [0,0,0,0,0,0][0,0,0,0,0,0][0,1,1,1,2,2][0,1,1,1,2,2][1,0,1,1,2,2][1,0,1,1,2,2]
905 435 0 [0,0,0,0,1,1][0,0,0,1,0,1][0,0,0,1,1,0][0,1,1,0,0,0][1,2,2,0,1,1][1,2,2,0,1,1]
306 172 157 [0,0,0,0,0,0][0,0,0,1,2,2][0,0,0,1,2,2][0,0,1,1,1,1][1,1,2,2,0,1][1,1,2,2,0,1]
317 183 166 [0,0,0,0,0,0][0,0,0,1,2,2][0,0,0,1,2,2][0,1,1,0,1,1][1,2,2,0,0,0][1,2,2,0,0,0]
345 187 170 [0,0,0,0,0,0][0,0,0,1,3,3][0,0,0,1,3,3][0,1,1,0,1,1][1,2,2,0,0,0][1,2,2,0,0,0]
519 264 241 [0,0,0,0,1,1][0,0,0,0,1,1][0,0,0,1,2,2][0,1,1,1,3,3][1,2,2,1,2,2][1,2,2,1,3,3]
456 244 225 [0,0,0,0,1,1][0,0,0,0,1,1][0,0,0,0,1,1][0,0,1,1,1,1][1,1,2,2,0,1][1,1,2,2,0,1]
208 123 0 [0,0,0,0,0,0][0,0,0,0,1,1][0,0,0,1,0,1][0,1,1,1,1,0][1,2,2,0,1,1][1,2,2,0,1,1]
56 41 41 [0,0,0,0,0,0][0,0,0,0,0,0][0,0,0,1,2,2][0,1,1,1,3,3][1,2,2,1,2,2][1,2,2,1,3,3]
456 244 225 [0,0,0,0,1,1][0,0,0,0,1,1][0,0,0,0,1,1][0,0,1,1,1,1][1,1,2,2,0,1][1,1,2,2,0,1]
208 123 0 [0,0,0,0,0,0][0,0,0,0,1,1][0,0,0,1,0,1][0,1,1,1,1,0][1,2,2,0,1,1][1,2,2,0,1,1]
45 31 31 [0,0,0,0,0,0][0,0,0,0,0,0][0,0,0,1,2,2][0,0,1,0,2,2][1,1,2,2,0,1][1,1,2,2,1,0]
82 47 47 [0,0,0,0,0,0][0,0,0,0,0,0][0,0,0,1,3,3][0,1,1,1,3,3][1,2,2,0,0,0][1,2,2,0,1,1]
319 185 168 [0,0,0,0,0,0][0,0,0,1,2,2][0,0,0,1,2,2][0,1,1,0,1,1][1,3,3,0,1,1][1,3,3,0,1,1]
520 265 242 [0,0,0,0,1,1][0,0,0,0,1,1][0,0,0,1,2,2][0,1,1,1,3,3][1,3,3,1,2,2][1,3,3,1,3,3]
57 42 42 [0,0,0,0,0,0][0,0,0,0,0,0][0,0,0,1,2,2][0,1,1,1,3,3][1,3,3,1,2,2][1,3,3,1,3,3]
518 263 240 [0,0,0,0,1,1][0,0,0,0,1,1][0,0,0,1,2,2][0,1,1,1,2,2][1,3,3,0,0,0][1,3,3,0,1,1]
593 296 0 [0,0,0,0,1,1][0,0,0,0,1,1][0,0,2,2,0,1][0,1,2,2,1,1][1,0,2,2,1,1][1,1,2,2,0,1]
589 292 0 [0,0,0,0,1,1][0,0,0,0,1,1][0,0,2,2,0,1][0,1,2,2,0,0][1,0,2,2,0,0][1,1,2,2,0,1]
595 298 0 [0,0,0,0,1,1][0,0,0,0,1,1][0,0,2,2,0,1][0,1,2,2,1,1][1,0,3,3,1,1][1,1,3,3,0,1]
595 298 0 [0,0,0,0,1,1][0,0,0,0,1,1][0,0,2,2,0,1][0,1,2,2,1,1][1,0,3,3,1,1][1,1,3,3,0,1]
316 182 0 [0,0,0,0,0,0][0,0,0,1,2,2][0,0,0,1,2,2][0,1,1,0,1,1][1,0,1,0,1,1][1,1,0,0,1,1]
515 260 237 [0,0,0,0,1,1][0,0,0,0,1,1][0,0,0,1,2,2][0,1,1,1,2,2][1,0,1,1,2,2][1,1,0,1,2,2]
516 261 238 [0,0,0,0,1,1][0,0,0,0,1,1][0,0,0,1,2,2][0,1,1,1,2,2][1,0,1,1,3,3][1,1,0,1,3,3]
53 38 38 [0,0,0,0,0,0][0,0,0,0,0,0][0,0,0,1,2,2][0,1,1,1,2,2][1,0,1,1,2,2][1,1,0,1,2,2]
54 39 39 [0,0,0,0,0,0][0,0,0,0,0,0][0,0,0,1,2,2][0,1,1,1,2,2][1,0,1,1,3,3][1,1,0,1,3,3]
362 195 178 [0,0,0,0,0,0][0,0,1,1,1,1][0,0,2,2,2,2][0,0,2,2,2,2][1,1,1,1,1,1][1,1,1,1,1,1]
352 188 171 [0,0,0,0,0,0][0,0,1,1,1,1][0,0,1,1,1,1][0,0,1,1,1,1][1,1,2,2,2,2][1,1,2,2,2,2]
93 56 56 [0,0,0,0,0,0][0,0,0,0,0,0][0,0,2,2,2,2][0,0,2,2,2,2][1,1,2,2,2,2][1,1,2,2,2,2]
94 57 57 [0,0,0,0,0,0][0,0,0,0,0,0][0,0,2,2,2,2][0,0,2,2,2,2][1,1,2,2,3,3][1,1,2,2,3,3]
95 58 58 [0,0,0,0,0,0][0,0,0,0,0,0][0,0,2,2,2,2][0,0,2,2,2,2][1,1,3,3,3,3][1,1,3,3,3,3]
244 142 135 [0,0,0,0,0,0][0,0,0,0,1,1][0,0,2,2,2,2][0,0,2,2,2,2][1,1,0,1,0,1][1,1,1,0,0,1]
251 147 139 [0,0,0,0,0,0][0,0,0,0,1,1][0,0,2,2,3,3][0,0,2,2,3,3][1,1,0,1,0,1][1,1,1,0,0,1]
626 316 0 [0,0,0,0,1,1][0,0,0,0,1,1][0,0,2,2,2,2][0,0,2,3,2,3][1,1,3,2,2,3][1,1,3,3,2,2]
101 64 63 [0,0,0,0,0,0][0,0,0,0,0,0][0,0,2,2,2,2][0,0,2,2,3,3][1,1,2,3,2,3][1,1,2,3,3,2]
630 318 0 [0,0,0,0,1,1][0,0,0,0,1,1][0,0,2,2,2,2][0,0,3,3,2,2][1,1,2,2,2,2][1,1,3,3,2,2]
621 313 0 [0,0,0,0,1,1][0,0,0,0,1,1][0,0,2,2,2,2][0,0,2,2,3,3][1,1,3,3,2,2][1,1,3,3,3,3]
100 63 0 [0,0,0,0,0,0][0,0,0,0,0,0][0,0,2,2,2,2][0,0,2,2,3,3][1,1,2,2,2,2][1,1,2,2,3,3]
102 65 0 [0,0,0,0,0,0][0,0,0,0,0,0][0,0,2,2,2,2][0,0,2,2,3,3][1,1,3,3,2,2][1,1,3,3,3,3]
256 151 142 [0,0,0,0,0,0][0,0,0,0,1,1][0,0,2,3,2,3][0,0,2,3,2,3][1,1,2,2,0,1][1,1,2,2,0,1]
257 152 143 [0,0,0,0,0,0][0,0,0,0,1,1][0,0,2,3,2,3][0,0,2,3,2,3][1,1,2,2,1,0][1,1,2,2,1,0]
123 81 79 [0,0,0,0,0,0][0,0,0,0,0,0][0,0,2,2,3,3][0,0,2,3,2,3][1,1,2,2,2,2][1,1,2,3,3,2]
114 74 72 [0,0,0,0,0,0][0,0,0,0,0,0][0,0,2,2,3,3][0,0,2,2,3,3][1,1,2,2,2,2][1,1,2,2,2,2]
251 147 139 [0,0,0,0,0,0][0,0,0,0,1,1][0,0,2,2,3,3][0,0,2,2,3,3][1,1,0,1,0,1][1,1,1,0,0,1]
230 132 126 [0,0,0,0,0,0][0,0,0,0,1,1][0,0,1,1,1,1][0,0,1,1,1,1][1,1,0,1,2,2][1,1,0,1,2,2]
306 172 157 [0,0,0,0,0,0][0,0,0,1,2,2][0,0,0,1,2,2][0,0,1,1,1,1][1,1,2,2,0,1][1,1,2,2,0,1]
445 241 222 [0,0,0,0,1,1][0,0,0,0,1,1][0,0,0,0,1,1][0,0,1,1,0,0][1,1,2,2,2,2][1,1,2,2,2,2]
446 242 223 [0,0,0,0,1,1][0,0,0,0,1,1][0,0,0,0,1,1][0,0,1,1,0,0][1,1,2,2,3,3][1,1,2,2,3,3]
202 120 117 [0,0,0,0,0,0][0,0,0,0,1,1][0,0,0,1,0,1][0,0,1,0,0,1][1,1,2,2,2,2][1,1,2,2,2,2]
45 31 31 [0,0,0,0,0,0][0,0,0,0,0,0][0,0,0,1,2,2][0,0,1,0,2,2][1,1,2,2,0,1][1,1,2,2,1,0]
51 36 36 [0,0,0,0,0,0][0,0,0,0,0,0][0,0,0,1,2,2][0,0,1,0,3,3][1,1,2,3,2,3][1,1,2,3,3,2]
456 244 225 [0,0,0,0,1,1][0,0,0,0,1,1][0,0,0,0,1,1][0,0,1,1,1,1][1,1,2,2,0,1][1,1,2,2,0,1]
445 241 222 [0,0,0,0,1,1][0,0,0,0,1,1][0,0,0,0,1,1][0,0,1,1,0,0][1,1,2,2,2,2][1,1,2,2,2,2]
446 242 223 [0,0,0,0,1,1][0,0,0,0,1,1][0,0,0,0,1,1][0,0,1,1,0,0][1,1,2,2,3,3][1,1,2,2,3,3]
190 115 112 [0,0,0,0,0,0][0,0,0,0,1,1][0,0,0,0,1,1][0,0,1,1,1,1][1,1,2,2,2,2][1,1,2,2,2,2]
191 116 113 [0,0,0,0,0,0][0,0,0,0,1,1][0,0,0,0,1,1][0,0,1,1,1,1][1,1,2,2,3,3][1,1,2,2,3,3]
183 114 111 [0,0,0,0,0,0][0,0,0,0,1,1][0,0,0,0,1,1][0,0,1,1,0,0][1,1,2,2,0,1][1,1,2,2,0,1]
21 14 14 [0,0,0,0,0,0][0,0,0,0,0,0][0,0,0,0,1,1][0,0,1,1,1,1][1,1,2,2,0,1][1,1,2,2,0,1]
15 10 10 [0,0,0,0,0,0][0,0,0,0,0,0][0,0,0,0,1,1][0,0,1,1,0,0][1,1,2,2,2,2][1,1,2,2,2,2]
8 5 5 [0,0,0,0,0,0][0,0,0,0,0,0][0,0,0,0,0,0][0,0,1,1,1,1][1,1,2,2,2,2][1,1,2,2,2,2]
307 173 158 [0,0,0,0,0,0][0,0,0,1,2,2][0,0,0,1,2,2][0,0,1,1,1,1][1,1,3,3,0,1][1,1,3,3,0,1]
203 121 118 [0,0,0,0,0,0][0,0,0,0,1,1][0,0,0,1,0,1][0,0,1,0,0,1][1,1,2,2,3,3][1,1,2,2,3,3]
46 32 32 [0,0,0,0,0,0][0,0,0,0,0,0][0,0,0,1,2,2][0,0,1,0,2,2][1,1,3,3,0,1][1,1,3,3,1,0]
305 171 0 [0,0,0,0,0,0][0,0,0,1,2,2][0,0,0,1,2,2][0,0,1,1,1,1][1,1,0,0,1,1][1,1,1,1,1,1]
34 21 21 [0,0,0,0,0,0][0,0,0,0,0,0][0,0,0,1,2,2][0,0,0,1,2,2][1,1,1,0,2,2][1,1,1,0,2,2]
35 22 22 [0,0,0,0,0,0][0,0,0,0,0,0][0,0,0,1,2,2][0,0,0,1,2,2][1,1,1,0,3,3][1,1,1,0,3,3]
217 127 121 [0,0,0,0,0,0][0,0,0,0,1,1][0,0,0,1,2,2][0,0,0,1,2,2][1,1,1,1,1,1][1,1,1,1,1,1]
36 23 23 [0,0,0,0,0,0][0,0,0,0,0,0][0,0,0,1,2,2][0,0,0,1,2,2][1,1,1,1,0,0][1,1,1,1,1,1]
34 21 21 [0,0,0,0,0,0][0,0,0,0,0,0][0,0,0,1,2,2][0,0,0,1,2,2][1,1,1,0,2,2][1,1,1,0,2,2]
35 22 22 [0,0,0,0,0,0][0,0,0,0,0,0][0,0,0,1,2,2][0,0,0,1,2,2][1,1,1,0,3,3][1,1,1,0,3,3]
151 93 90 [0,0,0,0,0,0][0,0,0,0,0,0][0,1,1,1,2,2][0,1,1,1,2,2][0,1,1,1,2,2][0,1,1,1,2,2]
206 122 0 [0,0,0,0,0,0][0,0,0,0,1,1][0,0,0,1,0,1][0,1,1,1,1,0][0,2,2,1,1,1][0,2,2,1,1,1]
52 37 37 [0,0,0,0,0,0][0,0,0,0,0,0][0,0,0,1,2,2][0,1,1,1,2,2][0,2,2,1,0,0][0,2,2,1,1,1]
79 46 46 [0,0,0,0,0,0][0,0,0,0,0,0][0,0,0,1,3,3][0,1,1,1,3,3][0,2,2,1,0,0][0,2,2,1,1,1]
181 113 110 [0,0,0,0,0,0][0,0,0,0,1,1][0,0,0,0,1,1][0,0,1,1,0,0][0,1,2,2,1,1][0,1,2,2,1,1]
19 13 13 [0,0,0,0,0,0][0,0,0,0,0,0][0,0,0,0,1,1][0,0,1,1,1,1][0,1,2,2,1,1][0,1,2,2,1,1]
41 27 27 [0,0,0,0,0,0][0,0,0,0,0,0][0,0,0,1,2,2][0,0,1,0,2,2][0,1,0,0,2,2][0,1,1,1,2,2]
42 28 28 [0,0,0,0,0,0][0,0,0,0,0,0][0,0,0,1,2,2][0,0,1,0,2,2][0,1,0,0,3,3][0,1,1,1,3,3]
32 19 19 [0,0,0,0,0,0][0,0,0,0,0,0][0,0,0,1,2,2][0,0,0,1,2,2][0,1,1,1,2,2][0,1,1,1,2,2]
33 20 20 [0,0,0,0,0,0][0,0,0,0,0,0][0,0,0,1,2,2][0,0,0,1,2,2][0,1,1,1,3,3][0,1,1,1,3,3]
3 2 2 [0,0,0,0,0,0][0,0,0,0,0,0][0,0,0,0,0,0][0,0,0,0,1,1][0,1,1,1,2,2][0,1,1,1,2,2]
11 7 7 [0,0,0,0,0,0][0,0,0,0,0,0][0,0,0,0,1,1][0,0,1,1,0,0][0,0,2,2,2,2][0,0,2,2,2,2]
5 3 3 [0,0,0,0,0,0][0,0,0,0,0,0][0,0,0,0,0,0][0,0,1,1,1,1][0,0,2,2,2,2][0,0,2,2,2,2]
