# Old encoding - 2x+y
26 [2,2,0,1,0,0][2,2,1,0,0,0][0,1,2,2,0,0][1,0,2,2,0,0][0,0,0,0,0,0][0,0,0,0,0,0]
31 [2,2,0,1,1,1][2,2,1,0,1,1][0,1,2,2,0,0][1,0,2,2,0,0][0,0,0,0,0,0][0,0,0,0,0,0]
32 [3,3,0,1,1,1][3,3,1,0,1,1][0,1,2,2,0,0][1,0,2,2,0,0][0,0,0,0,0,0][0,0,0,0,0,0]
37 [2,2,0,0,0,1][2,2,1,1,0,1][0,0,2,2,0,1][1,1,2,2,0,1][0,0,0,0,0,0][0,0,0,0,0,0]
40 [2,2,0,0,1,0][2,2,1,1,1,0][0,0,2,2,0,1][1,1,2,2,0,1][0,0,0,0,0,0][0,0,0,0,0,0]
45 [2,2,0,1,0,0][2,2,1,0,0,0][0,1,3,3,0,0][1,0,3,3,0,0][0,0,0,0,0,0][0,0,0,0,0,0]
46 [2,2,0,0,0,1][2,2,1,1,0,1][0,0,3,3,0,1][1,1,3,3,0,1][0,0,0,0,0,0][0,0,0,0,0,0]
47 [2,2,0,0,1,0][2,2,1,1,1,0][0,0,3,3,0,1][1,1,3,3,0,1][0,0,0,0,0,0][0,0,0,0,0,0]
99 [2,2,0,1,1,1][2,2,1,0,1,1][0,1,2,2,1,1][1,0,2,2,1,1][0,0,0,0,0,0][0,0,0,0,0,0]
102 [2,2,0,1,1,1][2,2,1,0,1,1][0,1,3,3,1,1][1,0,3,3,1,1][0,0,0,0,0,0][0,0,0,0,0,0]
172 [2,2,0,1,1,1][2,2,0,1,1,1][0,1,2,2,0,0][0,1,2,2,0,0][0,0,0,0,0,0][1,1,1,1,0,0]
173 [3,3,0,1,1,1][3,3,0,1,1,1][0,1,2,2,0,0][0,1,2,2,0,0][0,0,0,0,0,0][1,1,1,1,0,0]
179 [2,2,0,0,0,1][2,2,0,0,0,1][0,0,2,2,0,1][0,0,2,2,0,1][0,0,0,0,0,0][1,1,1,1,0,0]
180 [2,2,1,1,0,1][2,2,1,1,0,1][0,0,2,2,0,1][0,0,2,2,0,1][0,0,0,0,0,0][1,1,1,1,0,0]
181 [3,3,1,1,0,1][3,3,1,1,0,1][0,0,2,2,0,1][0,0,2,2,0,1][0,0,0,0,0,0][1,1,1,1,0,0]
183 [2,2,0,0,1,0][2,2,0,0,1,0][0,0,2,2,0,1][0,0,2,2,0,1][0,0,0,0,0,0][1,1,1,1,0,0]
184 [2,2,1,1,1,0][2,2,1,1,1,0][0,0,2,2,0,1][0,0,2,2,0,1][0,0,0,0,0,0][1,1,1,1,0,0]
185 [3,3,1,1,1,0][3,3,1,1,1,0][0,0,2,2,0,1][0,0,2,2,0,1][0,0,0,0,0,0][1,1,1,1,0,0]
186 [2,2,0,0,0,1][2,2,0,0,0,1][0,0,3,3,0,1][0,0,3,3,0,1][0,0,0,0,0,0][1,1,1,1,0,0]
187 [2,2,0,0,1,0][2,2,0,0,1,0][0,0,3,3,0,1][0,0,3,3,0,1][0,0,0,0,0,0][1,1,1,1,0,0]
202 [2,2,1,1,0,1][2,2,1,1,0,1][1,1,2,2,0,1][1,1,2,2,0,1][0,0,0,0,0,0][1,1,1,1,0,0]
203 [2,2,1,1,1,0][2,2,1,1,1,0][1,1,2,2,0,1][1,1,2,2,0,1][0,0,0,0,0,0][1,1,1,1,0,0]
206 [2,2,1,1,0,1][2,2,1,1,0,1][1,1,3,3,0,1][1,1,3,3,0,1][0,0,0,0,0,0][1,1,1,1,0,0]
207 [2,2,1,1,1,0][2,2,1,1,1,0][1,1,3,3,0,1][1,1,3,3,0,1][0,0,0,0,0,0][1,1,1,1,0,0]
238 [2,2,0,1,1,1][2,2,0,1,1,1][0,1,2,2,1,1][0,1,2,2,1,1][0,0,0,0,0,0][1,1,1,1,0,0]
239 [2,2,0,1,1,1][2,2,0,1,1,1][0,1,3,3,1,1][0,1,3,3,1,1][0,0,0,0,0,0][1,1,1,1,0,0]
257 [2,2,0,1,1,1][2,2,1,0,1,1][0,1,2,2,0,0][1,0,2,2,0,0][0,0,1,1,0,0][0,0,1,1,0,0]
258 [3,3,0,1,1,1][3,3,1,0,1,1][0,1,2,2,0,0][1,0,2,2,0,0][0,0,1,1,0,0][0,0,1,1,0,0]
262 [2,2,0,0,1,0][2,2,1,1,1,0][0,0,2,2,0,1][1,1,2,2,0,1][0,0,1,1,0,0][0,0,1,1,0,0]
263 [3,3,0,0,1,0][3,3,1,1,1,0][0,0,2,2,0,1][1,1,2,2,0,1][0,0,1,1,0,0][0,0,1,1,0,0]
284 [2,2,0,1,0,0][2,2,1,0,0,0][0,1,2,2,1,1][1,0,2,2,1,1][0,0,1,1,0,0][0,0,1,1,0,0]
285 [2,2,0,1,0,0][2,2,1,0,0,0][0,1,3,3,1,1][1,0,3,3,1,1][0,0,1,1,0,0][0,0,1,1,0,0]
302 [2,2,0,0,1,0][2,2,1,1,1,0][0,0,2,2,0,1][1,1,2,2,0,1][0,0,0,0,1,1][0,0,0,0,1,1]
357 [2,2,0,0,1,0][2,2,1,1,1,0][0,0,3,3,0,1][1,1,3,3,0,1][0,0,0,0,1,1][0,0,0,0,1,1]
369 [2,2,0,1,1,1][2,2,1,0,1,1][0,1,2,2,1,1][1,0,2,2,1,1][0,0,1,1,0,0][0,0,1,1,0,0]
370 [3,3,0,1,1,1][3,3,1,0,1,1][0,1,2,2,1,1][1,0,2,2,1,1][0,0,1,1,0,0][0,0,1,1,0,0]
385 [2,2,0,1,1,1][2,2,1,0,1,1][0,1,2,2,0,0][1,0,2,2,0,0][0,0,0,0,1,1][0,0,0,0,1,1]
395 [2,2,0,1,1,1][2,2,1,0,1,1][0,1,2,2,1,1][1,0,2,2,1,1][0,0,0,0,1,1][0,0,0,0,1,1]
399 [2,2,0,1,1,1][2,2,1,0,1,1][0,1,3,3,0,0][1,0,3,3,0,0][0,0,0,0,1,1][0,0,0,0,1,1]
402 [2,2,0,1,1,1][2,2,1,0,1,1][0,1,3,3,1,1][1,0,3,3,1,1][0,0,0,0,1,1][0,0,0,0,1,1]
445 [2,2,0,0,1,0][2,2,0,0,1,0][0,0,2,2,0,1][0,0,2,2,0,1][0,0,1,1,0,0][1,1,0,0,0,0]
446 [2,2,1,1,1,0][2,2,1,1,1,0][0,0,2,2,0,1][0,0,2,2,0,1][0,0,1,1,0,0][1,1,0,0,0,0]
447 [3,3,1,1,1,0][3,3,1,1,1,0][0,0,2,2,0,1][0,0,2,2,0,1][0,0,1,1,0,0][1,1,0,0,0,0]
451 [2,2,0,0,1,0][2,2,0,0,1,0][0,0,3,3,0,1][0,0,3,3,0,1][0,0,1,1,0,0][1,1,0,0,0,0]
462 [2,2,1,1,1,0][2,2,1,1,1,0][1,1,2,2,0,1][1,1,2,2,0,1][0,0,1,1,0,0][1,1,0,0,0,0]
465 [2,2,1,1,1,0][2,2,1,1,1,0][1,1,3,3,0,1][1,1,3,3,0,1][0,0,1,1,0,0][1,1,0,0,0,0]
556 [2,2,0,1,1,1][2,2,0,1,1,1][0,1,2,2,1,1][0,1,2,2,1,1][0,0,1,1,0,0][1,1,0,0,0,0]
559 [2,2,0,1,1,1][2,2,0,1,1,1][0,1,3,3,1,1][0,1,3,3,1,1][0,0,1,1,0,0][1,1,0,0,0,0]
564 [2,2,0,1,1,1][2,2,0,1,1,1][0,1,2,2,1,1][0,1,2,2,1,1][0,0,0,0,1,1][1,1,1,1,1,1]
565 [2,2,0,1,0,0][2,2,0,1,0,0][0,1,3,3,1,1][0,1,3,3,1,1][0,0,0,0,1,1][1,1,1,1,1,1]
566 [2,2,0,1,1,1][2,2,0,1,1,1][0,1,3,3,1,1][0,1,3,3,1,1][0,0,0,0,1,1][1,1,1,1,1,1]
578 [2,2,0,0,0,0][2,2,0,0,0,0][0,0,2,2,0,0][0,0,2,2,0,0][0,0,0,0,0,1][0,0,0,0,1,0]
593 [2,2,0,0,1,0][2,2,0,0,1,0][0,0,2,2,0,1][0,0,2,2,0,1][0,0,0,0,1,1][1,1,1,1,1,1]
594 [2,2,1,1,1,0][2,2,1,1,1,0][0,0,2,2,0,1][0,0,2,2,0,1][0,0,0,0,1,1][1,1,1,1,1,1]
595 [3,3,1,1,1,0][3,3,1,1,1,0][0,0,2,2,0,1][0,0,2,2,0,1][0,0,0,0,1,1][1,1,1,1,1,1]
597 [2,2,0,0,1,0][2,2,0,0,1,0][0,0,2,2,0,1][0,0,2,2,0,1][0,0,1,1,1,1][1,1,0,0,1,1]
598 [2,2,1,1,1,0][2,2,1,1,1,0][0,0,2,2,0,1][0,0,2,2,0,1][0,0,1,1,1,1][1,1,0,0,1,1]
599 [3,3,1,1,1,0][3,3,1,1,1,0][0,0,2,2,0,1][0,0,2,2,0,1][0,0,1,1,1,1][1,1,0,0,1,1]
603 [2,2,0,1,0,0][2,2,0,1,0,0][0,1,2,2,0,0][0,1,2,2,0,0][0,0,0,0,1,1][1,1,1,1,1,1]
609 [2,2,0,1,1,1][2,2,0,1,1,1][0,1,2,2,0,0][0,1,2,2,0,0][0,0,0,0,1,1][1,1,1,1,1,1]
610 [2,2,0,1,1,1][2,2,0,1,1,1][0,1,2,2,0,0][0,1,2,2,0,0][0,0,1,1,1,1][1,1,0,0,1,1]
613 [2,2,0,0,0,1][2,2,0,0,0,1][0,0,2,2,0,1][0,0,2,2,0,1][0,0,0,0,1,1][1,1,1,1,1,1]
614 [2,2,1,1,0,1][2,2,1,1,0,1][0,0,2,2,0,1][0,0,2,2,0,1][0,0,0,0,1,1][1,1,1,1,1,1]
615 [3,3,1,1,0,1][3,3,1,1,0,1][0,0,2,2,0,1][0,0,2,2,0,1][0,0,0,0,1,1][1,1,1,1,1,1]
648 [2,2,0,1,0,0][2,2,1,0,0,0][0,1,2,2,0,0][1,0,2,2,0,0][0,0,0,0,1,1][0,0,0,0,1,1]
653 [2,2,0,1,1,1][2,2,1,0,1,1][0,1,2,2,0,0][1,0,2,2,0,0][1,1,1,1,1,1][1,1,1,1,1,1]
654 [3,3,0,1,1,1][3,3,1,0,1,1][0,1,2,2,0,0][1,0,2,2,0,0][1,1,1,1,1,1][1,1,1,1,1,1]
662 [3,3,0,0,1,0][3,3,1,1,1,0][1,1,2,2,0,1][0,0,2,2,0,1][0,0,1,1,1,1][0,0,1,1,1,1]
667 [2,2,0,0,1,0][2,2,1,1,1,0][0,0,2,2,0,1][1,1,2,2,0,1][1,1,1,1,1,1][1,1,1,1,1,1]
672 [2,2,0,0,1,0][2,2,0,0,1,0][0,0,3,3,0,1][0,0,3,3,0,1][0,0,0,0,1,1][1,1,1,1,1,1]
673 [2,2,0,0,1,0][2,2,0,0,1,0][0,0,3,3,0,1][0,0,3,3,0,1][0,0,1,1,1,1][1,1,0,0,1,1]
674 [2,2,0,1,0,0][2,2,0,1,0,0][0,1,3,3,0,0][0,1,3,3,0,0][0,0,0,0,1,1][1,1,1,1,1,1]
675 [2,2,0,0,0,1][2,2,0,0,0,1][0,0,3,3,0,1][0,0,3,3,0,1][0,0,0,0,1,1][1,1,1,1,1,1]
682 [2,2,0,1,0,0][2,2,1,0,0,0][0,1,3,3,0,0][1,0,3,3,0,0][0,0,0,0,1,1][0,0,0,0,1,1]
683 [2,2,0,0,1,0][2,2,1,1,1,0][0,0,3,3,0,1][1,1,3,3,0,1][1,1,1,1,1,1][1,1,1,1,1,1]
691 [2,2,0,1,1,1][2,2,1,0,1,1][0,1,2,2,0,0][1,0,2,2,0,0][0,0,1,1,1,1][0,0,1,1,1,1]
692 [3,3,0,1,1,1][3,3,1,0,1,1][0,1,2,2,0,0][1,0,2,2,0,0][0,0,1,1,1,1][0,0,1,1,1,1]
696 [2,2,0,1,0,0][2,2,1,0,0,0][0,1,2,2,1,1][1,0,2,2,1,1][0,0,1,1,1,1][0,0,1,1,1,1]
697 [3,3,0,1,0,0][3,3,1,0,0,0][0,1,2,2,1,1][1,0,2,2,1,1][0,0,1,1,1,1][0,0,1,1,1,1]
704 [2,2,0,1,1,1][2,2,1,0,1,1][0,1,2,2,1,1][1,0,2,2,1,1][1,1,1,1,0,0][1,1,1,1,0,0]
707 [2,2,0,1,1,1][2,2,1,0,1,1][0,1,3,3,1,1][1,0,3,3,1,1][1,1,1,1,0,0][1,1,1,1,0,0]
894 [2,2,1,1,0,1][2,2,1,1,0,1][1,1,2,2,0,1][1,1,2,2,0,1][0,0,0,0,1,1][1,1,1,1,1,1]
895 [2,2,1,1,0,1][2,2,1,1,0,1][1,1,2,2,0,1][1,1,2,2,0,1][0,0,1,1,1,1][1,1,0,0,1,1]
899 [2,2,1,1,1,0][2,2,1,1,1,0][1,1,2,2,0,1][1,1,2,2,0,1][0,0,1,1,1,1][1,1,0,0,1,1]
901 [2,2,0,1,1,1][2,2,1,0,1,1][0,1,2,2,1,1][1,0,2,2,1,1][1,1,1,1,1,1][1,1,1,1,1,1]
903 [2,2,1,1,0,1][2,2,1,1,0,1][1,1,3,3,0,1][1,1,3,3,0,1][0,0,0,0,1,1][1,1,1,1,1,1]
904 [2,2,1,1,0,1][2,2,1,1,0,1][1,1,3,3,0,1][1,1,3,3,0,1][0,0,1,1,1,1][1,1,0,0,1,1]
905 [2,2,1,1,1,0][2,2,1,1,1,0][1,1,3,3,0,1][1,1,3,3,0,1][0,0,1,1,1,1][1,1,0,0,1,1]
907 [2,2,0,1,1,1][2,2,1,0,1,1][0,1,3,3,1,1][1,0,3,3,1,1][1,1,1,1,1,1][1,1,1,1,1,1]
